-0.00125666  -0.000195676  0.00075611  6.73517e-05  0.158323  -0.178485  
-0.00172185  0.000749281  0.000646353  -0.0172098  0.1234  -0.00854091  
-0.000750029  0.000166064  0.000939596  0.00010776  0.178807  -0.0427537  
-0.00124565  -0.000123031  0.000751462  7.97879e-05  0.202477  -0.00852235  
-0.00124565  0.000200273  0.000646854  -0.00435311  0.121875  -0.00855397  
-0.00106383  0.00035334  0.000771096  0.0113179  0.178318  -0.00853873  
-0.000847512  0.000248606  0.000804493  0.00709994  0.163391  0.015995  
-0.00057488  0.000179302  0.000732298  0.00633992  0.122602  0.00376758  
-0.00109447  -0.000123031  0.000530772  0.0120664  0.177242  -0.008361  
-0.00103737  -0.000123031  0.000677384  8.53813e-05  0.138188  0.0132899  
-0.000728825  0.000236093  0.000815167  7.83796e-05  0.100585  0.0223105  
-0.000745354  7.0262e-05  0.000777273  7.97681e-05  0.165003  0.0239192  
-0.00044344  9.65593e-05  0.00059005  -0.00993855  0.157714  0.0606899  
-0.00095179  0.000118241  0.000595402  -0.0137362  0.0744153  0.0546121  
-0.000674693  0.000464717  0.000939596  -0.0122728  0.121335  0.0260842  
-0.000477891  0.000696464  0.000939596  -0.0245811  0.142404  0.0637761  
-0.000698936  0.000578037  0.000738142  -0.024571  0.102852  0.0750049  
-0.000429632  0.000477189  0.00075995  -0.0158877  0.111048  0.0369653  
-0.000434019  0.000182  0.00074582  -0.0198453  0.156242  0.036961  
-0.000752733  0.000317036  0.000579667  -0.0245307  0.0810751  0.0370065  
-0.000701469  0.000370962  0.000939596  -0.0147  0.133626  0.0180324  
-0.000812365  0.000458984  0.00062586  -0.0131274  0.173359  0.0180421  
-0.000878907  0.000479046  0.000710579  -0.00731818  0.117865  0.00598822  
-0.00062864  0.000757011  0.000783355  -0.00554518  0.164827  -0.000384526  
-0.000769603  0.000825935  0.000939596  -0.00532541  0.160066  0.0270654  
-0.00110286  0.000317036  0.000939596  0.0122894  0.102156  0.0164867  
-0.00112917  0.000317036  0.000939596  0.0203245  0.178474  0.0188819  
-0.00141847  0.000576  0.000939596  0.0173448  0.118359  0.0598072  
-0.0013199  0.000317036  0.000939596  0.0173562  0.163903  -0.0151379  
-0.0020266  4.28662e-05  0.000939596  0.0173619  0.154548  0.00302616  
-0.00187966  0.000317036  0.000698059  0.0173421  0.0824277  -0.00876638  
-0.00159915  -4.54097e-05  0.000638563  0.0173233  0.161137  0.00296211  
-0.00173429  0.000317036  0.000494475  0.0244959  0.100763  0.0413811  
-0.00165754  0.000317036  0.000570956  0.0240404  0.101253  0.0155916  
-0.000822902  0.000317036  0.000939596  0.0361869  0.115751  0.041976  
-0.00094903  0.000317036  0.00089584  0.0173581  0.0232085  0.015649  
-0.000566997  0.000317036  0.000742205  0.0333564  0.119938  0.0156309  
-0.000923479  0.000410817  0.000671373  0.0358037  0.150152  0.0335539  
-0.00110621  0.000317036  0.000652594  0.0382713  0.0822299  0.041296  
-0.000818548  0.000317036  0.000704219  0.0404204  0.126308  0.0246608  
-0.000609173  0.000317036  0.000704219  0.0362418  0.145503  0.0290861  
-0.00114634  0.000374941  0.000602801  0.0302726  0.0513425  0.0427441  
-0.00114634  0.000317036  0.000491338  0.028599  0.083631  0.00598293  
-0.000873775  0.000317036  0.00046307  0.0294554  0.129934  0.0255484  
-0.00114634  0.000317036  0.000295219  0.017177  0.072753  0.0361369  
-0.00101787  0.000317036  0.000406034  0.014583  0.0734183  0.0276446  
-0.000743431  0.000317036  0.000321019  -0.00773363  0.118421  0.0452909  
-0.000742729  0.000317036  0.000264272  -0.0147022  0.0597057  0.0926535  
-0.000797494  0.00042152  0.000291756  -0.01472  0.0718454  0.0516001  
-0.00070772  0.000317036  0.000388513  -0.0147294  0.107972  0.0602854  
-0.000608077  0.000236676  0.0002727  -0.0198799  0.0375177  0.0678543  
-0.000804542  0.000317036  0.000278098  -0.0147367  0.0720456  0.0602875  
-0.00114634  0.000317036  0.000242474  -0.0147323  0.100576  0.0314506  
-0.00114634  -6.11672e-05  0.000242474  -0.0211844  0.0629804  0.0901035  
-0.000997884  0.000317036  0.000242474  -0.0230382  0.0646857  0.0125502  
-0.00117461  2.03025e-05  0.000242474  -0.014718  0.101558  0.0324658  
-0.00115789  0.000153236  0.00050002  -0.00671946  0.0658102  0.0303594  
-0.000494436  0.000317036  0.000242474  -0.0147323  0.0883341  0.0124597  
-0.000331038  0.000317036  0.000459651  -0.00875803  0.108836  0.0307273  
-0.000321457  0.000317036  0.000242474  -0.00917579  0.0588229  0.0501452  
-0.000267587  0.000317036  0.000242474  0.00375025  0.0677028  0.0214213  
-0.000339941  0.000317036  0.000365753  -0.00451639  0.104488  0.0601813  
-0.000371631  0.000317036  0.000402008  -0.00691816  0.0234961  0.032156  
-0.000256423  -9.18368e-06  0.000242474  -0.00321929  0.0613796  0.000421851  
-0.000414417  4.43364e-05  0.000242474  0.00585291  0.0640923  0.0287478  
-0.000403603  3.3159e-05  0.000242474  0.00697734  0.0213626  0.0112137  
-0.000633744  0.000317036  0.000242474  0.00967824  0.0665753  0.0076269  
-0.000421982  0.000317036  0.000242474  0.0120789  0.0566142  0.0401371  
-0.000403712  4.67385e-05  0.000582655  0.0180174  0.0162918  0.0052809  
-0.000389988  0.000317036  0.00052949  0.0153872  0.0581677  0.0292042  
-0.000510883  0.00042411  0.000445267  0.0046447  0.0337601  0.0863323  
-0.0003575  0.000317036  0.000459926  -0.000591129  0.00872315  0.0503151  
-0.000399585  0.000499752  0.000459926  -0.0146824  0.0256667  0.0420467  
-0.000364323  3.354e-05  0.000459926  -0.0146605  2.13557e-05  0.0533858  
-0.00036476  0.000317036  0.000262264  -0.0146831  0.00869614  0.0420232  
-0.000756087  0.000317036  0.000459926  -0.0146748  0.0330477  0.0420374  
-0.0012618  3.68646e-05  0.000263351  -0.00606401  0.0330111  0.0744365  
-0.00130508  0.000317036  0.000459926  -0.0168922  -0.008164  0.0545387  
-0.00148267  0.000317036  0.000302704  -0.0146928  0.0353443  0.0272003  
-0.00192637  -0.000108237  0.000334288  -0.0146738  0.0432499  0.0465773  
-0.00078198  0.000317036  0.000333876  -0.0146819  -0.0154786  0.0351606  
-0.000515819  0.000567036  0.000459926  -0.0146881  0.0133283  0.0283813  
-0.00133916  -0.000291112  0.000459926  -0.0146482  0.0352924  0.0703882  
-0.00106989  0.000481716  0.000459926  -0.00476563  -0.0525093  0.0597728  
-0.000538886  0.000317036  0.000459926  -0.0146748  0.0185583  0.00119264  
-0.000295496  0.00038745  0.000459926  -0.0146765  0.0342641  0.0284483  
-0.000171074  0.000317036  0.000459926  -0.00357638  -0.0206993  0.00546686  
-0.00039657  0.000317036  0.000459926  -0.00077952  0.0100706  -0.0183704  
-0.000229258  0.000317036  0.000305607  0.00346744  -0.0125503  -0.000252265  
-0.000382612  0.000420001  0.000459926  0.00707687  -0.0166771  0.013405  
-0.000189921  0.000317036  0.000459926  -0.000117207  0.0334535  0.013412  
0.000144237  0.00068472  0.000134272  -0.00761149  -0.0175813  0.0682175  
0.000279001  0.000317036  0.000191934  -0.00159245  -0.0393258  0.0306303  
-9.92441e-05  0.000139876  4.37754e-05  0.000639552  0.0038973  -0.0100029  
2.02744e-05  0.000140191  4.37754e-05  -0.000782353  -0.0136594  0.0574035  
-0.000424859  0.00016842  4.37754e-05  -0.00321393  -0.0375277  0.0123833  
-0.00022028  0.000317036  4.37754e-05  -0.01045  0.0323342  0.000869457  
4.09799e-05  -8.18483e-05  4.37754e-05  -0.00988337  -0.0198589  0.041194  
0.000210268  -0.000211525  4.37754e-05  0.00137326  -0.0306939  -0.00258622  
-0.000506729  8.03867e-05  4.37754e-05  0.00576884  0.0201441  -0.0101539  
-0.000315118  9.29275e-05  4.37754e-05  -0.00324624  -0.0202966  0.0174848  
-0.000566571  0.000517368  4.37754e-05  -0.0012242  -0.0558103  -0.000966043  
-0.000104671  0.000437527  -2.15051e-05  -0.0146575  -0.0102003  -0.00101958  
-6.92895e-05  0.000338731  -0.000106611  -0.014653  -0.0205312  0.0505548  
-0.000506729  0.000433479  4.37754e-05  -0.0146423  -0.0635812  0.00470821  
-0.000627412  0.00020305  -1.92104e-05  -0.0146487  -0.00541579  -0.0177742  
-0.000211798  -1.21218e-05  -0.000426373  -0.0146575  -0.0426716  0.0753133  
-0.000541689  0.000291074  -0.000250196  -0.0146588  -0.0620238  0.00538139  
-5.35004e-05  0.00049534  -0.000251299  -0.0370573  -0.0270946  0.0256911  
-5.35004e-05  9.16698e-05  -0.000333344  -0.0442441  -0.0391925  0.0779668  
-0.000361763  -1.59509e-06  -0.000288393  -0.0359013  -0.0876069  0.0243928  
-0.000242673  0.0001575  -0.000228279  -0.0329567  -0.0277972  0.00879992  
-0.000355315  0.000110743  -0.000366608  -0.0422921  -0.0413213  0.0508816  
-0.000689819  0.000358565  -0.000228278  -0.0267891  -0.0729207  0.015879  
-0.00029042  0.000510844  -0.000228278  -0.0329721  -0.0237577  0.010625  
-0.00014469  0.000717347  -0.000228278  -0.0329946  -0.0688797  0.0741875  
-0.000689819  0.000271224  -0.000228278  -0.0329655  -0.0857593  0.0230855  
-0.000575703  0.000437437  -8.85785e-06  -0.0160571  -0.0142416  0.042774  
-0.000511745  0.000599487  -4.54013e-05  -0.0255531  -0.0679917  0.0978076  
-0.000242402  0.00042809  3.40897e-05  -0.0329759  -0.0557009  0.0255499  
-0.000281614  0.000544639  -0.000228278  -0.0235475  -0.0313898  0.0565853  
-0.000334905  0.000544639  -4.61537e-05  -0.0224028  -0.115974  0.0224953  
-0.000221657  0.000544639  0.00081126  -0.0173218  -0.0850684  0.0219524  
7.20287e-05  0.000772076  0.000936557  -0.00253729  -0.0516932  0.0286606  
-0.000480924  0.000490592  0.000859657  0.002929  -0.0710438  0.0783727  
-0.000325499  0.000156633  0.00101925  0.00534743  -0.0871193  0.0123808  
-0.000264945  0.000317088  0.000529173  -0.00891433  -0.0100966  0.0123719  
-0.000204092  0.000391565  0.000561535  -0.00488215  -0.0709664  0.061545  
-0.000102777  0.000181726  0.000481373  -0.00963718  -0.0824441  0.020886  
-0.000226213  0.000109565  0.000309677  -0.000194533  -0.0439892  0.0304322  
-6.92326e-05  0.000800272  0.000254396  -0.00544926  -0.0944316  0.117439  
0.000141691  0.000537073  0.000406134  -0.00117436  -0.107595  0.044967  
0.000134768  0.000244782  0.000372017  0.00528198  -0.0711105  0.0672565  
-0.000169032  0.000900083  0.000219975  0.00521564  -0.122724  0.10873  
-0.000689819  0.000800599  0.000502593  -0.00608725  -0.102902  0.0390434  
-0.000472607  0.000685163  0.000157141  -0.0136065  -0.0564436  0.0390176  
-0.000286191  0.000443109  0.000196938  -0.0210246  -0.103701  0.0877352  
-0.000232294  0.000497393  0.000228675  -0.0136031  -0.0785419  0.0415688  
-0.000157124  0.000684063  -2.78219e-05  -0.029938  -0.0678098  0.0583454  
-6.08489e-05  0.000564311  -1.10566e-05  -0.0317665  -0.148874  0.0583551  
-0.000232294  0.000471738  0.000183973  -0.0373526  -0.112293  0.0321161  
-0.000238268  0.000795212  0.000232124  -0.0323267  -0.0673904  0.0502557  
0.000110066  0.000581071  -1.91212e-08  -0.037366  -0.140516  0.0575841  
-0.000482081  0.000679261  0.000218967  -0.0287062  -0.0885269  -0.00306222  
-0.000450778  2.30072e-06  0.000210566  -0.0246596  -0.0589914  0.0180103  
-0.000286656  0.000429837  0.000294029  -0.0245509  -0.123422  0.0185288  
-4.07245e-05  0.000901123  0.000268752  -0.0241891  -0.0605341  0.0305955  
0.000179963  0.000901123  0.000178077  -0.0373765  -0.0809385  0.0677831  
0.000101824  0.000512234  0.000104373  -0.0217044  -0.134934  0.0300693  
-4.1626e-05  0.000750741  6.22079e-05  -0.0243026  -0.095571  0.0354346  
-0.00023361  0.000512234  9.32768e-06  -0.0285737  -0.131702  0.061851  
2.22575e-05  0.000469234  -9.5899e-05  -0.0279307  -0.131688  0.0237432  
-0.000152932  0.00049133  3.17675e-05  -0.0351418  -0.0940327  0.0535946  
-7.5114e-05  0.000426332  -1.57066e-05  -0.0373311  -0.16082  0.058558  
0.000441263  0.000494233  4.21581e-06  -0.037338  -0.142233  0.0491428  
0.000581641  0.000494234  4.21581e-06  -0.0271477  -0.11003  0.077663  
-0.000125291  0.000494233  4.21581e-06  -0.0297189  -0.189457  0.0807597  
-5.12037e-05  0.000304412  4.21581e-06  -0.0373262  -0.142144  0.0529422  
-0.000395148  0.000494233  4.21581e-06  -0.037338  -0.113317  0.0788471  
-0.000339929  0.000494233  4.21581e-06  -0.037338  -0.1709  0.119271  
-0.000188804  0.000494233  4.21581e-06  -0.037338  -0.16922  0.0400075  
0.000213977  0.000607092  4.21581e-06  -0.0373428  -0.131344  0.0468508  
0.000421515  0.000494233  4.21581e-06  -0.0136675  -0.171299  0.0728172  
-0.000278543  0.000494233  4.21581e-06  -0.0214226  -0.200197  0.0268915  
9.54838e-06  0.000494233  4.21581e-06  -0.0231891  -0.134381  0.0327766  
-0.000203134  0.000675079  4.21581e-06  -0.019764  -0.166342  0.115015  
-4.52565e-05  0.000790436  0.000131735  -0.0156421  -0.166329  0.0601844  
4.3425e-05  0.000933398  4.21581e-06  -0.0303274  -0.124041  0.0656248  
8.18634e-05  0.00117605  4.21581e-06  -0.0373931  -0.158154  0.112316  
0.000325442  0.00114947  4.21581e-06  -0.0288768  -0.173828  0.0740724  
0.000180315  0.00113359  -0.000224613  -0.0281998  -0.144141  0.0795383  
7.86544e-05  0.00113293  -0.000278033  -0.0213003  -0.183966  0.114314  
-5.55119e-05  0.00113821  -0.000433143  -0.021196  -0.183964  0.0918979  
-0.000218629  0.000956771  -0.000433143  -0.0233683  -0.144708  0.079027  
-0.000186579  0.00139658  0.000104025  -0.0232156  -0.177324  0.126592  
0.000172302  0.00148556  0.000104025  -0.0205218  -0.232444  0.100729  
0.000232137  0.00120894  0.000104025  -0.0170826  -0.161255  0.0923854  
-0.000289322  0.00148556  0.000180792  -0.0188809  -0.199508  0.157493  
-0.000654263  0.00099263  0.000477344  -0.0238143  -0.205204  0.0817046  
-0.000449727  0.00106496  0.000251633  -0.016857  -0.130385  0.0827738  
-0.000392973  0.000789193  0.000104025  -0.0373176  -0.175406  0.12831  
-0.000392973  0.000789193  0.000104025  -0.0329637  -0.190931  0.0803775  
-9.69215e-05  0.00121996  0.000104025  -0.0352667  -0.158466  0.128833  
-0.000170875  0.000989479  -2.58382e-05  -0.0347338  -0.2321  0.154526  
0.00019063  0.00103919  0.000104025  -0.0262438  -0.192073  0.106488  
5.05807e-05  0.00105824  0.000314824  -0.019128  -0.214235  0.185062  
