0.5 1.044032e+04 1.044440e+04 1.047656e+04 1.047248e+04
1.5 1.047585e+04 1.046336e+04 1.048620e+04 1.049870e+04
2.5 1.055423e+04 1.050654e+04 1.049358e+04 1.054127e+04
3.5 1.053513e+04 1.054015e+04 1.048974e+04 1.048472e+04
4.5 1.061783e+04 1.055338e+04 1.048180e+04 1.054625e+04
5.5 1.050717e+04 1.055484e+04 1.047611e+04 1.042845e+04
6.5 1.045740e+04 1.055142e+04 1.047324e+04 1.037922e+04
7.5 1.051955e+04 1.054655e+04 1.047219e+04 1.044519e+04
8.5 1.057164e+04 1.053923e+04 1.046944e+04 1.050185e+04
9.5 1.045886e+04 1.051572e+04 1.046024e+04 1.040338e+04
10.5 1.052675e+04 1.046925e+04 1.045346e+04 1.051096e+04
11.5 1.041011e+04 1.043337e+04 1.045777e+04 1.043451e+04
12.5 1.030599e+04 1.041836e+04 1.046599e+04 1.035361e+04
13.5 1.031253e+04 1.041536e+04 1.047182e+04 1.036899e+04
14.5 1.031828e+04 1.041737e+04 1.047478e+04 1.037568e+04
15.5 1.030305e+04 1.042096e+04 1.047590e+04 1.035800e+04
16.5 1.030148e+04 1.042706e+04 1.047869e+04 1.035311e+04
17.5 1.050209e+04 1.044942e+04 1.048793e+04 1.054059e+04
18.5 1.050879e+04 1.049480e+04 1.049474e+04 1.050873e+04
19.5 1.046850e+04 1.052966e+04 1.049046e+04 1.042930e+04
20.5 1.060688e+04 1.054369e+04 1.048227e+04 1.054545e+04
21.5 1.040282e+04 1.054577e+04 1.047646e+04 1.033351e+04
22.5 1.053396e+04 1.054287e+04 1.047352e+04 1.046461e+04
23.5 1.052518e+04 1.053846e+04 1.047243e+04 1.045916e+04
24.5 1.052778e+04 1.053156e+04 1.046966e+04 1.046588e+04
25.5 1.061287e+04 1.050845e+04 1.046045e+04 1.056486e+04
0.5 1.030148e+04 1.042706e+04 1.047869e+04 1.035311e+04
1.5 1.050209e+04 1.044942e+04 1.048793e+04 1.054059e+04
2.5 1.050879e+04 1.049480e+04 1.049474e+04 1.050873e+04
3.5 1.046850e+04 1.052966e+04 1.049046e+04 1.042930e+04
4.5 1.060688e+04 1.054369e+04 1.048227e+04 1.054545e+04
5.5 1.040282e+04 1.054577e+04 1.047646e+04 1.033351e+04
6.5 1.053396e+04 1.054287e+04 1.047352e+04 1.046461e+04
7.5 1.052518e+04 1.053846e+04 1.047243e+04 1.045916e+04
8.5 1.052778e+04 1.053156e+04 1.046966e+04 1.046588e+04
9.5 1.061287e+04 1.050845e+04 1.046045e+04 1.056486e+04
10.5 1.051206e+04 1.046236e+04 1.045366e+04 1.050336e+04
11.5 1.036389e+04 1.042684e+04 1.045796e+04 1.039501e+04
12.5 1.040866e+04 1.041218e+04 1.046617e+04 1.046265e+04
13.5 1.048573e+04 1.040952e+04 1.047200e+04 1.054821e+04
14.5 1.043068e+04 1.041186e+04 1.047495e+04 1.049378e+04
15.5 1.046319e+04 1.041576e+04 1.047607e+04 1.052350e+04
16.5 1.053696e+04 1.042217e+04 1.047885e+04 1.059363e+04
17.5 1.050695e+04 1.044483e+04 1.048808e+04 1.055020e+04
18.5 1.048545e+04 1.049049e+04 1.049489e+04 1.048985e+04
19.5 1.053406e+04 1.052562e+04 1.049060e+04 1.049905e+04
20.5 1.049325e+04 1.053991e+04 1.048241e+04 1.043575e+04
21.5 1.057540e+04 1.054222e+04 1.047659e+04 1.050976e+04
22.5 1.062008e+04 1.053956e+04 1.047364e+04 1.055416e+04
23.5 1.053000e+04 1.053535e+04 1.047254e+04 1.046719e+04
24.5 1.062052e+04 1.052865e+04 1.046977e+04 1.056163e+04
25.5 1.058106e+04 1.050573e+04 1.046055e+04 1.053587e+04
0.5 1.053696e+04 1.042217e+04 1.047885e+04 1.059363e+04
1.5 1.050695e+04 1.044483e+04 1.048808e+04 1.055020e+04
2.5 1.048545e+04 1.049049e+04 1.049489e+04 1.048985e+04
3.5 1.053406e+04 1.052562e+04 1.049060e+04 1.049905e+04
4.5 1.049325e+04 1.053991e+04 1.048241e+04 1.043575e+04
5.5 1.057540e+04 1.054222e+04 1.047659e+04 1.050976e+04
6.5 1.062008e+04 1.053956e+04 1.047364e+04 1.055416e+04
7.5 1.053000e+04 1.053535e+04 1.047254e+04 1.046719e+04
8.5 1.062052e+04 1.052865e+04 1.046977e+04 1.056163e+04
9.5 1.058106e+04 1.050573e+04 1.046055e+04 1.053587e+04
10.5 1.048231e+04 1.045982e+04 1.045375e+04 1.047624e+04
11.5 1.059821e+04 1.042446e+04 1.045805e+04 1.063180e+04
12.5 1.055509e+04 1.040996e+04 1.046625e+04 1.061138e+04
13.5 1.041996e+04 1.040745e+04 1.047208e+04 1.048459e+04
14.5 1.045423e+04 1.040993e+04 1.047503e+04 1.051932e+04
15.5 1.037342e+04 1.041397e+04 1.047613e+04 1.043558e+04
16.5 1.038804e+04 1.042050e+04 1.047891e+04 1.044645e+04
17.5 1.052995e+04 1.044326e+04 1.048814e+04 1.057482e+04
18.5 1.055168e+04 1.048903e+04 1.049494e+04 1.055759e+04
19.5 1.051559e+04 1.052425e+04 1.049065e+04 1.048199e+04
20.5 1.041222e+04 1.053862e+04 1.048245e+04 1.035605e+04
21.5 1.042679e+04 1.054101e+04 1.047663e+04 1.036241e+04
22.5 1.049115e+04 1.053842e+04 1.047368e+04 1.042641e+04
23.5 1.042186e+04 1.053428e+04 1.047258e+04 1.036016e+04
24.5 1.054694e+04 1.052765e+04 1.046980e+04 1.048909e+04
25.5 1.044968e+04 1.050480e+04 1.046058e+04 1.040546e+04
0.5 1.038804e+04 1.042050e+04 1.047891e+04 1.044645e+04
1.5 1.052995e+04 1.044326e+04 1.048814e+04 1.057482e+04
2.5 1.055168e+04 1.048903e+04 1.049494e+04 1.055759e+04
3.5 1.051559e+04 1.052425e+04 1.049065e+04 1.048199e+04
4.5 1.041222e+04 1.053862e+04 1.048245e+04 1.035605e+04
5.5 1.042679e+04 1.054101e+04 1.047663e+04 1.036241e+04
6.5 1.049115e+04 1.053842e+04 1.047368e+04 1.042641e+04
7.5 1.042186e+04 1.053428e+04 1.047258e+04 1.036016e+04
8.5 1.054694e+04 1.052765e+04 1.046980e+04 1.048909e+04
9.5 1.044968e+04 1.050480e+04 1.046058e+04 1.040546e+04
10.5 1.038249e+04 1.045894e+04 1.045378e+04 1.037733e+04
11.5 1.038627e+04 1.042365e+04 1.045808e+04 1.042070e+04
12.5 1.033352e+04 1.040920e+04 1.046628e+04 1.039060e+04
13.5 1.042080e+04 1.040673e+04 1.047210e+04 1.048617e+04
14.5 1.036446e+04 1.040925e+04 1.047505e+04 1.043026e+04
15.5 1.043369e+04 1.041332e+04 1.047615e+04 1.049652e+04
16.5 1.040809e+04 1.041988e+04 1.047893e+04 1.046714e+04
17.5 1.041208e+04 1.044266e+04 1.048815e+04 1.045757e+04
18.5 1.056690e+04 1.048843e+04 1.049495e+04 1.057342e+04
19.5 1.044520e+04 1.052366e+04 1.049065e+04 1.041220e+04
20.5 1.049174e+04 1.053803e+04 1.048245e+04 1.043616e+04
21.5 1.047453e+04 1.054042e+04 1.047663e+04 1.041074e+04
22.5 1.051862e+04 1.053782e+04 1.047368e+04 1.045448e+04
23.5 1.061712e+04 1.053368e+04 1.047258e+04 1.055602e+04
24.5 1.045230e+04 1.052703e+04 1.046980e+04 1.039506e+04
25.5 1.058913e+04 1.050416e+04 1.046057e+04 1.054554e+04
0.5 1.040809e+04 1.041988e+04 1.047893e+04 1.046714e+04
1.5 1.041208e+04 1.044266e+04 1.048815e+04 1.045757e+04
2.5 1.056690e+04 1.048843e+04 1.049495e+04 1.057342e+04
3.5 1.044520e+04 1.052366e+04 1.049065e+04 1.041220e+04
4.5 1.049174e+04 1.053803e+04 1.048245e+04 1.043616e+04
5.5 1.047453e+04 1.054042e+04 1.047663e+04 1.041074e+04
6.5 1.051862e+04 1.053782e+04 1.047368e+04 1.045448e+04
7.5 1.061712e+04 1.053368e+04 1.047258e+04 1.055602e+04
8.5 1.045230e+04 1.052703e+04 1.046980e+04 1.039506e+04
9.5 1.058913e+04 1.050416e+04 1.046057e+04 1.054554e+04
10.5 1.045183e+04 1.045829e+04 1.045377e+04 1.044732e+04
11.5 1.039775e+04 1.042297e+04 1.045807e+04 1.043285e+04
12.5 1.044078e+04 1.040849e+04 1.046626e+04 1.049856e+04
13.5 1.051865e+04 1.040599e+04 1.047209e+04 1.058475e+04
14.5 1.040958e+04 1.040849e+04 1.047503e+04 1.047613e+04
15.5 1.037643e+04 1.041252e+04 1.047613e+04 1.044005e+04
16.5 1.033394e+04 1.041904e+04 1.047891e+04 1.039381e+04
17.5 1.057969e+04 1.044178e+04 1.048813e+04 1.062604e+04
18.5 1.051108e+04 1.048751e+04 1.049492e+04 1.051850e+04
19.5 1.060143e+04 1.052268e+04 1.049062e+04 1.056938e+04
20.5 1.048440e+04 1.053699e+04 1.048242e+04 1.042983e+04
21.5 1.053319e+04 1.053931e+04 1.047659e+04 1.047048e+04
22.5 1.048219e+04 1.053662e+04 1.047364e+04 1.041921e+04
23.5 1.050888e+04 1.053239e+04 1.047253e+04 1.044902e+04
24.5 1.052845e+04 1.052565e+04 1.046975e+04 1.047255e+04
25.5 1.049750e+04 1.050267e+04 1.046052e+04 1.045534e+04
0.5 1.033394e+04 1.041904e+04 1.047891e+04 1.039381e+04
1.5 1.057969e+04 1.044178e+04 1.048813e+04 1.062604e+04
2.5 1.051108e+04 1.048751e+04 1.049492e+04 1.051850e+04
3.5 1.060143e+04 1.052268e+04 1.049062e+04 1.056938e+04
4.5 1.048440e+04 1.053699e+04 1.048242e+04 1.042983e+04
5.5 1.053319e+04 1.053931e+04 1.047659e+04 1.047048e+04
6.5 1.048219e+04 1.053662e+04 1.047364e+04 1.041921e+04
7.5 1.050888e+04 1.053239e+04 1.047253e+04 1.044902e+04
8.5 1.052845e+04 1.052565e+04 1.046975e+04 1.047255e+04
9.5 1.049750e+04 1.050267e+04 1.046052e+04 1.045534e+04
10.5 1.053940e+04 1.045669e+04 1.045371e+04 1.053643e+04
11.5 1.033382e+04 1.042125e+04 1.045801e+04 1.037057e+04
12.5 1.039701e+04 1.040665e+04 1.046620e+04 1.045656e+04
13.5 1.041519e+04 1.040402e+04 1.047202e+04 1.048319e+04
14.5 1.033706e+04 1.040636e+04 1.047496e+04 1.040565e+04
15.5 1.040493e+04 1.041023e+04 1.047605e+04 1.047075e+04
16.5 1.030236e+04 1.041658e+04 1.047882e+04 1.036460e+04
17.5 1.049089e+04 1.043913e+04 1.048803e+04 1.053978e+04
18.5 1.050231e+04 1.048467e+04 1.049482e+04 1.051246e+04
19.5 1.061596e+04 1.051963e+04 1.049051e+04 1.058684e+04
20.5 1.052292e+04 1.053373e+04 1.048230e+04 1.047150e+04
21.5 1.056809e+04 1.053583e+04 1.047647e+04 1.050874e+04
22.5 1.055570e+04 1.053292e+04 1.047352e+04 1.049630e+04
23.5 1.057958e+04 1.052845e+04 1.047241e+04 1.052353e+04
24.5 1.050234e+04 1.052148e+04 1.046962e+04 1.045048e+04
25.5 1.054177e+04 1.049825e+04 1.046039e+04 1.050391e+04
0.5 1.030236e+04 1.041658e+04 1.047882e+04 1.036460e+04
1.5 1.049089e+04 1.043913e+04 1.048803e+04 1.053978e+04
2.5 1.050231e+04 1.048467e+04 1.049482e+04 1.051246e+04
3.5 1.061596e+04 1.051963e+04 1.049051e+04 1.058684e+04
4.5 1.052292e+04 1.053373e+04 1.048230e+04 1.047150e+04
5.5 1.056809e+04 1.053583e+04 1.047647e+04 1.050874e+04
6.5 1.055570e+04 1.053292e+04 1.047352e+04 1.049630e+04
7.5 1.057958e+04 1.052845e+04 1.047241e+04 1.052353e+04
8.5 1.050234e+04 1.052148e+04 1.046962e+04 1.045048e+04
9.5 1.054177e+04 1.049825e+04 1.046039e+04 1.050391e+04
10.5 1.039924e+04 1.045201e+04 1.045358e+04 1.040081e+04
11.5 1.054266e+04 1.041629e+04 1.045786e+04 1.058423e+04
12.5 1.043723e+04 1.040139e+04 1.046604e+04 1.050188e+04
13.5 1.046614e+04 1.039844e+04 1.047185e+04 1.053955e+04
14.5 1.024769e+04 1.040043e+04 1.047477e+04 1.032202e+04
15.5 1.022204e+04 1.040391e+04 1.047585e+04 1.029398e+04
16.5 1.028838e+04 1.040984e+04 1.047860e+04 1.035714e+04
17.5 1.035666e+04 1.043196e+04 1.048780e+04 1.041250e+04
18.5 1.050645e+04 1.047704e+04 1.049458e+04 1.052400e+04
19.5 1.051788e+04 1.051152e+04 1.049026e+04 1.049662e+04
20.5 1.045134e+04 1.052512e+04 1.048205e+04 1.040827e+04
21.5 1.046266e+04 1.052671e+04 1.047621e+04 1.041216e+04
22.5 1.050819e+04 1.052332e+04 1.047326e+04 1.045813e+04
23.5 1.051751e+04 1.051837e+04 1.047216e+04 1.047129e+04
24.5 1.072382e+04 1.051091e+04 1.046937e+04 1.068228e+04
0.5 1.028838e+04 1.040984e+04 1.047860e+04 1.035714e+04
1.5 1.035666e+04 1.043196e+04 1.048780e+04 1.041250e+04
2.5 1.050645e+04 1.047704e+04 1.049458e+04 1.052400e+04
3.5 1.051788e+04 1.051152e+04 1.049026e+04 1.049662e+04
4.5 1.045134e+04 1.052512e+04 1.048205e+04 1.040827e+04
5.5 1.046266e+04 1.052671e+04 1.047621e+04 1.041216e+04
6.5 1.050819e+04 1.052332e+04 1.047326e+04 1.045813e+04
7.5 1.051751e+04 1.051837e+04 1.047216e+04 1.047129e+04
8.5 1.072382e+04 1.051091e+04 1.046937e+04 1.068228e+04
