0.5 1.170545e+03 1.087051e+03 1.087470e+03 1.170964e+03
1.5 1.131578e+03 1.074041e+03 1.087663e+03 1.145200e+03
2.5 9.520416e+02 1.062935e+03 1.088333e+03 9.774402e+02
3.5 1.113697e+03 1.064346e+03 1.089030e+03 1.138382e+03
4.5 9.839327e+02 1.071176e+03 1.089432e+03 1.002189e+03
5.5 1.154568e+03 1.079291e+03 1.089578e+03 1.164855e+03
6.5 1.070889e+03 1.092751e+03 1.089397e+03 1.067535e+03
7.5 1.040937e+03 1.103072e+03 1.088678e+03 1.026542e+03
8.5 1.091901e+03 1.100238e+03 1.087919e+03 1.079583e+03
9.5 1.160872e+03 1.091769e+03 1.087468e+03 1.156570e+03
10.5 1.134642e+03 1.085022e+03 1.087289e+03 1.136909e+03
11.5 1.093078e+03 1.081076e+03 1.087265e+03 1.099267e+03
12.5 1.002338e+03 1.079124e+03 1.087312e+03 1.010526e+03
13.5 1.071323e+03 1.078391e+03 1.087377e+03 1.080310e+03
14.5 1.154054e+03 1.078273e+03 1.087434e+03 1.163215e+03
15.5 1.007539e+03 1.078888e+03 1.087473e+03 1.016124e+03
16.5 1.024208e+03 1.087422e+03 1.087496e+03 1.024282e+03
17.5 1.098909e+03 1.112429e+03 1.087509e+03 1.073988e+03
18.5 1.259940e+03 1.136209e+03 1.087516e+03 1.211247e+03
19.5 1.076308e+03 1.148673e+03 1.087519e+03 1.015154e+03
20.5 1.254229e+03 1.151959e+03 1.087521e+03 1.189791e+03
21.5 1.066555e+03 1.142842e+03 1.087523e+03 1.011236e+03
22.5 1.084138e+03 1.115360e+03 1.087524e+03 1.056301e+03
0.5 1.005100e+03 1.071741e+03 1.087484e+03 1.020843e+03
1.5 1.004173e+03 1.061568e+03 1.087669e+03 1.030274e+03
2.5 1.138703e+03 1.052403e+03 1.088332e+03 1.174631e+03
3.5 1.092369e+03 1.055154e+03 1.089020e+03 1.126235e+03
4.5 9.015352e+02 1.062982e+03 1.089413e+03 9.279660e+02
5.5 1.054559e+03 1.071918e+03 1.089551e+03 1.072191e+03
6.5 1.083730e+03 1.086114e+03 1.089361e+03 1.086977e+03
7.5 1.228012e+03 1.097123e+03 1.088632e+03 1.219522e+03
8.5 1.085336e+03 1.094950e+03 1.087865e+03 1.078251e+03
9.5 1.002879e+03 1.087124e+03 1.087405e+03 1.003159e+03
10.5 1.055800e+03 1.081002e+03 1.087216e+03 1.062014e+03
11.5 1.101182e+03 1.077664e+03 1.087182e+03 1.110699e+03
12.5 1.072317e+03 1.076306e+03 1.087219e+03 1.083230e+03
13.5 1.241481e+03 1.076150e+03 1.087275e+03 1.252605e+03
14.5 9.772056e+02 1.076595e+03 1.087321e+03 9.879321e+02
15.5 1.092218e+03 1.077757e+03 1.087350e+03 1.101812e+03
16.5 1.065056e+03 1.086822e+03 1.087363e+03 1.065597e+03
17.5 1.151650e+03 1.112348e+03 1.087365e+03 1.126667e+03
18.5 1.080891e+03 1.136631e+03 1.087360e+03 1.031620e+03
19.5 1.074299e+03 1.149566e+03 1.087353e+03 1.012085e+03
20.5 1.082067e+03 1.153315e+03 1.087343e+03 1.016095e+03
21.5 1.237433e+03 1.144670e+03 1.087333e+03 1.180095e+03
22.5 1.049376e+03 1.117662e+03 1.087322e+03 1.019035e+03
0.5 1.004872e+03 1.077465e+03 1.087211e+03 1.014618e+03
1.5 1.223389e+03 1.067553e+03 1.087383e+03 1.243218e+03
2.5 1.032830e+03 1.058672e+03 1.088032e+03 1.062190e+03
3.5 1.036710e+03 1.061728e+03 1.088705e+03 1.063687e+03
4.5 1.198179e+03 1.069943e+03 1.089081e+03 1.217317e+03
5.5 1.086987e+03 1.087969e+03 1.089200e+03 1.088217e+03
