0.5 1.004745e+04 9.909201e+03 9.930274e+03 1.006852e+04
1.5 9.913320e+03 9.910699e+03 9.920070e+03 9.922691e+03
2.5 9.817590e+03 9.892209e+03 9.882980e+03 9.808361e+03
3.5 9.864152e+03 9.864195e+03 9.844406e+03 9.844363e+03
4.5 9.917010e+03 9.844011e+03 9.822412e+03 9.895411e+03
5.5 9.831401e+03 9.832892e+03 9.814727e+03 9.813236e+03
6.5 9.967924e+03 9.830846e+03 9.825410e+03 9.962488e+03
7.5 9.847678e+03 9.851843e+03 9.866297e+03 9.862132e+03
8.5 9.765384e+03 9.883319e+03 9.909340e+03 9.791404e+03
9.5 9.798255e+03 9.906701e+03 9.935113e+03 9.826668e+03
10.5 9.982705e+03 9.918309e+03 9.945566e+03 1.000996e+04
11.5 9.883139e+03 9.921941e+03 9.947259e+03 9.908457e+03
12.5 9.875722e+03 9.921448e+03 9.944961e+03 9.899236e+03
13.5 9.912931e+03 9.919374e+03 9.941586e+03 9.935143e+03
14.5 1.001781e+04 9.917211e+03 9.938669e+03 1.003926e+04
15.5 9.933592e+03 9.917551e+03 9.936625e+03 9.952666e+03
16.5 1.003140e+04 9.916649e+03 9.924877e+03 1.003962e+04
17.5 9.941735e+03 9.896716e+03 9.886841e+03 9.931860e+03
18.5 9.796206e+03 9.867781e+03 9.847658e+03 9.776082e+03
19.5 9.734393e+03 9.846932e+03 9.825222e+03 9.712684e+03
20.5 9.755124e+03 9.835260e+03 9.817174e+03 9.737038e+03
21.5 9.923855e+03 9.832712e+03 9.827530e+03 9.918673e+03
22.5 9.788559e+03 9.853231e+03 9.868110e+03 9.803438e+03
0.5 9.933592e+03 9.917551e+03 9.936625e+03 9.952666e+03
1.5 1.003140e+04 9.916649e+03 9.924877e+03 1.003962e+04
2.5 9.941735e+03 9.896716e+03 9.886841e+03 9.931860e+03
3.5 9.796206e+03 9.867781e+03 9.847658e+03 9.776082e+03
4.5 9.734393e+03 9.846932e+03 9.825222e+03 9.712684e+03
5.5 9.755124e+03 9.835260e+03 9.817174e+03 9.737038e+03
6.5 9.923855e+03 9.832712e+03 9.827530e+03 9.918673e+03
7.5 9.788559e+03 9.853231e+03 9.868110e+03 9.803438e+03
8.5 9.967671e+03 9.884244e+03 9.910857e+03 9.994284e+03
9.5 9.946833e+03 9.907174e+03 9.936346e+03 9.976006e+03
10.5 9.909608e+03 9.918339e+03 9.946524e+03 9.937793e+03
11.5 1.000524e+04 9.921540e+03 9.947952e+03 1.003165e+04
12.5 9.830071e+03 9.920624e+03 9.945397e+03 9.854845e+03
13.5 9.960608e+03 9.918137e+03 9.941775e+03 9.984246e+03
14.5 9.850560e+03 9.915581e+03 9.938621e+03 9.873601e+03
15.5 1.002366e+04 9.916770e+03 9.936432e+03 1.004332e+04
16.5 9.978794e+03 9.937505e+03 9.935115e+03 9.976404e+03
17.5 9.938829e+03 9.984063e+03 9.934379e+03 9.889146e+03
18.5 9.931632e+03 1.001962e+04 9.933962e+03 9.845976e+03
19.5 1.013582e+04 1.003333e+04 9.933697e+03 1.003619e+04
20.5 1.017384e+04 1.003161e+04 9.933494e+03 1.007573e+04
21.5 1.008123e+04 1.000602e+04 9.933311e+03 1.000853e+04
22.5 9.937293e+03 9.953649e+03 9.933131e+03 9.916775e+03
0.5 9.865413e+03 9.904832e+03 9.931390e+03 9.891971e+03
1.5 9.857224e+03 9.905093e+03 9.920503e+03 9.872634e+03
2.5 9.803968e+03 9.885374e+03 9.882749e+03 9.801343e+03
3.5 9.991055e+03 9.856137e+03 9.843529e+03 9.978448e+03
4.5 9.852593e+03 9.834753e+03 9.820907e+03 9.838747e+03
5.5 9.768748e+03 9.822422e+03 9.812603e+03 9.758929e+03
6.5 9.841111e+03 9.819146e+03 9.822681e+03 9.844646e+03
7.5 9.863327e+03 9.838901e+03 9.862977e+03 9.887403e+03
8.5 9.787767e+03 9.869123e+03 9.905442e+03 9.824086e+03
9.5 9.989455e+03 9.891247e+03 9.930649e+03 1.002886e+04
10.5 9.808297e+03 9.901594e+03 9.940546e+03 9.847249e+03
11.5 1.002240e+04 9.903958e+03 9.941692e+03 1.006013e+04
12.5 9.870661e+03 9.902181e+03 9.938853e+03 9.907333e+03
13.5 1.001458e+04 9.898803e+03 9.934945e+03 1.005072e+04
14.5 9.884533e+03 9.895319e+03 9.931498e+03 9.920711e+03
15.5 9.985363e+03 9.895540e+03 9.929010e+03 1.001883e+04
16.5 9.923873e+03 9.915261e+03 9.927384e+03 9.935996e+03
17.5 9.958587e+03 9.960735e+03 9.926329e+03 9.924182e+03
18.5 1.005751e+04 9.995107e+03 9.925582e+03 9.987982e+03
19.5 9.938971e+03 1.000748e+04 9.924972e+03 9.856465e+03
20.5 9.991120e+03 9.997541e+03 9.924407e+03 9.917987e+03
