0.5 9.836157e+03 9.851641e+03 9.834164e+03 9.818679e+03
1.5 9.814235e+03 9.865052e+03 9.848150e+03 9.797333e+03
2.5 9.891644e+03 9.874192e+03 9.858716e+03 9.876168e+03
3.5 9.878322e+03 9.867038e+03 9.853062e+03 9.864345e+03
4.5 9.944199e+03 9.854508e+03 9.841555e+03 9.931247e+03
5.5 9.888294e+03 9.845666e+03 9.833329e+03 9.875957e+03
6.5 9.897717e+03 9.841105e+03 9.829165e+03 9.885776e+03
7.5 9.887678e+03 9.839285e+03 9.827653e+03 9.876046e+03
8.5 9.876229e+03 9.838970e+03 9.827635e+03 9.864895e+03
9.5 9.876239e+03 9.839309e+03 9.828245e+03 9.865175e+03
10.5 9.826145e+03 9.842552e+03 9.825013e+03 9.808606e+03
11.5 9.835769e+03 9.841366e+03 9.811637e+03 9.806040e+03
12.5 9.769784e+03 9.807748e+03 9.801469e+03 9.763506e+03
13.5 9.734600e+03 9.760261e+03 9.807350e+03 9.781689e+03
14.5 9.745080e+03 9.726613e+03 9.819006e+03 9.837473e+03
15.5 9.718308e+03 9.708244e+03 9.831264e+03 9.841329e+03
16.5 9.644551e+03 9.705755e+03 9.849412e+03 9.788208e+03
17.5 9.690814e+03 9.741173e+03 9.861467e+03 9.811109e+03
18.5 9.805710e+03 9.792186e+03 9.855807e+03 9.869330e+03
19.5 9.774767e+03 9.829023e+03 9.843649e+03 9.789393e+03
20.5 9.766292e+03 9.846620e+03 9.834680e+03 9.754352e+03
21.5 9.779392e+03 9.851439e+03 9.829945e+03 9.757899e+03
22.5 9.813677e+03 9.849756e+03 9.828080e+03 9.792001e+03
23.5 9.886485e+03 9.845690e+03 9.827873e+03 9.868668e+03
24.5 9.838085e+03 9.841607e+03 9.828393e+03 9.824870e+03
25.5 9.849929e+03 9.838937e+03 9.825121e+03 9.836113e+03
26.5 9.873146e+03 9.842409e+03 9.811733e+03 9.842471e+03
27.5 9.903246e+03 9.856633e+03 9.801566e+03 9.848179e+03
0.5 9.718308e+03 9.708244e+03 9.831264e+03 9.841329e+03
1.5 9.644551e+03 9.705755e+03 9.849412e+03 9.788208e+03
2.5 9.690814e+03 9.741173e+03 9.861467e+03 9.811109e+03
3.5 9.805710e+03 9.792186e+03 9.855807e+03 9.869330e+03
4.5 9.774767e+03 9.829023e+03 9.843649e+03 9.789393e+03
5.5 9.766292e+03 9.846620e+03 9.834680e+03 9.754352e+03
6.5 9.779392e+03 9.851439e+03 9.829945e+03 9.757899e+03
7.5 9.813677e+03 9.849756e+03 9.828080e+03 9.792001e+03
8.5 9.886485e+03 9.845690e+03 9.827873e+03 9.868668e+03
9.5 9.838085e+03 9.841607e+03 9.828393e+03 9.824870e+03
10.5 9.849929e+03 9.838937e+03 9.825121e+03 9.836113e+03
11.5 9.873146e+03 9.842409e+03 9.811733e+03 9.842471e+03
12.5 9.903246e+03 9.856633e+03 9.801566e+03 9.848179e+03
13.5 9.855516e+03 9.870286e+03 9.807447e+03 9.792677e+03
14.5 9.871372e+03 9.877268e+03 9.819099e+03 9.813203e+03
15.5 9.888782e+03 9.878837e+03 9.831351e+03 9.841296e+03
16.5 9.892943e+03 9.872846e+03 9.849485e+03 9.869583e+03
17.5 9.930395e+03 9.855947e+03 9.861529e+03 9.935978e+03
18.5 9.854160e+03 9.840024e+03 9.855866e+03 9.870002e+03
19.5 9.795818e+03 9.831374e+03 9.843704e+03 9.808149e+03
20.5 9.738957e+03 9.828275e+03 9.834733e+03 9.745414e+03
21.5 9.784628e+03 9.828113e+03 9.829996e+03 9.786510e+03
22.5 9.835773e+03 9.829203e+03 9.828128e+03 9.834698e+03
23.5 9.820986e+03 9.830550e+03 9.827919e+03 9.818355e+03
24.5 9.751227e+03 9.831663e+03 9.828437e+03 9.748000e+03
25.5 9.743963e+03 9.832837e+03 9.825164e+03 9.736290e+03
26.5 9.827635e+03 9.838754e+03 9.811775e+03 9.800656e+03
27.5 9.980380e+03 9.854413e+03 9.801607e+03 9.927574e+03
0.5 9.888782e+03 9.878837e+03 9.831351e+03 9.841296e+03
1.5 9.892943e+03 9.872846e+03 9.849485e+03 9.869583e+03
2.5 9.930395e+03 9.855947e+03 9.861529e+03 9.935978e+03
3.5 9.854160e+03 9.840024e+03 9.855866e+03 9.870002e+03
4.5 9.795818e+03 9.831374e+03 9.843704e+03 9.808149e+03
5.5 9.738957e+03 9.828275e+03 9.834733e+03 9.745414e+03
6.5 9.784628e+03 9.828113e+03 9.829996e+03 9.786510e+03
7.5 9.835773e+03 9.829203e+03 9.828128e+03 9.834698e+03
8.5 9.820986e+03 9.830550e+03 9.827919e+03 9.818355e+03
9.5 9.751227e+03 9.831663e+03 9.828437e+03 9.748000e+03
10.5 9.743963e+03 9.832837e+03 9.825164e+03 9.736290e+03
11.5 9.827635e+03 9.838754e+03 9.811775e+03 9.800656e+03
12.5 9.980380e+03 9.854413e+03 9.801607e+03 9.927574e+03
13.5 9.939830e+03 9.868910e+03 9.807487e+03 9.878407e+03
14.5 9.846186e+03 9.876435e+03 9.819139e+03 9.788890e+03
15.5 9.762819e+03 9.878411e+03 9.831391e+03 9.715799e+03
16.5 9.773375e+03 9.872769e+03 9.849525e+03 9.750131e+03
17.5 9.919193e+03 9.856195e+03 9.861569e+03 9.924567e+03
18.5 9.876595e+03 9.840588e+03 9.855906e+03 9.891914e+03
19.5 9.903408e+03 9.832247e+03 9.843746e+03 9.914907e+03
20.5 9.790417e+03 9.829454e+03 9.834775e+03 9.795738e+03
21.5 9.729653e+03 9.829595e+03 9.830039e+03 9.730097e+03
22.5 9.840873e+03 9.830983e+03 9.828172e+03 9.838063e+03
23.5 9.825742e+03 9.832624e+03 9.827966e+03 9.821083e+03
24.5 9.915395e+03 9.834047e+03 9.828485e+03 9.909833e+03
25.5 9.823917e+03 9.837941e+03 9.825215e+03 9.811191e+03
26.5 9.804832e+03 9.837300e+03 9.811828e+03 9.779361e+03
27.5 9.801024e+03 9.804288e+03 9.801662e+03 9.798399e+03
0.5 9.762819e+03 9.878411e+03 9.831391e+03 9.715799e+03
1.5 9.773375e+03 9.872769e+03 9.849525e+03 9.750131e+03
2.5 9.919193e+03 9.856195e+03 9.861569e+03 9.924567e+03
3.5 9.876595e+03 9.840588e+03 9.855906e+03 9.891914e+03
4.5 9.903408e+03 9.832247e+03 9.843746e+03 9.914907e+03
5.5 9.790417e+03 9.829454e+03 9.834775e+03 9.795738e+03
6.5 9.729653e+03 9.829595e+03 9.830039e+03 9.730097e+03
7.5 9.840873e+03 9.830983e+03 9.828172e+03 9.838063e+03
8.5 9.825742e+03 9.832624e+03 9.827966e+03 9.821083e+03
9.5 9.915395e+03 9.834047e+03 9.828485e+03 9.909833e+03
10.5 9.823917e+03 9.837941e+03 9.825215e+03 9.811191e+03
11.5 9.804832e+03 9.837300e+03 9.811828e+03 9.779361e+03
12.5 9.801024e+03 9.804288e+03 9.801662e+03 9.798399e+03
13.5 9.718939e+03 9.757505e+03 9.807545e+03 9.768979e+03
14.5 9.660183e+03 9.724635e+03 9.819200e+03 9.754748e+03
15.5 9.705856e+03 9.707087e+03 9.831455e+03 9.830224e+03
16.5 9.760143e+03 9.705442e+03 9.849593e+03 9.904294e+03
17.5 9.775474e+03 9.741686e+03 9.861641e+03 9.895429e+03
18.5 9.769101e+03 9.793533e+03 9.855982e+03 9.831550e+03
19.5 9.803966e+03 9.831213e+03 9.843825e+03 9.816578e+03
20.5 9.914188e+03 9.849661e+03 9.834859e+03 9.899386e+03
21.5 9.861602e+03 9.855336e+03 9.830128e+03 9.836394e+03
22.5 9.896966e+03 9.854516e+03 9.828267e+03 9.870716e+03
23.5 9.789293e+03 9.851318e+03 9.828066e+03 9.766041e+03
24.5 9.815245e+03 9.848109e+03 9.828591e+03 9.795727e+03
25.5 9.873252e+03 9.846317e+03 9.825326e+03 9.852261e+03
26.5 9.768977e+03 9.850673e+03 9.811946e+03 9.730250e+03
27.5 9.845571e+03 9.865788e+03 9.801787e+03 9.781570e+03
0.5 9.705856e+03 9.707087e+03 9.831455e+03 9.830224e+03
1.5 9.760143e+03 9.705442e+03 9.849593e+03 9.904294e+03
2.5 9.775474e+03 9.741686e+03 9.861641e+03 9.895429e+03
3.5 9.769101e+03 9.793533e+03 9.855982e+03 9.831550e+03
4.5 9.803966e+03 9.831213e+03 9.843825e+03 9.816578e+03
5.5 9.914188e+03 9.849661e+03 9.834859e+03 9.899386e+03
6.5 9.861602e+03 9.855336e+03 9.830128e+03 9.836394e+03
7.5 9.896966e+03 9.854516e+03 9.828267e+03 9.870716e+03
8.5 9.789293e+03 9.851318e+03 9.828066e+03 9.766041e+03
9.5 9.815245e+03 9.848109e+03 9.828591e+03 9.795727e+03
10.5 9.873252e+03 9.846317e+03 9.825326e+03 9.852261e+03
11.5 9.768977e+03 9.850673e+03 9.811946e+03 9.730250e+03
12.5 9.845571e+03 9.865788e+03 9.801787e+03 9.781570e+03
13.5 9.867129e+03 9.880339e+03 9.807677e+03 9.794467e+03
14.5 9.890527e+03 9.888236e+03 9.819347e+03 9.821638e+03
15.5 9.888033e+03 9.890735e+03 9.831618e+03 9.828916e+03
16.5 9.829592e+03 9.885678e+03 9.849766e+03 9.793680e+03
17.5 9.854876e+03 9.869721e+03 9.861819e+03 9.846974e+03
18.5 9.898292e+03 9.854751e+03 9.856160e+03 9.899701e+03
19.5 9.843269e+03 9.847073e+03 9.844004e+03 9.840201e+03
20.5 9.925172e+03 9.844969e+03 9.835043e+03 9.915246e+03
21.5 9.826279e+03 9.845828e+03 9.830319e+03 9.810769e+03
22.5 9.874817e+03 9.847966e+03 9.828468e+03 9.855318e+03
23.5 9.825050e+03 9.850392e+03 9.828279e+03 9.802936e+03
24.5 9.860748e+03 9.852636e+03 9.828816e+03 9.836928e+03
25.5 9.864825e+03 9.857389e+03 9.825565e+03 9.833001e+03
26.5 9.887035e+03 9.857647e+03 9.812201e+03 9.841589e+03
27.5 9.857459e+03 9.825581e+03 9.802072e+03 9.833951e+03
0.5 9.888033e+03 9.890735e+03 9.831618e+03 9.828916e+03
1.5 9.829592e+03 9.885678e+03 9.849766e+03 9.793680e+03
2.5 9.854876e+03 9.869721e+03 9.861819e+03 9.846974e+03
3.5 9.898292e+03 9.854751e+03 9.856160e+03 9.899701e+03
4.5 9.843269e+03 9.847073e+03 9.844004e+03 9.840201e+03
5.5 9.925172e+03 9.844969e+03 9.835043e+03 9.915246e+03
6.5 9.826279e+03 9.845828e+03 9.830319e+03 9.810769e+03
7.5 9.874817e+03 9.847966e+03 9.828468e+03 9.855318e+03
8.5 9.825050e+03 9.850392e+03 9.828279e+03 9.802936e+03
9.5 9.860748e+03 9.852636e+03 9.828816e+03 9.836928e+03
10.5 9.864825e+03 9.857389e+03 9.825565e+03 9.833001e+03
11.5 9.887035e+03 9.857647e+03 9.812201e+03 9.841589e+03
12.5 9.857459e+03 9.825581e+03 9.802072e+03 9.833951e+03
13.5 9.824532e+03 9.779823e+03 9.808006e+03 9.852715e+03
14.5 9.782628e+03 9.748050e+03 9.819679e+03 9.854256e+03
15.5 9.726740e+03 9.727764e+03 9.828006e+03 9.826981e+03
