0.5 1.170545e+03 1.087051e+03 1.076934e+03 1.160427e+03
1.5 1.131578e+03 1.074041e+03 1.035995e+03 1.093533e+03
2.5 9.520416e+02 1.062935e+03 1.006095e+03 8.952021e+02
3.5 1.113697e+03 1.064346e+03 1.024229e+03 1.073580e+03
4.5 9.839327e+02 1.071176e+03 1.059194e+03 9.719508e+02
5.5 1.154568e+03 1.079291e+03 1.095618e+03 1.170895e+03
6.5 1.070889e+03 1.092751e+03 1.148930e+03 1.127068e+03
7.5 1.040937e+03 1.103072e+03 1.183229e+03 1.121093e+03
8.5 1.091901e+03 1.100238e+03 1.165036e+03 1.156699e+03
9.5 1.160872e+03 1.091769e+03 1.128197e+03 1.197299e+03
10.5 1.134642e+03 1.085022e+03 1.101313e+03 1.150934e+03
11.5 1.093078e+03 1.081076e+03 1.087254e+03 1.099256e+03
12.5 1.002338e+03 1.079124e+03 1.081821e+03 1.005036e+03
13.5 1.071323e+03 1.078391e+03 1.081337e+03 1.074270e+03
14.5 1.154054e+03 1.078273e+03 1.083079e+03 1.158860e+03
15.5 1.007539e+03 1.078888e+03 1.085230e+03 1.013881e+03
16.5 1.024208e+03 1.087422e+03 1.086924e+03 1.023710e+03
17.5 1.098909e+03 1.112429e+03 1.087988e+03 1.074467e+03
18.5 1.259940e+03 1.136209e+03 1.088565e+03 1.212296e+03
19.5 1.076308e+03 1.148673e+03 1.088852e+03 1.016487e+03
20.5 1.254229e+03 1.151959e+03 1.088990e+03 1.191260e+03
21.5 1.066555e+03 1.142842e+03 1.089061e+03 1.012775e+03
22.5 1.084138e+03 1.115360e+03 1.089106e+03 1.057883e+03
0.5 1.005100e+03 1.071741e+03 1.077827e+03 1.011186e+03
1.5 1.004173e+03 1.061568e+03 1.036940e+03 9.795455e+02
2.5 1.138703e+03 1.052403e+03 1.007094e+03 1.093393e+03
3.5 1.092369e+03 1.055154e+03 1.025265e+03 1.062480e+03
4.5 9.015352e+02 1.062982e+03 1.060249e+03 8.988019e+02
5.5 1.054559e+03 1.071918e+03 1.096677e+03 1.079317e+03
6.5 1.083730e+03 1.086114e+03 1.149965e+03 1.147581e+03
7.5 1.228012e+03 1.097123e+03 1.184246e+03 1.315135e+03
8.5 1.085336e+03 1.094950e+03 1.166061e+03 1.156446e+03
9.5 1.002879e+03 1.087124e+03 1.129228e+03 1.044982e+03
10.5 1.055800e+03 1.081002e+03 1.102348e+03 1.077147e+03
11.5 1.101182e+03 1.077664e+03 1.088292e+03 1.111809e+03
12.5 1.072317e+03 1.076306e+03 1.082862e+03 1.078873e+03
13.5 1.241481e+03 1.076150e+03 1.082379e+03 1.247710e+03
14.5 9.772056e+02 1.076595e+03 1.084122e+03 9.847333e+02
15.5 1.092218e+03 1.077757e+03 1.086275e+03 1.100737e+03
16.5 1.065056e+03 1.086822e+03 1.087972e+03 1.066206e+03
17.5 1.151650e+03 1.112348e+03 1.089039e+03 1.128341e+03
18.5 1.080891e+03 1.136631e+03 1.089621e+03 1.033881e+03
19.5 1.074299e+03 1.149566e+03 1.089916e+03 1.014648e+03
20.5 1.082067e+03 1.153315e+03 1.090065e+03 1.018817e+03
21.5 1.237433e+03 1.144670e+03 1.090148e+03 1.182911e+03
22.5 1.049376e+03 1.117662e+03 1.090207e+03 1.021920e+03
0.5 1.004872e+03 1.077465e+03 1.078835e+03 1.006242e+03
1.5 1.223389e+03 1.067553e+03 1.038015e+03 1.193850e+03
2.5 1.032830e+03 1.058672e+03 1.008280e+03 9.824376e+02
3.5 1.036710e+03 1.061728e+03 1.026603e+03 1.001586e+03
4.5 1.198179e+03 1.069943e+03 1.061739e+03 1.189975e+03
5.5 1.086987e+03 1.087969e+03 1.098295e+03 1.097312e+03
