0.5 1.032442e+03 1.076010e+03 1.081383e+03 1.037815e+03
1.5 1.058521e+03 1.045408e+03 1.082373e+03 1.095486e+03
2.5 9.832578e+02 1.024961e+03 1.085967e+03 1.044264e+03
3.5 1.059007e+03 1.040453e+03 1.089708e+03 1.108262e+03
4.5 1.128923e+03 1.067242e+03 1.091847e+03 1.153528e+03
5.5 1.119704e+03 1.085402e+03 1.092611e+03 1.126913e+03
6.5 1.167278e+03 1.093842e+03 1.092619e+03 1.166055e+03
7.5 9.928489e+02 1.096117e+03 1.092303e+03 9.890346e+02
8.5 1.097681e+03 1.095043e+03 1.091918e+03 1.094556e+03
9.5 1.053103e+03 1.092575e+03 1.091596e+03 1.052124e+03
10.5 1.170545e+03 1.087051e+03 1.091368e+03 1.174861e+03
11.5 1.131578e+03 1.074041e+03 1.090207e+03 1.147744e+03
12.5 9.520416e+02 1.062935e+03 1.086506e+03 9.756131e+02
13.5 1.113697e+03 1.064346e+03 1.082696e+03 1.132048e+03
14.5 9.839327e+02 1.071176e+03 1.080508e+03 9.932654e+02
15.5 1.154568e+03 1.079291e+03 1.079715e+03 1.154991e+03
16.5 1.070889e+03 1.092751e+03 1.080704e+03 1.058842e+03
17.5 1.040937e+03 1.103072e+03 1.084620e+03 1.022484e+03
18.5 1.091901e+03 1.100238e+03 1.088748e+03 1.080412e+03
19.5 1.160872e+03 1.091769e+03 1.091210e+03 1.160312e+03
20.5 1.134642e+03 1.085022e+03 1.092193e+03 1.141813e+03
21.5 1.093078e+03 1.081076e+03 1.092331e+03 1.104333e+03
22.5 1.002338e+03 1.079124e+03 1.092086e+03 1.015300e+03
23.5 1.071323e+03 1.078391e+03 1.091740e+03 1.084672e+03
24.5 1.154054e+03 1.078273e+03 1.091440e+03 1.167222e+03
25.5 1.007539e+03 1.078888e+03 1.091227e+03 1.019879e+03
26.5 1.024208e+03 1.087422e+03 1.090079e+03 1.026865e+03
27.5 1.098909e+03 1.112429e+03 1.086390e+03 1.072869e+03
0.5 1.154568e+03 1.079291e+03 1.079715e+03 1.154991e+03
1.5 1.070889e+03 1.092751e+03 1.080704e+03 1.058842e+03
2.5 1.040937e+03 1.103072e+03 1.084620e+03 1.022484e+03
3.5 1.091901e+03 1.100238e+03 1.088748e+03 1.080412e+03
4.5 1.160872e+03 1.091769e+03 1.091210e+03 1.160312e+03
5.5 1.134642e+03 1.085022e+03 1.092193e+03 1.141813e+03
6.5 1.093078e+03 1.081076e+03 1.092331e+03 1.104333e+03
7.5 1.002338e+03 1.079124e+03 1.092086e+03 1.015300e+03
8.5 1.071323e+03 1.078391e+03 1.091740e+03 1.084672e+03
9.5 1.154054e+03 1.078273e+03 1.091440e+03 1.167222e+03
10.5 1.007539e+03 1.078888e+03 1.091227e+03 1.019879e+03
11.5 1.024208e+03 1.087422e+03 1.090079e+03 1.026865e+03
12.5 1.098909e+03 1.112429e+03 1.086390e+03 1.072869e+03
13.5 1.259940e+03 1.136209e+03 1.082593e+03 1.206324e+03
14.5 1.076308e+03 1.148673e+03 1.080417e+03 1.008052e+03
15.5 1.254229e+03 1.151959e+03 1.079635e+03 1.181905e+03
16.5 1.066555e+03 1.142842e+03 1.080635e+03 1.004348e+03
17.5 1.084138e+03 1.115360e+03 1.084559e+03 1.053336e+03
18.5 1.137530e+03 1.088772e+03 1.088695e+03 1.137453e+03
19.5 1.214338e+03 1.073956e+03 1.091164e+03 1.231546e+03
20.5 1.104016e+03 1.068444e+03 1.092154e+03 1.127726e+03
21.5 9.879796e+02 1.067944e+03 1.092299e+03 1.012334e+03
22.5 1.195905e+03 1.069611e+03 1.092060e+03 1.218355e+03
23.5 1.111132e+03 1.071750e+03 1.091720e+03 1.131102e+03
24.5 1.070277e+03 1.073510e+03 1.091426e+03 1.088193e+03
25.5 1.001125e+03 1.075203e+03 1.091219e+03 1.017142e+03
26.5 1.042077e+03 1.084336e+03 1.090076e+03 1.047817e+03
27.5 1.106229e+03 1.109717e+03 1.086393e+03 1.082904e+03
0.5 1.254229e+03 1.151959e+03 1.079635e+03 1.181905e+03
1.5 1.066555e+03 1.142842e+03 1.080635e+03 1.004348e+03
2.5 1.084138e+03 1.115360e+03 1.084559e+03 1.053336e+03
3.5 1.137530e+03 1.088772e+03 1.088695e+03 1.137453e+03
4.5 1.214338e+03 1.073956e+03 1.091164e+03 1.231546e+03
5.5 1.104016e+03 1.068444e+03 1.092154e+03 1.127726e+03
6.5 9.879796e+02 1.067944e+03 1.092299e+03 1.012334e+03
7.5 1.195905e+03 1.069611e+03 1.092060e+03 1.218355e+03
8.5 1.111132e+03 1.071750e+03 1.091720e+03 1.131102e+03
9.5 1.070277e+03 1.073510e+03 1.091426e+03 1.088193e+03
10.5 1.001125e+03 1.075203e+03 1.091219e+03 1.017142e+03
11.5 1.042077e+03 1.084336e+03 1.090076e+03 1.047817e+03
12.5 1.106229e+03 1.109717e+03 1.086393e+03 1.082904e+03
13.5 1.193439e+03 1.133781e+03 1.082600e+03 1.142259e+03
14.5 1.201764e+03 1.146499e+03 1.080430e+03 1.135695e+03
15.5 1.175591e+03 1.150027e+03 1.079653e+03 1.105217e+03
16.5 1.038855e+03 1.141145e+03 1.080658e+03 9.783672e+02
17.5 1.179644e+03 1.113893e+03 1.084588e+03 1.150338e+03
18.5 9.841540e+02 1.087527e+03 1.088729e+03 9.853562e+02
19.5 1.033237e+03 1.072926e+03 1.091203e+03 1.051514e+03
20.5 1.176723e+03 1.067621e+03 1.092198e+03 1.201300e+03
21.5 1.037623e+03 1.067323e+03 1.092349e+03 1.062649e+03
22.5 1.041634e+03 1.069182e+03 1.092116e+03 1.064568e+03
23.5 9.523241e+02 1.071508e+03 1.091782e+03 9.725979e+02
24.5 1.026288e+03 1.073419e+03 1.091494e+03 1.044363e+03
25.5 1.005100e+03 1.071741e+03 1.091294e+03 1.024653e+03
26.5 1.004173e+03 1.061568e+03 1.090157e+03 1.032763e+03
27.5 1.138703e+03 1.052403e+03 1.086481e+03 1.172781e+03
0.5 1.175591e+03 1.150027e+03 1.079653e+03 1.105217e+03
1.5 1.038855e+03 1.141145e+03 1.080658e+03 9.783672e+02
2.5 1.179644e+03 1.113893e+03 1.084588e+03 1.150338e+03
3.5 9.841540e+02 1.087527e+03 1.088729e+03 9.853562e+02
4.5 1.033237e+03 1.072926e+03 1.091203e+03 1.051514e+03
5.5 1.176723e+03 1.067621e+03 1.092198e+03 1.201300e+03
6.5 1.037623e+03 1.067323e+03 1.092349e+03 1.062649e+03
7.5 1.041634e+03 1.069182e+03 1.092116e+03 1.064568e+03
8.5 9.523241e+02 1.071508e+03 1.091782e+03 9.725979e+02
9.5 1.026288e+03 1.073419e+03 1.091494e+03 1.044363e+03
10.5 1.005100e+03 1.071741e+03 1.091294e+03 1.024653e+03
11.5 1.004173e+03 1.061568e+03 1.090157e+03 1.032763e+03
12.5 1.138703e+03 1.052403e+03 1.086481e+03 1.172781e+03
13.5 1.092369e+03 1.055154e+03 1.082696e+03 1.119911e+03
14.5 9.015352e+02 1.062982e+03 1.080534e+03 9.190868e+02
15.5 1.054559e+03 1.071918e+03 1.079765e+03 1.062406e+03
16.5 1.083730e+03 1.086114e+03 1.080779e+03 1.078395e+03
17.5 1.228012e+03 1.097123e+03 1.084718e+03 1.215607e+03
18.5 1.085336e+03 1.094950e+03 1.088869e+03 1.079254e+03
19.5 1.002879e+03 1.087124e+03 1.091353e+03 1.007108e+03
20.5 1.055800e+03 1.081002e+03 1.092359e+03 1.067158e+03
21.5 1.101182e+03 1.077664e+03 1.092521e+03 1.116038e+03
22.5 1.072317e+03 1.076306e+03 1.092301e+03 1.088312e+03
23.5 1.241481e+03 1.076150e+03 1.091979e+03 1.257310e+03
24.5 9.772056e+02 1.076595e+03 1.091705e+03 9.923164e+02
25.5 1.092218e+03 1.077757e+03 1.091519e+03 1.105981e+03
26.5 1.065056e+03 1.086822e+03 1.090398e+03 1.068632e+03
27.5 1.151650e+03 1.112348e+03 1.086738e+03 1.126040e+03
0.5 1.054559e+03 1.071918e+03 1.079765e+03 1.062406e+03
1.5 1.083730e+03 1.086114e+03 1.080779e+03 1.078395e+03
2.5 1.228012e+03 1.097123e+03 1.084718e+03 1.215607e+03
3.5 1.085336e+03 1.094950e+03 1.088869e+03 1.079254e+03
4.5 1.002879e+03 1.087124e+03 1.091353e+03 1.007108e+03
5.5 1.055800e+03 1.081002e+03 1.092359e+03 1.067158e+03
6.5 1.101182e+03 1.077664e+03 1.092521e+03 1.116038e+03
7.5 1.072317e+03 1.076306e+03 1.092301e+03 1.088312e+03
8.5 1.241481e+03 1.076150e+03 1.091979e+03 1.257310e+03
9.5 9.772056e+02 1.076595e+03 1.091705e+03 9.923164e+02
10.5 1.092218e+03 1.077757e+03 1.091519e+03 1.105981e+03
11.5 1.065056e+03 1.086822e+03 1.090398e+03 1.068632e+03
12.5 1.151650e+03 1.112348e+03 1.086738e+03 1.126040e+03
13.5 1.080891e+03 1.136631e+03 1.082971e+03 1.027230e+03
14.5 1.074299e+03 1.149566e+03 1.080826e+03 1.005559e+03
15.5 1.082067e+03 1.153315e+03 1.080078e+03 1.008830e+03
16.5 1.237433e+03 1.144670e+03 1.081114e+03 1.173877e+03
17.5 1.049376e+03 1.117662e+03 1.085077e+03 1.016790e+03
18.5 1.158694e+03 1.091549e+03 1.089252e+03 1.156397e+03
19.5 9.942670e+02 1.077200e+03 1.091760e+03 1.008827e+03
20.5 1.108214e+03 1.072138e+03 1.092790e+03 1.128865e+03
21.5 1.030058e+03 1.072078e+03 1.092977e+03 1.050957e+03
22.5 9.733879e+02 1.074174e+03 1.092782e+03 9.919961e+02
23.5 1.093795e+03 1.076738e+03 1.092488e+03 1.109545e+03
24.5 1.137636e+03 1.078893e+03 1.092244e+03 1.150988e+03
25.5 1.004872e+03 1.077465e+03 1.092089e+03 1.019496e+03
26.5 1.223389e+03 1.067553e+03 1.091000e+03 1.246836e+03
27.5 1.032830e+03 1.058672e+03 1.087376e+03 1.061534e+03
0.5 1.082067e+03 1.153315e+03 1.080078e+03 1.008830e+03
1.5 1.237433e+03 1.144670e+03 1.081114e+03 1.173877e+03
2.5 1.049376e+03 1.117662e+03 1.085077e+03 1.016790e+03
3.5 1.158694e+03 1.091549e+03 1.089252e+03 1.156397e+03
4.5 9.942670e+02 1.077200e+03 1.091760e+03 1.008827e+03
5.5 1.108214e+03 1.072138e+03 1.092790e+03 1.128865e+03
6.5 1.030058e+03 1.072078e+03 1.092977e+03 1.050957e+03
7.5 9.733879e+02 1.074174e+03 1.092782e+03 9.919961e+02
8.5 1.093795e+03 1.076738e+03 1.092488e+03 1.109545e+03
9.5 1.137636e+03 1.078893e+03 1.092244e+03 1.150988e+03
10.5 1.004872e+03 1.077465e+03 1.092089e+03 1.019496e+03
11.5 1.223389e+03 1.067553e+03 1.091000e+03 1.246836e+03
12.5 1.032830e+03 1.058672e+03 1.087376e+03 1.061534e+03
13.5 1.036710e+03 1.061728e+03 1.083649e+03 1.058631e+03
14.5 1.198179e+03 1.069943e+03 1.081551e+03 1.209787e+03
15.5 1.086987e+03 1.087969e+03 1.080845e+03 1.079862e+03
