0.5 7.778473e+03 7.835108e+03 7.905173e+03 7.848538e+03
1.5 7.930532e+03 7.855429e+03 7.907624e+03 7.982728e+03
2.5 7.934456e+03 7.878043e+03 7.916528e+03 7.972941e+03
3.5 7.813042e+03 7.880908e+03 7.925797e+03 7.857931e+03
4.5 7.688615e+03 7.872611e+03 7.931098e+03 7.747101e+03
5.5 7.774419e+03 7.865085e+03 7.932990e+03 7.842324e+03
6.5 7.921084e+03 7.860822e+03 7.933010e+03 7.993272e+03
7.5 7.888225e+03 7.859117e+03 7.932226e+03 7.961334e+03
8.5 7.962890e+03 7.859151e+03 7.931273e+03 8.035011e+03
9.5 7.818838e+03 7.860456e+03 7.930475e+03 7.888858e+03
10.5 8.034336e+03 7.895034e+03 7.929910e+03 8.069212e+03
11.5 8.196692e+03 8.056934e+03 7.927034e+03 8.066792e+03
12.5 8.411619e+03 8.304829e+03 7.917865e+03 8.024655e+03
13.5 8.299679e+03 8.425101e+03 7.908426e+03 7.783004e+03
14.5 8.475737e+03 8.426180e+03 7.903006e+03 7.952563e+03
15.5 8.298819e+03 8.360806e+03 7.901040e+03 7.839053e+03
16.5 8.222338e+03 8.168312e+03 7.903490e+03 7.957516e+03
17.5 7.922025e+03 7.897240e+03 7.913193e+03 7.937978e+03
18.5 7.819046e+03 7.762996e+03 7.923420e+03 7.979470e+03
19.5 7.763404e+03 7.755701e+03 7.929518e+03 7.937222e+03
20.5 7.709065e+03 7.787147e+03 7.931953e+03 7.853871e+03
21.5 7.669681e+03 7.820804e+03 7.932296e+03 7.781172e+03
22.5 7.678479e+03 7.847638e+03 7.931689e+03 7.762531e+03
23.5 7.744974e+03 7.865220e+03 7.930831e+03 7.810584e+03
24.5 7.850229e+03 7.874475e+03 7.930089e+03 7.905843e+03
25.5 8.001489e+03 7.878600e+03 7.929562e+03 8.052451e+03
26.5 8.052890e+03 7.874267e+03 7.926716e+03 8.105339e+03
27.5 7.767573e+03 7.851553e+03 7.917578e+03 7.833597e+03
0.5 8.298819e+03 8.360806e+03 7.901040e+03 7.839053e+03
1.5 8.222338e+03 8.168312e+03 7.903490e+03 7.957516e+03
2.5 7.922025e+03 7.897240e+03 7.913193e+03 7.937978e+03
3.5 7.819046e+03 7.762996e+03 7.923420e+03 7.979470e+03
4.5 7.763404e+03 7.755701e+03 7.929518e+03 7.937222e+03
5.5 7.709065e+03 7.787147e+03 7.931953e+03 7.853871e+03
6.5 7.669681e+03 7.820804e+03 7.932296e+03 7.781172e+03
7.5 7.678479e+03 7.847638e+03 7.931689e+03 7.762531e+03
8.5 7.744974e+03 7.865220e+03 7.930831e+03 7.810584e+03
9.5 7.850229e+03 7.874475e+03 7.930089e+03 7.905843e+03
10.5 8.001489e+03 7.878600e+03 7.929562e+03 8.052451e+03
11.5 8.052890e+03 7.874267e+03 7.926716e+03 8.105339e+03
12.5 7.767573e+03 7.851553e+03 7.917578e+03 7.833597e+03
13.5 7.795423e+03 7.826284e+03 7.908170e+03 7.877309e+03
14.5 7.858763e+03 7.811160e+03 7.902780e+03 7.950383e+03
15.5 7.863759e+03 7.805197e+03 7.900842e+03 7.959404e+03
16.5 7.895352e+03 7.810469e+03 7.903319e+03 7.988201e+03
17.5 7.906547e+03 7.835616e+03 7.913042e+03 7.983972e+03
18.5 7.792375e+03 7.863732e+03 7.923288e+03 7.851931e+03
19.5 7.869645e+03 7.881346e+03 7.929405e+03 7.917703e+03
20.5 7.897715e+03 7.888810e+03 7.931856e+03 7.940762e+03
21.5 7.949708e+03 7.890223e+03 7.932215e+03 7.991701e+03
22.5 8.051240e+03 7.888763e+03 7.931624e+03 8.094101e+03
23.5 7.986594e+03 7.886409e+03 7.930781e+03 8.030966e+03
24.5 7.839768e+03 7.884228e+03 7.930054e+03 7.885593e+03
25.5 7.929878e+03 7.882901e+03 7.929541e+03 7.976518e+03
26.5 7.963673e+03 7.876240e+03 7.926709e+03 8.014142e+03
27.5 7.943894e+03 7.852399e+03 7.917584e+03 8.009078e+03
0.5 7.863759e+03 7.805197e+03 7.900842e+03 7.959404e+03
1.5 7.895352e+03 7.810469e+03 7.903319e+03 7.988201e+03
2.5 7.906547e+03 7.835616e+03 7.913042e+03 7.983972e+03
3.5 7.792375e+03 7.863732e+03 7.923288e+03 7.851931e+03
4.5 7.869645e+03 7.881346e+03 7.929405e+03 7.917703e+03
5.5 7.897715e+03 7.888810e+03 7.931856e+03 7.940762e+03
6.5 7.949708e+03 7.890223e+03 7.932215e+03 7.991701e+03
7.5 8.051240e+03 7.888763e+03 7.931624e+03 8.094101e+03
8.5 7.986594e+03 7.886409e+03 7.930781e+03 8.030966e+03
9.5 7.839768e+03 7.884228e+03 7.930054e+03 7.885593e+03
10.5 7.929878e+03 7.882901e+03 7.929541e+03 7.976518e+03
11.5 7.963673e+03 7.876240e+03 7.926709e+03 8.014142e+03
12.5 7.943894e+03 7.852399e+03 7.917584e+03 8.009078e+03
13.5 7.788899e+03 7.826295e+03 7.908189e+03 7.870793e+03
14.5 7.735608e+03 7.810330e+03 7.902812e+03 7.828090e+03
15.5 7.720877e+03 7.803469e+03 7.900887e+03 7.818295e+03
16.5 7.742217e+03 7.807799e+03 7.903377e+03 7.837794e+03
17.5 7.837188e+03 7.831987e+03 7.913112e+03 7.918314e+03
18.5 8.010601e+03 7.859140e+03 7.923372e+03 8.074833e+03
19.5 7.848240e+03 7.875791e+03 7.929502e+03 7.901951e+03
20.5 7.849022e+03 7.882295e+03 7.931967e+03 7.898694e+03
21.5 7.824268e+03 7.882757e+03 7.932340e+03 7.873851e+03
22.5 7.812875e+03 7.880355e+03 7.931763e+03 7.864284e+03
23.5 7.804811e+03 7.877067e+03 7.930935e+03 7.858679e+03
24.5 7.747114e+03 7.874214e+03 7.930223e+03 7.803123e+03
25.5 8.036289e+03 7.904770e+03 7.929726e+03 8.061246e+03
26.5 8.174011e+03 8.063071e+03 7.926911e+03 8.037850e+03
27.5 8.420613e+03 8.307736e+03 7.917803e+03 8.030681e+03
0.5 7.720877e+03 7.803469e+03 7.900887e+03 7.818295e+03
1.5 7.742217e+03 7.807799e+03 7.903377e+03 7.837794e+03
2.5 7.837188e+03 7.831987e+03 7.913112e+03 7.918314e+03
3.5 8.010601e+03 7.859140e+03 7.923372e+03 8.074833e+03
4.5 7.848240e+03 7.875791e+03 7.929502e+03 7.901951e+03
5.5 7.849022e+03 7.882295e+03 7.931967e+03 7.898694e+03
6.5 7.824268e+03 7.882757e+03 7.932340e+03 7.873851e+03
7.5 7.812875e+03 7.880355e+03 7.931763e+03 7.864284e+03
8.5 7.804811e+03 7.877067e+03 7.930935e+03 7.858679e+03
9.5 7.747114e+03 7.874214e+03 7.930223e+03 7.803123e+03
10.5 8.036289e+03 7.904770e+03 7.929726e+03 8.061246e+03
11.5 8.174011e+03 8.063071e+03 7.926911e+03 8.037850e+03
12.5 8.420613e+03 8.307736e+03 7.917803e+03 8.030681e+03
13.5 8.206207e+03 8.425048e+03 7.908427e+03 7.689586e+03
14.5 8.546018e+03 8.423332e+03 7.903069e+03 8.025755e+03
15.5 8.246953e+03 8.355248e+03 7.901165e+03 7.792870e+03
16.5 8.366638e+03 8.160133e+03 7.903676e+03 8.110180e+03
17.5 8.065768e+03 7.886501e+03 7.913435e+03 8.092702e+03
18.5 7.640934e+03 7.749588e+03 7.923719e+03 7.815064e+03
19.5 7.637678e+03 7.739589e+03 7.929873e+03 7.827963e+03
20.5 7.626603e+03 7.768293e+03 7.932366e+03 7.790676e+03
21.5 7.731028e+03 7.799173e+03 7.932767e+03 7.864622e+03
22.5 7.786392e+03 7.823195e+03 7.932221e+03 7.895418e+03
23.5 7.632033e+03 7.837930e+03 7.931424e+03 7.725528e+03
24.5 7.701374e+03 7.844302e+03 7.930746e+03 7.787818e+03
25.5 7.858675e+03 7.845505e+03 7.930285e+03 7.943454e+03
26.5 7.708633e+03 7.838212e+03 7.927508e+03 7.797929e+03
27.5 7.790184e+03 7.812494e+03 7.918440e+03 7.896130e+03
0.5 8.246953e+03 8.355248e+03 7.901165e+03 7.792870e+03
1.5 8.366638e+03 8.160133e+03 7.903676e+03 8.110180e+03
2.5 8.065768e+03 7.886501e+03 7.913435e+03 8.092702e+03
3.5 7.640934e+03 7.749588e+03 7.923719e+03 7.815064e+03
4.5 7.637678e+03 7.739589e+03 7.929873e+03 7.827963e+03
5.5 7.626603e+03 7.768293e+03 7.932366e+03 7.790676e+03
6.5 7.731028e+03 7.799173e+03 7.932767e+03 7.864622e+03
7.5 7.786392e+03 7.823195e+03 7.932221e+03 7.895418e+03
8.5 7.632033e+03 7.837930e+03 7.931424e+03 7.725528e+03
9.5 7.701374e+03 7.844302e+03 7.930746e+03 7.787818e+03
10.5 7.858675e+03 7.845505e+03 7.930285e+03 7.943454e+03
11.5 7.708633e+03 7.838212e+03 7.927508e+03 7.797929e+03
12.5 7.790184e+03 7.812494e+03 7.918440e+03 7.896130e+03
13.5 7.705075e+03 7.784174e+03 7.909106e+03 7.830007e+03
14.5 7.963217e+03 7.765951e+03 7.903793e+03 8.101059e+03
15.5 7.699196e+03 7.756824e+03 7.901941e+03 7.844313e+03
16.5 7.788653e+03 7.758859e+03 7.904508e+03 7.934302e+03
17.5 7.754105e+03 7.780689e+03 7.914324e+03 7.887741e+03
18.5 7.753884e+03 7.805395e+03 7.924667e+03 7.873156e+03
19.5 7.803154e+03 7.819506e+03 7.930881e+03 7.914529e+03
20.5 7.835480e+03 7.823367e+03 7.933433e+03 7.945546e+03
21.5 7.983708e+03 7.821070e+03 7.933896e+03 8.096534e+03
22.5 7.927324e+03 7.815781e+03 7.933414e+03 8.044957e+03
23.5 7.984200e+03 7.809467e+03 7.932686e+03 8.107418e+03
24.5 7.860709e+03 7.803436e+03 7.932080e+03 7.989353e+03
25.5 7.835528e+03 7.830649e+03 7.931696e+03 7.936575e+03
26.5 8.086110e+03 7.985402e+03 7.928999e+03 8.029708e+03
27.5 8.285996e+03 8.226178e+03 7.920019e+03 7.979838e+03
0.5 7.699196e+03 7.756824e+03 7.901941e+03 7.844313e+03
1.5 7.788653e+03 7.758859e+03 7.904508e+03 7.934302e+03
2.5 7.754105e+03 7.780689e+03 7.914324e+03 7.887741e+03
3.5 7.753884e+03 7.805395e+03 7.924667e+03 7.873156e+03
4.5 7.803154e+03 7.819506e+03 7.930881e+03 7.914529e+03
5.5 7.835480e+03 7.823367e+03 7.933433e+03 7.945546e+03
6.5 7.983708e+03 7.821070e+03 7.933896e+03 8.096534e+03
7.5 7.927324e+03 7.815781e+03 7.933414e+03 8.044957e+03
8.5 7.984200e+03 7.809467e+03 7.932686e+03 8.107418e+03
9.5 7.860709e+03 7.803436e+03 7.932080e+03 7.989353e+03
10.5 7.835528e+03 7.830649e+03 7.931696e+03 7.936575e+03
11.5 8.086110e+03 7.985402e+03 7.928999e+03 8.029708e+03
12.5 8.285996e+03 8.226178e+03 7.920019e+03 7.979838e+03
13.5 8.220164e+03 8.339137e+03 7.910786e+03 7.791813e+03
14.5 8.342658e+03 8.332635e+03 7.905589e+03 7.915612e+03
15.5 8.183198e+03 8.254536e+03 7.903840e+03 7.832501e+03
