0.5 9.999667e+03 9.926347e+03 9.918626e+03 9.991946e+03
1.5 9.907434e+03 9.947997e+03 9.942823e+03 9.902259e+03
2.5 9.937775e+03 9.954669e+03 9.961103e+03 9.944209e+03
3.5 9.938934e+03 9.932832e+03 9.951321e+03 9.957423e+03
4.5 9.839253e+03 9.906516e+03 9.931414e+03 9.864151e+03
5.5 1.000775e+04 9.890701e+03 9.917182e+03 1.003424e+04
6.5 9.844590e+03 9.884553e+03 9.909977e+03 9.870014e+03
7.5 9.895514e+03 9.884116e+03 9.907361e+03 9.918760e+03
8.5 9.902838e+03 9.886489e+03 9.907331e+03 9.923680e+03
9.5 9.976502e+03 9.889788e+03 9.908386e+03 9.995100e+03
10.5 9.849381e+03 9.896083e+03 9.902794e+03 9.856093e+03
11.5 9.912914e+03 9.920678e+03 9.879652e+03 9.871888e+03
12.5 1.005969e+04 9.970036e+03 9.862062e+03 9.951720e+03
13.5 9.976297e+03 1.000770e+04 9.872237e+03 9.840837e+03
14.5 9.957787e+03 1.002312e+04 9.892402e+03 9.827064e+03
15.5 9.940748e+03 1.002292e+04 9.913610e+03 9.831436e+03
16.5 1.001732e+04 9.998757e+03 9.945007e+03 9.963572e+03
17.5 9.955674e+03 9.947740e+03 9.965864e+03 9.973797e+03
18.5 9.839089e+03 9.908392e+03 9.956071e+03 9.886767e+03
19.5 9.855977e+03 9.892153e+03 9.935036e+03 9.898860e+03
20.5 9.884147e+03 9.889337e+03 9.919519e+03 9.914328e+03
21.5 9.970467e+03 9.892270e+03 9.911328e+03 9.989525e+03
22.5 9.821057e+03 9.897047e+03 9.908100e+03 9.832110e+03
23.5 9.778279e+03 9.901579e+03 9.907743e+03 9.784443e+03
24.5 9.804341e+03 9.904995e+03 9.908641e+03 9.807987e+03
25.5 1.004745e+04 9.909201e+03 9.902982e+03 1.004123e+04
26.5 9.913320e+03 9.910699e+03 9.879820e+03 9.882441e+03
27.5 9.817590e+03 9.892209e+03 9.862230e+03 9.787611e+03
0.5 9.940748e+03 1.002292e+04 9.913610e+03 9.831436e+03
1.5 1.001732e+04 9.998757e+03 9.945007e+03 9.963572e+03
2.5 9.955674e+03 9.947740e+03 9.965864e+03 9.973797e+03
3.5 9.839089e+03 9.908392e+03 9.956071e+03 9.886767e+03
4.5 9.855977e+03 9.892153e+03 9.935036e+03 9.898860e+03
5.5 9.884147e+03 9.889337e+03 9.919519e+03 9.914328e+03
6.5 9.970467e+03 9.892270e+03 9.911328e+03 9.989525e+03
7.5 9.821057e+03 9.897047e+03 9.908100e+03 9.832110e+03
8.5 9.778279e+03 9.901579e+03 9.907743e+03 9.784443e+03
9.5 9.804341e+03 9.904995e+03 9.908641e+03 9.807987e+03
10.5 1.004745e+04 9.909201e+03 9.902982e+03 1.004123e+04
11.5 9.913320e+03 9.910699e+03 9.879820e+03 9.882441e+03
12.5 9.817590e+03 9.892209e+03 9.862230e+03 9.787611e+03
13.5 9.864152e+03 9.864195e+03 9.872403e+03 9.872360e+03
14.5 9.917010e+03 9.844011e+03 9.892562e+03 9.965561e+03
15.5 9.831401e+03 9.832892e+03 9.913760e+03 9.912269e+03
16.5 9.967924e+03 9.830846e+03 9.945134e+03 1.008221e+04
17.5 9.847678e+03 9.851843e+03 9.965971e+03 9.961806e+03
18.5 9.765384e+03 9.883319e+03 9.956172e+03 9.838236e+03
19.5 9.798255e+03 9.906701e+03 9.935132e+03 9.826686e+03
20.5 9.982705e+03 9.918309e+03 9.919610e+03 9.984007e+03
21.5 9.883139e+03 9.921941e+03 9.911415e+03 9.872612e+03
22.5 9.875722e+03 9.921448e+03 9.908183e+03 9.862458e+03
23.5 9.912931e+03 9.919374e+03 9.907823e+03 9.901380e+03
24.5 1.001781e+04 9.917211e+03 9.908718e+03 1.000931e+04
25.5 9.933592e+03 9.917551e+03 9.903056e+03 9.919098e+03
26.5 1.003140e+04 9.916649e+03 9.879892e+03 9.994639e+03
27.5 9.941735e+03 9.896716e+03 9.862301e+03 9.907320e+03
0.5 9.831401e+03 9.832892e+03 9.913760e+03 9.912269e+03
1.5 9.967924e+03 9.830846e+03 9.945134e+03 1.008221e+04
2.5 9.847678e+03 9.851843e+03 9.965971e+03 9.961806e+03
3.5 9.765384e+03 9.883319e+03 9.956172e+03 9.838236e+03
4.5 9.798255e+03 9.906701e+03 9.935132e+03 9.826686e+03
5.5 9.982705e+03 9.918309e+03 9.919610e+03 9.984007e+03
6.5 9.883139e+03 9.921941e+03 9.911415e+03 9.872612e+03
7.5 9.875722e+03 9.921448e+03 9.908183e+03 9.862458e+03
8.5 9.912931e+03 9.919374e+03 9.907823e+03 9.901380e+03
9.5 1.001781e+04 9.917211e+03 9.908718e+03 1.000931e+04
10.5 9.933592e+03 9.917551e+03 9.903056e+03 9.919098e+03
11.5 1.003140e+04 9.916649e+03 9.879892e+03 9.994639e+03
12.5 9.941735e+03 9.896716e+03 9.862301e+03 9.907320e+03
13.5 9.796206e+03 9.867781e+03 9.872473e+03 9.800898e+03
14.5 9.734393e+03 9.846932e+03 9.892632e+03 9.780093e+03
15.5 9.755124e+03 9.835260e+03 9.913829e+03 9.833693e+03
16.5 9.923855e+03 9.832712e+03 9.945203e+03 1.003635e+04
17.5 9.788559e+03 9.853231e+03 9.966040e+03 9.901368e+03
18.5 9.967671e+03 9.884244e+03 9.956242e+03 1.003967e+04
19.5 9.946833e+03 9.907174e+03 9.935203e+03 9.974863e+03
20.5 9.909608e+03 9.918339e+03 9.919684e+03 9.910952e+03
21.5 1.000524e+04 9.921540e+03 9.911490e+03 9.995192e+03
22.5 9.830071e+03 9.920624e+03 9.908260e+03 9.817708e+03
23.5 9.960608e+03 9.918137e+03 9.907903e+03 9.950374e+03
24.5 9.850560e+03 9.915581e+03 9.908802e+03 9.843782e+03
25.5 1.002366e+04 9.916770e+03 9.903143e+03 1.001003e+04
26.5 9.978794e+03 9.937505e+03 9.879983e+03 9.921272e+03
27.5 9.938829e+03 9.984063e+03 9.862396e+03 9.817163e+03
0.5 9.755124e+03 9.835260e+03 9.913829e+03 9.833693e+03
1.5 9.923855e+03 9.832712e+03 9.945203e+03 1.003635e+04
2.5 9.788559e+03 9.853231e+03 9.966040e+03 9.901368e+03
3.5 9.967671e+03 9.884244e+03 9.956242e+03 1.003967e+04
4.5 9.946833e+03 9.907174e+03 9.935203e+03 9.974863e+03
5.5 9.909608e+03 9.918339e+03 9.919684e+03 9.910952e+03
6.5 1.000524e+04 9.921540e+03 9.911490e+03 9.995192e+03
7.5 9.830071e+03 9.920624e+03 9.908260e+03 9.817708e+03
8.5 9.960608e+03 9.918137e+03 9.907903e+03 9.950374e+03
9.5 9.850560e+03 9.915581e+03 9.908802e+03 9.843782e+03
10.5 1.002366e+04 9.916770e+03 9.903143e+03 1.001003e+04
11.5 9.978794e+03 9.937505e+03 9.879983e+03 9.921272e+03
12.5 9.938829e+03 9.984063e+03 9.862396e+03 9.817163e+03
13.5 9.931632e+03 1.001962e+04 9.872573e+03 9.784587e+03
14.5 1.013582e+04 1.003333e+04 9.892737e+03 9.995226e+03
15.5 1.017384e+04 1.003161e+04 9.913939e+03 1.005617e+04
16.5 1.008123e+04 1.000602e+04 9.945320e+03 1.002054e+04
17.5 9.937293e+03 9.953649e+03 9.966163e+03 9.949807e+03
18.5 9.952743e+03 9.912974e+03 9.956373e+03 9.996142e+03
19.5 9.977262e+03 9.895422e+03 9.935341e+03 1.001718e+04
20.5 9.794661e+03 9.891305e+03 9.919829e+03 9.823185e+03
21.5 9.897549e+03 9.892948e+03 9.911644e+03 9.916245e+03
22.5 9.823891e+03 9.896447e+03 9.908424e+03 9.835868e+03
23.5 9.836669e+03 9.899713e+03 9.908076e+03 9.845032e+03
24.5 9.828310e+03 9.901872e+03 9.908985e+03 9.835423e+03
25.5 9.865413e+03 9.904832e+03 9.903337e+03 9.863918e+03
26.5 9.857224e+03 9.905093e+03 9.880188e+03 9.832319e+03
27.5 9.803968e+03 9.885374e+03 9.862612e+03 9.781206e+03
0.5 1.017384e+04 1.003161e+04 9.913939e+03 1.005617e+04
1.5 1.008123e+04 1.000602e+04 9.945320e+03 1.002054e+04
2.5 9.937293e+03 9.953649e+03 9.966163e+03 9.949807e+03
3.5 9.952743e+03 9.912974e+03 9.956373e+03 9.996142e+03
4.5 9.977262e+03 9.895422e+03 9.935341e+03 1.001718e+04
5.5 9.794661e+03 9.891305e+03 9.919829e+03 9.823185e+03
6.5 9.897549e+03 9.892948e+03 9.911644e+03 9.916245e+03
7.5 9.823891e+03 9.896447e+03 9.908424e+03 9.835868e+03
8.5 9.836669e+03 9.899713e+03 9.908076e+03 9.845032e+03
9.5 9.828310e+03 9.901872e+03 9.908985e+03 9.835423e+03
10.5 9.865413e+03 9.904832e+03 9.903337e+03 9.863918e+03
11.5 9.857224e+03 9.905093e+03 9.880188e+03 9.832319e+03
12.5 9.803968e+03 9.885374e+03 9.862612e+03 9.781206e+03
13.5 9.991055e+03 9.856137e+03 9.872802e+03 1.000772e+04
14.5 9.852593e+03 9.834753e+03 9.892991e+03 9.910831e+03
15.5 9.768748e+03 9.822422e+03 9.914222e+03 9.860549e+03
16.5 9.841111e+03 9.819146e+03 9.945619e+03 9.967584e+03
17.5 9.863327e+03 9.838901e+03 9.966471e+03 9.990897e+03
18.5 9.787767e+03 9.869123e+03 9.956681e+03 9.875325e+03
19.5 9.989455e+03 9.891247e+03 9.935651e+03 1.003386e+04
20.5 9.808297e+03 9.901594e+03 9.920146e+03 9.826849e+03
21.5 1.002240e+04 9.903958e+03 9.911974e+03 1.003042e+04
22.5 9.870661e+03 9.902181e+03 9.908772e+03 9.877252e+03
23.5 1.001458e+04 9.898803e+03 9.908444e+03 1.002422e+04
24.5 9.884533e+03 9.895319e+03 9.909375e+03 9.898588e+03
25.5 9.985363e+03 9.895540e+03 9.903749e+03 9.993572e+03
26.5 9.923873e+03 9.915261e+03 9.880629e+03 9.889240e+03
27.5 9.958587e+03 9.960735e+03 9.863105e+03 9.860958e+03
0.5 9.768748e+03 9.822422e+03 9.914222e+03 9.860549e+03
1.5 9.841111e+03 9.819146e+03 9.945619e+03 9.967584e+03
2.5 9.863327e+03 9.838901e+03 9.966471e+03 9.990897e+03
3.5 9.787767e+03 9.869123e+03 9.956681e+03 9.875325e+03
4.5 9.989455e+03 9.891247e+03 9.935651e+03 1.003386e+04
5.5 9.808297e+03 9.901594e+03 9.920146e+03 9.826849e+03
6.5 1.002240e+04 9.903958e+03 9.911974e+03 1.003042e+04
7.5 9.870661e+03 9.902181e+03 9.908772e+03 9.877252e+03
8.5 1.001458e+04 9.898803e+03 9.908444e+03 1.002422e+04
9.5 9.884533e+03 9.895319e+03 9.909375e+03 9.898588e+03
10.5 9.985363e+03 9.895540e+03 9.903749e+03 9.993572e+03
11.5 9.923873e+03 9.915261e+03 9.880629e+03 9.889240e+03
12.5 9.958587e+03 9.960735e+03 9.863105e+03 9.860958e+03
13.5 1.005751e+04 9.995107e+03 9.873370e+03 9.935770e+03
14.5 9.938971e+03 1.000748e+04 9.893566e+03 9.825060e+03
15.5 9.991120e+03 9.997541e+03 9.907972e+03 9.901552e+03
