0.5 1.895377e+03 1.886432e+03 1.902195e+03 1.911140e+03
1.5 1.918685e+03 1.890151e+03 1.903919e+03 1.932453e+03
2.5 1.888885e+03 1.900970e+03 1.905222e+03 1.893137e+03
3.5 1.930977e+03 1.910185e+03 1.904525e+03 1.925317e+03
4.5 1.919511e+03 1.914021e+03 1.903106e+03 1.908596e+03
5.5 1.975346e+03 1.914277e+03 1.902092e+03 1.963161e+03
6.5 2.016513e+03 1.912857e+03 1.901578e+03 2.005234e+03
7.5 1.866838e+03 1.910842e+03 1.901392e+03 1.857387e+03
8.5 1.897684e+03 1.908833e+03 1.901389e+03 1.890240e+03
9.5 1.853455e+03 1.907105e+03 1.901465e+03 1.847815e+03
10.5 1.867959e+03 1.905119e+03 1.901066e+03 1.863905e+03
11.5 1.925183e+03 1.897739e+03 1.899416e+03 1.926860e+03
12.5 1.896161e+03 1.880198e+03 1.898163e+03 1.914126e+03
13.5 1.838750e+03 1.864443e+03 1.898888e+03 1.873195e+03
14.5 1.894587e+03 1.856253e+03 1.900325e+03 1.938659e+03
15.5 1.883918e+03 1.853961e+03 1.901837e+03 1.931794e+03
16.5 1.925100e+03 1.859935e+03 1.904075e+03 1.969240e+03
17.5 1.854801e+03 1.877262e+03 1.905562e+03 1.883101e+03
18.5 1.942648e+03 1.893003e+03 1.904864e+03 1.954509e+03
19.5 1.948491e+03 1.900921e+03 1.903364e+03 1.950935e+03
20.5 1.835329e+03 1.903160e+03 1.902258e+03 1.834427e+03
21.5 1.861517e+03 1.902507e+03 1.901674e+03 1.860684e+03
22.5 1.852043e+03 1.900688e+03 1.901444e+03 1.852799e+03
23.5 1.905477e+03 1.898706e+03 1.901419e+03 1.908189e+03
24.5 1.900438e+03 1.897049e+03 1.901483e+03 1.904872e+03
25.5 1.893096e+03 1.895766e+03 1.901079e+03 1.898409e+03
26.5 1.923334e+03 1.901735e+03 1.899428e+03 1.921027e+03
27.5 1.953778e+03 1.926367e+03 1.898175e+03 1.925585e+03
0.5 1.883918e+03 1.853961e+03 1.901837e+03 1.931794e+03
1.5 1.925100e+03 1.859935e+03 1.904075e+03 1.969240e+03
2.5 1.854801e+03 1.877262e+03 1.905562e+03 1.883101e+03
3.5 1.942648e+03 1.893003e+03 1.904864e+03 1.954509e+03
4.5 1.948491e+03 1.900921e+03 1.903364e+03 1.950935e+03
5.5 1.835329e+03 1.903160e+03 1.902258e+03 1.834427e+03
6.5 1.861517e+03 1.902507e+03 1.901674e+03 1.860684e+03
7.5 1.852043e+03 1.900688e+03 1.901444e+03 1.852799e+03
8.5 1.905477e+03 1.898706e+03 1.901419e+03 1.908189e+03
9.5 1.900438e+03 1.897049e+03 1.901483e+03 1.904872e+03
10.5 1.893096e+03 1.895766e+03 1.901079e+03 1.898409e+03
11.5 1.923334e+03 1.901735e+03 1.899428e+03 1.921027e+03
12.5 1.953778e+03 1.926367e+03 1.898175e+03 1.925585e+03
13.5 1.960753e+03 1.952643e+03 1.898900e+03 1.907010e+03
14.5 1.857893e+03 1.967858e+03 1.900337e+03 1.790371e+03
15.5 1.960321e+03 1.973366e+03 1.901848e+03 1.888803e+03
16.5 1.954998e+03 1.966550e+03 1.904084e+03 1.892532e+03
17.5 1.952817e+03 1.938955e+03 1.905569e+03 1.919431e+03
18.5 1.913287e+03 1.909341e+03 1.904871e+03 1.908816e+03
19.5 1.958994e+03 1.891309e+03 1.903371e+03 1.971057e+03
20.5 1.856336e+03 1.883834e+03 1.902265e+03 1.874766e+03
21.5 1.865579e+03 1.882477e+03 1.901680e+03 1.884782e+03
22.5 1.898417e+03 1.883942e+03 1.901450e+03 1.915925e+03
23.5 1.899830e+03 1.886201e+03 1.901424e+03 1.915053e+03
24.5 1.871540e+03 1.888180e+03 1.901488e+03 1.884848e+03
25.5 1.858414e+03 1.889452e+03 1.901085e+03 1.870047e+03
26.5 1.922026e+03 1.897030e+03 1.899434e+03 1.924429e+03
27.5 1.984790e+03 1.922646e+03 1.898180e+03 1.960323e+03
0.5 1.960321e+03 1.973366e+03 1.901848e+03 1.888803e+03
1.5 1.954998e+03 1.966550e+03 1.904084e+03 1.892532e+03
2.5 1.952817e+03 1.938955e+03 1.905569e+03 1.919431e+03
3.5 1.913287e+03 1.909341e+03 1.904871e+03 1.908816e+03
4.5 1.958994e+03 1.891309e+03 1.903371e+03 1.971057e+03
5.5 1.856336e+03 1.883834e+03 1.902265e+03 1.874766e+03
6.5 1.865579e+03 1.882477e+03 1.901680e+03 1.884782e+03
7.5 1.898417e+03 1.883942e+03 1.901450e+03 1.915925e+03
8.5 1.899830e+03 1.886201e+03 1.901424e+03 1.915053e+03
9.5 1.871540e+03 1.888180e+03 1.901488e+03 1.884848e+03
10.5 1.858414e+03 1.889452e+03 1.901085e+03 1.870047e+03
11.5 1.922026e+03 1.897030e+03 1.899434e+03 1.924429e+03
12.5 1.984790e+03 1.922646e+03 1.898180e+03 1.960323e+03
13.5 1.907554e+03 1.949560e+03 1.898905e+03 1.856899e+03
14.5 1.965078e+03 1.965241e+03 1.900342e+03 1.900178e+03
15.5 1.962479e+03 1.971137e+03 1.901853e+03 1.893194e+03
16.5 1.928386e+03 1.964674e+03 1.904089e+03 1.867801e+03
17.5 2.000254e+03 1.937414e+03 1.905574e+03 1.968415e+03
18.5 1.872958e+03 1.908121e+03 1.904876e+03 1.869713e+03
19.5 1.789843e+03 1.890401e+03 1.903376e+03 1.802818e+03
20.5 1.823248e+03 1.883230e+03 1.902270e+03 1.842288e+03
21.5 1.794813e+03 1.882168e+03 1.901686e+03 1.814331e+03
22.5 1.880517e+03 1.883918e+03 1.901456e+03 1.898054e+03
23.5 1.803542e+03 1.886455e+03 1.901430e+03 1.818517e+03
24.5 1.928631e+03 1.888700e+03 1.901494e+03 1.941425e+03
25.5 1.842439e+03 1.889709e+03 1.901091e+03 1.853821e+03
26.5 1.864255e+03 1.884474e+03 1.899440e+03 1.879221e+03
27.5 1.838226e+03 1.868519e+03 1.898186e+03 1.867893e+03
0.5 1.962479e+03 1.971137e+03 1.901853e+03 1.893194e+03
1.5 1.928386e+03 1.964674e+03 1.904089e+03 1.867801e+03
2.5 2.000254e+03 1.937414e+03 1.905574e+03 1.968415e+03
3.5 1.872958e+03 1.908121e+03 1.904876e+03 1.869713e+03
4.5 1.789843e+03 1.890401e+03 1.903376e+03 1.802818e+03
5.5 1.823248e+03 1.883230e+03 1.902270e+03 1.842288e+03
6.5 1.794813e+03 1.882168e+03 1.901686e+03 1.814331e+03
7.5 1.880517e+03 1.883918e+03 1.901456e+03 1.898054e+03
8.5 1.803542e+03 1.886455e+03 1.901430e+03 1.818517e+03
9.5 1.928631e+03 1.888700e+03 1.901494e+03 1.941425e+03
10.5 1.842439e+03 1.889709e+03 1.901091e+03 1.853821e+03
11.5 1.864255e+03 1.884474e+03 1.899440e+03 1.879221e+03
12.5 1.838226e+03 1.868519e+03 1.898186e+03 1.867893e+03
13.5 1.813802e+03 1.854039e+03 1.898912e+03 1.858675e+03
14.5 1.777832e+03 1.846963e+03 1.900349e+03 1.831218e+03
15.5 1.854544e+03 1.845707e+03 1.901860e+03 1.910697e+03
16.5 1.860337e+03 1.852673e+03 1.904097e+03 1.911762e+03
17.5 1.791955e+03 1.870947e+03 1.905583e+03 1.826591e+03
18.5 1.861935e+03 1.887619e+03 1.904885e+03 1.879202e+03
19.5 1.892508e+03 1.896451e+03 1.903386e+03 1.899444e+03
20.5 1.912113e+03 1.899589e+03 1.902280e+03 1.914804e+03
21.5 1.934738e+03 1.899820e+03 1.901697e+03 1.936615e+03
22.5 1.931294e+03 1.898869e+03 1.901467e+03 1.933892e+03
23.5 1.921540e+03 1.897739e+03 1.901442e+03 1.925243e+03
24.5 1.946298e+03 1.896920e+03 1.901507e+03 1.950884e+03
25.5 1.966228e+03 1.896461e+03 1.901105e+03 1.970872e+03
26.5 1.938644e+03 1.903239e+03 1.899455e+03 1.934860e+03
27.5 1.940906e+03 1.928667e+03 1.898202e+03 1.910441e+03
0.5 1.854544e+03 1.845707e+03 1.901860e+03 1.910697e+03
1.5 1.860337e+03 1.852673e+03 1.904097e+03 1.911762e+03
2.5 1.791955e+03 1.870947e+03 1.905583e+03 1.826591e+03
3.5 1.861935e+03 1.887619e+03 1.904885e+03 1.879202e+03
4.5 1.892508e+03 1.896451e+03 1.903386e+03 1.899444e+03
5.5 1.912113e+03 1.899589e+03 1.902280e+03 1.914804e+03
6.5 1.934738e+03 1.899820e+03 1.901697e+03 1.936615e+03
7.5 1.931294e+03 1.898869e+03 1.901467e+03 1.933892e+03
8.5 1.921540e+03 1.897739e+03 1.901442e+03 1.925243e+03
9.5 1.946298e+03 1.896920e+03 1.901507e+03 1.950884e+03
10.5 1.966228e+03 1.896461e+03 1.901105e+03 1.970872e+03
11.5 1.938644e+03 1.903239e+03 1.899455e+03 1.934860e+03
12.5 1.940906e+03 1.928667e+03 1.898202e+03 1.910441e+03
13.5 2.021882e+03 1.955726e+03 1.898928e+03 1.965083e+03
14.5 1.934934e+03 1.971714e+03 1.900367e+03 1.863587e+03
15.5 2.007051e+03 1.977999e+03 1.901881e+03 1.930933e+03
16.5 2.010564e+03 1.971952e+03 1.904119e+03 1.942731e+03
17.5 1.956602e+03 1.945119e+03 1.905605e+03 1.917088e+03
18.5 1.963694e+03 1.916259e+03 1.904907e+03 1.952342e+03
19.5 1.880052e+03 1.898973e+03 1.903408e+03 1.884486e+03
20.5 1.975785e+03 1.892243e+03 1.902303e+03 1.985845e+03
21.5 1.889406e+03 1.891628e+03 1.901720e+03 1.899498e+03
22.5 1.946389e+03 1.893838e+03 1.901492e+03 1.954043e+03
23.5 1.912668e+03 1.896849e+03 1.901469e+03 1.917288e+03
24.5 1.855034e+03 1.899582e+03 1.901535e+03 1.856986e+03
25.5 1.832569e+03 1.901099e+03 1.901134e+03 1.832604e+03
26.5 1.878123e+03 1.896393e+03 1.899486e+03 1.881216e+03
27.5 1.899534e+03 1.880995e+03 1.898237e+03 1.916776e+03
0.5 2.007051e+03 1.977999e+03 1.901881e+03 1.930933e+03
1.5 2.010564e+03 1.971952e+03 1.904119e+03 1.942731e+03
2.5 1.956602e+03 1.945119e+03 1.905605e+03 1.917088e+03
3.5 1.963694e+03 1.916259e+03 1.904907e+03 1.952342e+03
4.5 1.880052e+03 1.898973e+03 1.903408e+03 1.884486e+03
5.5 1.975785e+03 1.892243e+03 1.902303e+03 1.985845e+03
6.5 1.889406e+03 1.891628e+03 1.901720e+03 1.899498e+03
7.5 1.946389e+03 1.893838e+03 1.901492e+03 1.954043e+03
8.5 1.912668e+03 1.896849e+03 1.901469e+03 1.917288e+03
9.5 1.855034e+03 1.899582e+03 1.901535e+03 1.856986e+03
10.5 1.832569e+03 1.901099e+03 1.901134e+03 1.832604e+03
11.5 1.878123e+03 1.896393e+03 1.899486e+03 1.881216e+03
12.5 1.899534e+03 1.880995e+03 1.898237e+03 1.916776e+03
13.5 1.895954e+03 1.867114e+03 1.898969e+03 1.927809e+03
14.5 1.833700e+03 1.860678e+03 1.900408e+03 1.873430e+03
15.5 1.845912e+03 1.859595e+03 1.901435e+03 1.887752e+03
