0.5 6.689313e+03 6.726832e+03 6.713847e+03 6.676329e+03
1.5 6.758357e+03 6.732286e+03 6.728643e+03 6.754713e+03
2.5 6.808127e+03 6.762673e+03 6.782420e+03 6.827874e+03
3.5 6.979190e+03 6.798391e+03 6.838350e+03 7.019149e+03
4.5 6.810191e+03 6.820743e+03 6.870239e+03 6.859688e+03
5.5 6.889933e+03 6.830475e+03 6.881382e+03 6.940841e+03
6.5 6.934264e+03 6.825253e+03 6.865892e+03 6.974903e+03
7.5 6.771751e+03 6.791559e+03 6.806609e+03 6.786802e+03
8.5 6.657472e+03 6.751594e+03 6.744200e+03 6.650078e+03
9.5 6.751952e+03 6.725472e+03 6.706831e+03 6.733310e+03
10.5 6.572622e+03 6.713834e+03 6.691674e+03 6.550463e+03
11.5 6.649640e+03 6.711073e+03 6.689219e+03 6.627786e+03
12.5 6.659550e+03 6.712594e+03 6.692552e+03 6.639507e+03
13.5 6.918295e+03 6.715494e+03 6.697445e+03 6.900246e+03
14.5 6.592272e+03 6.718173e+03 6.701675e+03 6.575775e+03
15.5 6.668554e+03 6.719148e+03 6.704639e+03 6.654045e+03
16.5 6.781264e+03 6.726314e+03 6.721673e+03 6.776623e+03
17.5 6.776588e+03 6.757768e+03 6.776822e+03 6.795641e+03
18.5 6.874871e+03 6.794202e+03 6.833635e+03 6.914304e+03
19.5 6.751539e+03 6.817098e+03 6.866165e+03 6.800605e+03
20.5 6.768612e+03 6.827295e+03 6.877834e+03 6.819151e+03
21.5 6.719505e+03 6.822500e+03 6.862818e+03 6.759823e+03
22.5 6.812727e+03 6.789210e+03 6.803981e+03 6.827498e+03
0.5 6.668554e+03 6.719148e+03 6.704639e+03 6.654045e+03
1.5 6.781264e+03 6.726314e+03 6.721673e+03 6.776623e+03
2.5 6.776588e+03 6.757768e+03 6.776822e+03 6.795641e+03
3.5 6.874871e+03 6.794202e+03 6.833635e+03 6.914304e+03
4.5 6.751539e+03 6.817098e+03 6.866165e+03 6.800605e+03
5.5 6.768612e+03 6.827295e+03 6.877834e+03 6.819151e+03
6.5 6.719505e+03 6.822500e+03 6.862818e+03 6.759823e+03
7.5 6.812727e+03 6.789210e+03 6.803981e+03 6.827498e+03
8.5 6.830455e+03 6.749635e+03 6.742000e+03 6.822820e+03
9.5 6.766961e+03 6.723889e+03 6.705042e+03 6.748115e+03
10.5 6.765185e+03 6.712614e+03 6.690285e+03 6.742856e+03
11.5 6.589312e+03 6.710206e+03 6.688215e+03 6.567321e+03
12.5 6.580472e+03 6.712067e+03 6.691920e+03 6.560325e+03
13.5 6.677780e+03 6.715296e+03 6.697171e+03 6.659654e+03
14.5 6.704415e+03 6.718282e+03 6.701744e+03 6.687877e+03
15.5 6.612971e+03 6.718346e+03 6.704918e+03 6.599542e+03
16.5 6.746951e+03 6.709409e+03 6.706828e+03 6.744370e+03
17.5 6.664144e+03 6.694266e+03 6.707895e+03 6.677773e+03
18.5 6.637172e+03 6.686953e+03 6.708499e+03 6.658718e+03
19.5 6.582746e+03 6.687189e+03 6.708883e+03 6.604441e+03
20.5 6.743959e+03 6.691680e+03 6.709178e+03 6.761457e+03
21.5 6.798135e+03 6.704372e+03 6.709443e+03 6.803206e+03
22.5 6.777693e+03 6.722239e+03 6.709705e+03 6.765159e+03
0.5 6.659202e+03 6.725790e+03 6.712229e+03 6.645641e+03
1.5 6.733880e+03 6.732197e+03 6.728014e+03 6.729697e+03
2.5 6.713627e+03 6.763516e+03 6.782755e+03 6.732866e+03
3.5 6.709513e+03 6.800144e+03 6.839621e+03 6.748989e+03
4.5 6.676127e+03 6.823410e+03 6.872421e+03 6.725137e+03
5.5 6.744834e+03 6.834064e+03 6.884462e+03 6.795232e+03
6.5 6.929895e+03 6.829729e+03 6.869849e+03 6.970015e+03
7.5 6.812592e+03 6.796894e+03 6.811422e+03 6.827120e+03
8.5 6.740323e+03 6.757759e+03 6.749852e+03 6.732416e+03
9.5 6.756083e+03 6.732449e+03 6.713304e+03 6.736937e+03
10.5 6.718753e+03 6.721617e+03 6.698954e+03 6.696090e+03
11.5 6.740694e+03 6.719663e+03 6.697292e+03 6.718323e+03
12.5 6.675286e+03 6.721991e+03 6.701408e+03 6.654702e+03
13.5 6.718610e+03 6.725700e+03 6.707075e+03 6.699985e+03
14.5 6.877157e+03 6.729181e+03 6.712073e+03 6.860048e+03
15.5 6.777135e+03 6.729756e+03 6.715680e+03 6.763058e+03
16.5 6.859625e+03 6.721350e+03 6.718037e+03 6.856312e+03
17.5 6.774488e+03 6.706767e+03 6.719566e+03 6.787287e+03
18.5 6.679011e+03 6.700054e+03 6.720650e+03 6.699607e+03
19.5 6.789934e+03 6.700847e+03 6.721535e+03 6.810622e+03
20.5 6.733127e+03 6.695904e+03 6.722353e+03 6.759577e+03
