0.5 1.330813e+04 1.322677e+04 1.326275e+04 1.334411e+04
1.5 1.330271e+04 1.340254e+04 1.330700e+04 1.320717e+04
2.5 1.377112e+04 1.366138e+04 1.346776e+04 1.357751e+04
3.5 1.360020e+04 1.376902e+04 1.363511e+04 1.346629e+04
4.5 1.381986e+04 1.374826e+04 1.373081e+04 1.380241e+04
5.5 1.378950e+04 1.369810e+04 1.376497e+04 1.385637e+04
6.5 1.374180e+04 1.365389e+04 1.376533e+04 1.385324e+04
7.5 1.373363e+04 1.362115e+04 1.375119e+04 1.386366e+04
8.5 1.363825e+04 1.360007e+04 1.373397e+04 1.377214e+04
9.5 1.346997e+04 1.358830e+04 1.371956e+04 1.360123e+04
10.5 1.343438e+04 1.357375e+04 1.370937e+04 1.357000e+04
11.5 1.354833e+04 1.354158e+04 1.365744e+04 1.366419e+04
12.5 1.351064e+04 1.352099e+04 1.349189e+04 1.348155e+04
13.5 1.343744e+04 1.353555e+04 1.332148e+04 1.322337e+04
14.5 1.367526e+04 1.356052e+04 1.322362e+04 1.333836e+04
15.5 1.353835e+04 1.358501e+04 1.318812e+04 1.314146e+04
16.5 1.357479e+04 1.361991e+04 1.323236e+04 1.318724e+04
17.5 1.368325e+04 1.363791e+04 1.340754e+04 1.345288e+04
18.5 1.375611e+04 1.361754e+04 1.359220e+04 1.373077e+04
19.5 1.323863e+04 1.358554e+04 1.370229e+04 1.335538e+04
20.5 1.358155e+04 1.356255e+04 1.374625e+04 1.376525e+04
21.5 1.361763e+04 1.354995e+04 1.375244e+04 1.382012e+04
22.5 1.350105e+04 1.354417e+04 1.374148e+04 1.369836e+04
23.5 1.357883e+04 1.354223e+04 1.372599e+04 1.376259e+04
24.5 1.352336e+04 1.354195e+04 1.371259e+04 1.369400e+04
25.5 1.356235e+04 1.354129e+04 1.370308e+04 1.372414e+04
26.5 1.367245e+04 1.354458e+04 1.365170e+04 1.377957e+04
27.5 1.344167e+04 1.356367e+04 1.348671e+04 1.336471e+04
0.5 1.353835e+04 1.358501e+04 1.318812e+04 1.314146e+04
1.5 1.357479e+04 1.361991e+04 1.323236e+04 1.318724e+04
2.5 1.368325e+04 1.363791e+04 1.340754e+04 1.345288e+04
3.5 1.375611e+04 1.361754e+04 1.359220e+04 1.373077e+04
4.5 1.323863e+04 1.358554e+04 1.370229e+04 1.335538e+04
5.5 1.358155e+04 1.356255e+04 1.374625e+04 1.376525e+04
6.5 1.361763e+04 1.354995e+04 1.375244e+04 1.382012e+04
7.5 1.350105e+04 1.354417e+04 1.374148e+04 1.369836e+04
8.5 1.357883e+04 1.354223e+04 1.372599e+04 1.376259e+04
9.5 1.352336e+04 1.354195e+04 1.371259e+04 1.369400e+04
10.5 1.356235e+04 1.354129e+04 1.370308e+04 1.372414e+04
11.5 1.367245e+04 1.354458e+04 1.365170e+04 1.377957e+04
12.5 1.344167e+04 1.356367e+04 1.348671e+04 1.336471e+04
13.5 1.362160e+04 1.358634e+04 1.331685e+04 1.335211e+04
14.5 1.366387e+04 1.360032e+04 1.321954e+04 1.328309e+04
15.5 1.347041e+04 1.360608e+04 1.318455e+04 1.304889e+04
16.5 1.370786e+04 1.360228e+04 1.322927e+04 1.333485e+04
17.5 1.370427e+04 1.357987e+04 1.340481e+04 1.352922e+04
18.5 1.328815e+04 1.355294e+04 1.358982e+04 1.332503e+04
19.5 1.353386e+04 1.353489e+04 1.370024e+04 1.369921e+04
20.5 1.349352e+04 1.352637e+04 1.374451e+04 1.371165e+04
21.5 1.331265e+04 1.352378e+04 1.375099e+04 1.353986e+04
22.5 1.316390e+04 1.352409e+04 1.374032e+04 1.338012e+04
23.5 1.350147e+04 1.352539e+04 1.372510e+04 1.370118e+04
24.5 1.349763e+04 1.352659e+04 1.371196e+04 1.368300e+04
25.5 1.342539e+04 1.352662e+04 1.370270e+04 1.360147e+04
26.5 1.353552e+04 1.353043e+04 1.365157e+04 1.365665e+04
27.5 1.361884e+04 1.355015e+04 1.348682e+04 1.355551e+04
0.5 1.347041e+04 1.360608e+04 1.318455e+04 1.304889e+04
1.5 1.370786e+04 1.360228e+04 1.322927e+04 1.333485e+04
2.5 1.370427e+04 1.357987e+04 1.340481e+04 1.352922e+04
3.5 1.328815e+04 1.355294e+04 1.358982e+04 1.332503e+04
4.5 1.353386e+04 1.353489e+04 1.370024e+04 1.369921e+04
5.5 1.349352e+04 1.352637e+04 1.374451e+04 1.371165e+04
6.5 1.331265e+04 1.352378e+04 1.375099e+04 1.353986e+04
7.5 1.316390e+04 1.352409e+04 1.374032e+04 1.338012e+04
8.5 1.350147e+04 1.352539e+04 1.372510e+04 1.370118e+04
9.5 1.349763e+04 1.352659e+04 1.371196e+04 1.368300e+04
10.5 1.342539e+04 1.352662e+04 1.370270e+04 1.360147e+04
11.5 1.353552e+04 1.353043e+04 1.365157e+04 1.365665e+04
12.5 1.361884e+04 1.355015e+04 1.348682e+04 1.355551e+04
13.5 1.352621e+04 1.357355e+04 1.331720e+04 1.326985e+04
14.5 1.351540e+04 1.358835e+04 1.322012e+04 1.314717e+04
15.5 1.362174e+04 1.359493e+04 1.318536e+04 1.321218e+04
16.5 1.361228e+04 1.359196e+04 1.323032e+04 1.325064e+04
17.5 1.367294e+04 1.357033e+04 1.340609e+04 1.350870e+04
18.5 1.346418e+04 1.354417e+04 1.359133e+04 1.351135e+04
19.5 1.339646e+04 1.352683e+04 1.370199e+04 1.357162e+04
20.5 1.329715e+04 1.351900e+04 1.374650e+04 1.352465e+04
21.5 1.362708e+04 1.351707e+04 1.375324e+04 1.386325e+04
22.5 1.355247e+04 1.351800e+04 1.374282e+04 1.377730e+04
23.5 1.356752e+04 1.351988e+04 1.372787e+04 1.377551e+04
24.5 1.353655e+04 1.352158e+04 1.371501e+04 1.372999e+04
25.5 1.357726e+04 1.351428e+04 1.370605e+04 1.376902e+04
26.5 1.335698e+04 1.348636e+04 1.365522e+04 1.352583e+04
27.5 1.326060e+04 1.346897e+04 1.349078e+04 1.328242e+04
0.5 1.362174e+04 1.359493e+04 1.318536e+04 1.321218e+04
1.5 1.361228e+04 1.359196e+04 1.323032e+04 1.325064e+04
2.5 1.367294e+04 1.357033e+04 1.340609e+04 1.350870e+04
3.5 1.346418e+04 1.354417e+04 1.359133e+04 1.351135e+04
4.5 1.339646e+04 1.352683e+04 1.370199e+04 1.357162e+04
5.5 1.329715e+04 1.351900e+04 1.374650e+04 1.352465e+04
6.5 1.362708e+04 1.351707e+04 1.375324e+04 1.386325e+04
7.5 1.355247e+04 1.351800e+04 1.374282e+04 1.377730e+04
8.5 1.356752e+04 1.351988e+04 1.372787e+04 1.377551e+04
9.5 1.353655e+04 1.352158e+04 1.371501e+04 1.372999e+04
10.5 1.357726e+04 1.351428e+04 1.370605e+04 1.376902e+04
11.5 1.335698e+04 1.348636e+04 1.365522e+04 1.352583e+04
12.5 1.326060e+04 1.346897e+04 1.349078e+04 1.328242e+04
13.5 1.349052e+04 1.348650e+04 1.332150e+04 1.332552e+04
14.5 1.377560e+04 1.351442e+04 1.322477e+04 1.348595e+04
15.5 1.360575e+04 1.354184e+04 1.319038e+04 1.325429e+04
16.5 1.362119e+04 1.357958e+04 1.323572e+04 1.327733e+04
17.5 1.339900e+04 1.360027e+04 1.341191e+04 1.321064e+04
18.5 1.378672e+04 1.358254e+04 1.359758e+04 1.380177e+04
19.5 1.342208e+04 1.355307e+04 1.370870e+04 1.357771e+04
20.5 1.378889e+04 1.353248e+04 1.375370e+04 1.401010e+04
21.5 1.359434e+04 1.352218e+04 1.376095e+04 1.383311e+04
22.5 1.368653e+04 1.351860e+04 1.375108e+04 1.391901e+04
23.5 1.357003e+04 1.351874e+04 1.373671e+04 1.378800e+04
24.5 1.353701e+04 1.352045e+04 1.372446e+04 1.374101e+04
25.5 1.360660e+04 1.352169e+04 1.371614e+04 1.380105e+04
26.5 1.344872e+04 1.352678e+04 1.366599e+04 1.358792e+04
27.5 1.353950e+04 1.354760e+04 1.350228e+04 1.349418e+04
0.5 1.360575e+04 1.354184e+04 1.319038e+04 1.325429e+04
1.5 1.362119e+04 1.357958e+04 1.323572e+04 1.327733e+04
2.5 1.339900e+04 1.360027e+04 1.341191e+04 1.321064e+04
3.5 1.378672e+04 1.358254e+04 1.359758e+04 1.380177e+04
4.5 1.342208e+04 1.355307e+04 1.370870e+04 1.357771e+04
5.5 1.378889e+04 1.353248e+04 1.375370e+04 1.401010e+04
6.5 1.359434e+04 1.352218e+04 1.376095e+04 1.383311e+04
7.5 1.368653e+04 1.351860e+04 1.375108e+04 1.391901e+04
8.5 1.357003e+04 1.351874e+04 1.373671e+04 1.378800e+04
9.5 1.353701e+04 1.352045e+04 1.372446e+04 1.374101e+04
10.5 1.360660e+04 1.352169e+04 1.371614e+04 1.380105e+04
11.5 1.344872e+04 1.352678e+04 1.366599e+04 1.358792e+04
12.5 1.353950e+04 1.354760e+04 1.350228e+04 1.349418e+04
13.5 1.358919e+04 1.357191e+04 1.333376e+04 1.335103e+04
14.5 1.346369e+04 1.358755e+04 1.323784e+04 1.311398e+04
15.5 1.345850e+04 1.359501e+04 1.320439e+04 1.306788e+04
16.5 1.381486e+04 1.359279e+04 1.325073e+04 1.347280e+04
17.5 1.343207e+04 1.357183e+04 1.342797e+04 1.328821e+04
18.5 1.368359e+04 1.354622e+04 1.361471e+04 1.375208e+04
19.5 1.345738e+04 1.352936e+04 1.372689e+04 1.365491e+04
20.5 1.350647e+04 1.352198e+04 1.377296e+04 1.375746e+04
21.5 1.362142e+04 1.352048e+04 1.378133e+04 1.388226e+04
22.5 1.377168e+04 1.352186e+04 1.377262e+04 1.402245e+04
23.5 1.351140e+04 1.352418e+04 1.375948e+04 1.374670e+04
24.5 1.361856e+04 1.352633e+04 1.374854e+04 1.384078e+04
25.5 1.360925e+04 1.351948e+04 1.374161e+04 1.383138e+04
26.5 1.343517e+04 1.349201e+04 1.369292e+04 1.363608e+04
27.5 1.368403e+04 1.347510e+04 1.353079e+04 1.373972e+04
0.5 1.345850e+04 1.359501e+04 1.320439e+04 1.306788e+04
1.5 1.381486e+04 1.359279e+04 1.325073e+04 1.347280e+04
2.5 1.343207e+04 1.357183e+04 1.342797e+04 1.328821e+04
3.5 1.368359e+04 1.354622e+04 1.361471e+04 1.375208e+04
4.5 1.345738e+04 1.352936e+04 1.372689e+04 1.365491e+04
5.5 1.350647e+04 1.352198e+04 1.377296e+04 1.375746e+04
6.5 1.362142e+04 1.352048e+04 1.378133e+04 1.388226e+04
7.5 1.377168e+04 1.352186e+04 1.377262e+04 1.402245e+04
8.5 1.351140e+04 1.352418e+04 1.375948e+04 1.374670e+04
9.5 1.361856e+04 1.352633e+04 1.374854e+04 1.384078e+04
10.5 1.360925e+04 1.351948e+04 1.374161e+04 1.383138e+04
11.5 1.343517e+04 1.349201e+04 1.369292e+04 1.363608e+04
12.5 1.368403e+04 1.347510e+04 1.353079e+04 1.373972e+04
13.5 1.352715e+04 1.349313e+04 1.336409e+04 1.339811e+04
14.5 1.348556e+04 1.352124e+04 1.327026e+04 1.323457e+04
15.5 1.348723e+04 1.351013e+04 1.323868e+04 1.321578e+04
