0.5 1.893096e+03 1.895766e+03 1.884198e+03 1.881528e+03
1.5 1.923334e+03 1.901735e+03 1.894021e+03 1.915620e+03
2.5 1.953778e+03 1.926367e+03 1.929724e+03 1.957135e+03
3.5 1.960753e+03 1.952643e+03 1.966857e+03 1.974967e+03
4.5 1.857893e+03 1.967858e+03 1.988029e+03 1.878063e+03
5.5 1.960321e+03 1.973366e+03 1.995427e+03 1.982382e+03
6.5 1.954998e+03 1.966550e+03 1.985143e+03 1.973591e+03
7.5 1.952817e+03 1.938955e+03 1.945784e+03 1.959645e+03
8.5 1.913287e+03 1.909341e+03 1.904350e+03 1.908295e+03
9.5 1.958994e+03 1.891309e+03 1.879539e+03 1.947225e+03
10.5 1.856336e+03 1.883834e+03 1.869477e+03 1.841978e+03
11.5 1.865579e+03 1.882477e+03 1.867847e+03 1.850948e+03
12.5 1.898417e+03 1.883942e+03 1.870060e+03 1.884535e+03
13.5 1.899830e+03 1.886201e+03 1.873308e+03 1.886937e+03
14.5 1.871540e+03 1.888180e+03 1.876116e+03 1.859476e+03
15.5 1.858414e+03 1.889452e+03 1.878084e+03 1.847047e+03
16.5 1.922026e+03 1.897030e+03 1.889393e+03 1.914389e+03
17.5 1.984790e+03 1.922646e+03 1.926008e+03 1.988151e+03
18.5 1.907554e+03 1.949560e+03 1.963727e+03 1.921721e+03
19.5 1.965078e+03 1.965241e+03 1.985323e+03 1.985160e+03
20.5 1.962479e+03 1.971137e+03 1.993071e+03 1.984413e+03
21.5 1.928386e+03 1.964674e+03 1.983102e+03 1.946814e+03
22.5 2.000254e+03 1.937414e+03 1.944039e+03 2.006879e+03
0.5 1.858414e+03 1.889452e+03 1.878084e+03 1.847047e+03
1.5 1.922026e+03 1.897030e+03 1.889393e+03 1.914389e+03
2.5 1.984790e+03 1.922646e+03 1.926008e+03 1.988151e+03
3.5 1.907554e+03 1.949560e+03 1.963727e+03 1.921721e+03
4.5 1.965078e+03 1.965241e+03 1.985323e+03 1.985160e+03
5.5 1.962479e+03 1.971137e+03 1.993071e+03 1.984413e+03
6.5 1.928386e+03 1.964674e+03 1.983102e+03 1.946814e+03
7.5 2.000254e+03 1.937414e+03 1.944039e+03 2.006879e+03
8.5 1.872958e+03 1.908121e+03 1.902889e+03 1.867725e+03
9.5 1.789843e+03 1.890401e+03 1.878352e+03 1.777794e+03
10.5 1.823248e+03 1.883230e+03 1.868554e+03 1.808573e+03
11.5 1.794813e+03 1.882168e+03 1.867180e+03 1.779826e+03
12.5 1.880517e+03 1.883918e+03 1.869640e+03 1.866238e+03
13.5 1.803542e+03 1.886455e+03 1.873126e+03 1.790212e+03
14.5 1.928631e+03 1.888700e+03 1.876163e+03 1.916094e+03
15.5 1.842439e+03 1.889709e+03 1.878269e+03 1.831000e+03
16.5 1.864255e+03 1.884474e+03 1.879538e+03 1.859319e+03
17.5 1.838226e+03 1.868519e+03 1.880246e+03 1.849953e+03
18.5 1.813802e+03 1.854039e+03 1.880647e+03 1.840410e+03
19.5 1.777832e+03 1.846963e+03 1.880902e+03 1.811771e+03
20.5 1.854544e+03 1.845707e+03 1.881098e+03 1.889934e+03
21.5 1.860337e+03 1.852673e+03 1.881274e+03 1.888938e+03
22.5 1.791955e+03 1.870947e+03 1.881448e+03 1.802456e+03
0.5 1.966228e+03 1.896461e+03 1.883123e+03 1.952891e+03
1.5 1.938644e+03 1.903239e+03 1.893603e+03 1.929009e+03
2.5 1.940906e+03 1.928667e+03 1.929946e+03 1.942185e+03
3.5 2.021882e+03 1.955726e+03 1.967700e+03 2.033856e+03
4.5 1.934934e+03 1.971714e+03 1.989477e+03 1.952697e+03
5.5 2.007051e+03 1.977999e+03 1.997471e+03 2.026524e+03
6.5 2.010564e+03 1.971952e+03 1.987769e+03 2.026382e+03
7.5 1.956602e+03 1.945119e+03 1.948979e+03 1.960462e+03
8.5 1.963694e+03 1.916259e+03 1.908102e+03 1.955536e+03
9.5 1.880052e+03 1.898973e+03 1.883837e+03 1.864915e+03
10.5 1.975785e+03 1.892243e+03 1.874310e+03 1.957852e+03
11.5 1.889406e+03 1.891628e+03 1.873207e+03 1.870984e+03
12.5 1.946389e+03 1.893838e+03 1.875939e+03 1.928490e+03
13.5 1.912668e+03 1.896849e+03 1.879701e+03 1.895520e+03
14.5 1.855034e+03 1.899582e+03 1.883020e+03 1.838471e+03
15.5 1.832569e+03 1.901099e+03 1.885414e+03 1.816884e+03
16.5 1.878123e+03 1.896393e+03 1.886979e+03 1.868709e+03
17.5 1.899534e+03 1.880995e+03 1.887995e+03 1.906533e+03
18.5 1.895954e+03 1.867114e+03 1.888714e+03 1.917554e+03
19.5 1.833700e+03 1.860678e+03 1.889302e+03 1.862323e+03
20.5 1.845912e+03 1.859595e+03 1.889845e+03 1.876162e+03
