0.5 9.665670e+03 9.719198e+03 9.725352e+03 9.671824e+03
1.5 9.789818e+03 9.749909e+03 9.738127e+03 9.778036e+03
2.5 9.967815e+03 9.816999e+03 9.782691e+03 9.933506e+03
3.5 9.814769e+03 9.870594e+03 9.829000e+03 9.773175e+03
4.5 9.835403e+03 9.893730e+03 9.855680e+03 9.797353e+03
5.5 9.774462e+03 9.894818e+03 9.865411e+03 9.745055e+03
6.5 9.810414e+03 9.862836e+03 9.853384e+03 9.800961e+03
7.5 9.876227e+03 9.791563e+03 9.805581e+03 9.890244e+03
8.5 9.683482e+03 9.733876e+03 9.755198e+03 9.704804e+03
9.5 9.674872e+03 9.708029e+03 9.725205e+03 9.692048e+03
10.5 9.649414e+03 9.701901e+03 9.713298e+03 9.660810e+03
11.5 9.796584e+03 9.704730e+03 9.711716e+03 9.803571e+03
12.5 9.652511e+03 9.710713e+03 9.714821e+03 9.656619e+03
13.5 9.600211e+03 9.716662e+03 9.719166e+03 9.602715e+03
14.5 9.629222e+03 9.721165e+03 9.722935e+03 9.630992e+03
15.5 9.800916e+03 9.725814e+03 9.725540e+03 9.800642e+03
16.5 9.762550e+03 9.731395e+03 9.727091e+03 9.758247e+03
17.5 9.671152e+03 9.728632e+03 9.727932e+03 9.670452e+03
18.5 9.688715e+03 9.717818e+03 9.728371e+03 9.699269e+03
19.5 9.809539e+03 9.707922e+03 9.728608e+03 9.830225e+03
20.5 9.687606e+03 9.700886e+03 9.728748e+03 9.715468e+03
21.5 9.842682e+03 9.695282e+03 9.728842e+03 9.876241e+03
22.5 9.696001e+03 9.699241e+03 9.728909e+03 9.725669e+03
0.5 9.815486e+03 9.731228e+03 9.726261e+03 9.810519e+03
1.5 9.794711e+03 9.759444e+03 9.738557e+03 9.773824e+03
2.5 9.784537e+03 9.824598e+03 9.782602e+03 9.742541e+03
3.5 9.820583e+03 9.876621e+03 9.828356e+03 9.772317e+03
4.5 9.992007e+03 9.898388e+03 9.854458e+03 9.948077e+03
5.5 1.004311e+04 9.898209e+03 9.863595e+03 1.000850e+04
6.5 9.967920e+03 9.865013e+03 9.850966e+03 9.953872e+03
7.5 9.765895e+03 9.792577e+03 9.802575e+03 9.775892e+03
8.5 9.836528e+03 9.733726e+03 9.751589e+03 9.854391e+03
9.5 9.716257e+03 9.706714e+03 9.720980e+03 9.730523e+03
10.5 9.633956e+03 9.699419e+03 9.708443e+03 9.642980e+03
11.5 9.695629e+03 9.701077e+03 9.706220e+03 9.700771e+03
12.5 9.667121e+03 9.705888e+03 9.708671e+03 9.669904e+03
13.5 9.655499e+03 9.710662e+03 9.712349e+03 9.657186e+03
14.5 9.634158e+03 9.713986e+03 9.715440e+03 9.635612e+03
15.5 9.691538e+03 9.717452e+03 9.717354e+03 9.691439e+03
16.5 9.654673e+03 9.721846e+03 9.718202e+03 9.651029e+03
17.5 9.662620e+03 9.717889e+03 9.718326e+03 9.663056e+03
18.5 9.854657e+03 9.705874e+03 9.718034e+03 9.866817e+03
19.5 9.710095e+03 9.694775e+03 9.717525e+03 9.732845e+03
20.5 9.632660e+03 9.686513e+03 9.716900e+03 9.663047e+03
21.5 9.666318e+03 9.679659e+03 9.716210e+03 9.702869e+03
22.5 9.741913e+03 9.682345e+03 9.715473e+03 9.775041e+03
0.5 9.717817e+03 9.706258e+03 9.708118e+03 9.719677e+03
1.5 9.781114e+03 9.733263e+03 9.719549e+03 9.767399e+03
2.5 9.832701e+03 9.797120e+03 9.762671e+03 9.798251e+03
3.5 9.832159e+03 9.847712e+03 9.807410e+03 9.791857e+03
4.5 9.774477e+03 9.867889e+03 9.832392e+03 9.738981e+03
5.5 9.890859e+03 9.862897e+03 9.840315e+03 9.868277e+03
