0.5 9.665670e+03 9.719198e+03 9.748558e+03 9.695030e+03
1.5 9.789818e+03 9.749909e+03 9.772732e+03 9.812640e+03
2.5 9.967815e+03 9.816999e+03 9.790387e+03 9.941203e+03
3.5 9.814769e+03 9.870594e+03 9.779680e+03 9.723856e+03
4.5 9.835403e+03 9.893730e+03 9.759034e+03 9.700707e+03
5.5 9.774462e+03 9.894818e+03 9.737526e+03 9.617170e+03
6.5 9.810414e+03 9.862836e+03 9.706046e+03 9.653624e+03
7.5 9.876227e+03 9.791563e+03 9.685794e+03 9.770457e+03
8.5 9.683482e+03 9.733876e+03 9.696536e+03 9.646143e+03
9.5 9.674872e+03 9.708029e+03 9.718289e+03 9.685131e+03
10.5 9.649414e+03 9.701901e+03 9.734163e+03 9.681676e+03
11.5 9.796584e+03 9.704730e+03 9.742464e+03 9.834319e+03
12.5 9.652511e+03 9.710713e+03 9.745672e+03 9.687470e+03
13.5 9.600211e+03 9.716662e+03 9.745958e+03 9.629507e+03
14.5 9.629222e+03 9.721165e+03 9.744930e+03 9.652986e+03
15.5 9.800916e+03 9.725814e+03 9.743660e+03 9.818762e+03
16.5 9.762550e+03 9.731395e+03 9.742659e+03 9.773815e+03
17.5 9.671152e+03 9.728632e+03 9.742031e+03 9.684551e+03
18.5 9.688715e+03 9.717818e+03 9.741690e+03 9.712588e+03
19.5 9.809539e+03 9.707922e+03 9.741521e+03 9.843138e+03
20.5 9.687606e+03 9.700886e+03 9.741440e+03 9.728159e+03
21.5 9.842682e+03 9.695282e+03 9.741397e+03 9.888797e+03
22.5 9.696001e+03 9.699241e+03 9.741371e+03 9.738131e+03
0.5 9.815486e+03 9.731228e+03 9.748031e+03 9.832289e+03
1.5 9.794711e+03 9.759444e+03 9.772174e+03 9.807441e+03
2.5 9.784537e+03 9.824598e+03 9.789797e+03 9.749736e+03
3.5 9.820583e+03 9.876621e+03 9.779068e+03 9.723029e+03
4.5 9.992007e+03 9.898388e+03 9.758410e+03 9.852029e+03
5.5 1.004311e+04 9.898209e+03 9.736901e+03 9.881805e+03
6.5 9.967920e+03 9.865013e+03 9.705435e+03 9.808342e+03
7.5 9.765895e+03 9.792577e+03 9.685193e+03 9.658510e+03
8.5 9.836528e+03 9.733726e+03 9.695931e+03 9.798733e+03
9.5 9.716257e+03 9.706714e+03 9.717680e+03 9.727223e+03
10.5 9.633956e+03 9.699419e+03 9.733552e+03 9.668089e+03
11.5 9.695629e+03 9.701077e+03 9.741852e+03 9.736403e+03
12.5 9.667121e+03 9.705888e+03 9.745058e+03 9.706291e+03
13.5 9.655499e+03 9.710662e+03 9.745343e+03 9.690180e+03
14.5 9.634158e+03 9.713986e+03 9.744314e+03 9.664486e+03
15.5 9.691538e+03 9.717452e+03 9.743043e+03 9.717128e+03
16.5 9.654673e+03 9.721846e+03 9.742041e+03 9.674868e+03
17.5 9.662620e+03 9.717889e+03 9.741411e+03 9.686141e+03
18.5 9.854657e+03 9.705874e+03 9.741067e+03 9.889850e+03
19.5 9.710095e+03 9.694775e+03 9.740893e+03 9.756213e+03
20.5 9.632660e+03 9.686513e+03 9.740805e+03 9.686952e+03
21.5 9.666318e+03 9.679659e+03 9.740756e+03 9.727415e+03
22.5 9.741913e+03 9.682345e+03 9.740721e+03 9.800289e+03
0.5 9.717817e+03 9.706258e+03 9.747436e+03 9.758995e+03
1.5 9.781114e+03 9.733263e+03 9.771539e+03 9.819390e+03
2.5 9.832701e+03 9.797120e+03 9.789097e+03 9.824678e+03
3.5 9.832159e+03 9.847712e+03 9.778277e+03 9.762725e+03
4.5 9.774477e+03 9.867889e+03 9.757531e+03 9.664119e+03
5.5 9.890859e+03 9.862897e+03 9.735945e+03 9.763908e+03
