0.5 8.034336e+03 7.895034e+03 7.955509e+03 8.094811e+03
1.5 8.196692e+03 8.056934e+03 8.086893e+03 8.226651e+03
2.5 8.411619e+03 8.304829e+03 8.182851e+03 8.289641e+03
3.5 8.299679e+03 8.425101e+03 8.124655e+03 7.999233e+03
4.5 8.475737e+03 8.426180e+03 8.012442e+03 8.061999e+03
5.5 8.298819e+03 8.360806e+03 7.895547e+03 7.833560e+03
6.5 8.222338e+03 8.168312e+03 7.724453e+03 7.778479e+03
7.5 7.922025e+03 7.897240e+03 7.614379e+03 7.639164e+03
8.5 7.819046e+03 7.762996e+03 7.672764e+03 7.728814e+03
9.5 7.763404e+03 7.755701e+03 7.790991e+03 7.798694e+03
10.5 7.709065e+03 7.787147e+03 7.877268e+03 7.799186e+03
11.5 7.669681e+03 7.820804e+03 7.922388e+03 7.771264e+03
12.5 7.678479e+03 7.847638e+03 7.939823e+03 7.770665e+03
13.5 7.744974e+03 7.865220e+03 7.941377e+03 7.821130e+03
14.5 7.850229e+03 7.874475e+03 7.935788e+03 7.911542e+03
15.5 8.001489e+03 7.878600e+03 7.928884e+03 8.051774e+03
16.5 8.052890e+03 7.874267e+03 7.923447e+03 8.102070e+03
17.5 7.767573e+03 7.851553e+03 7.920032e+03 7.836052e+03
18.5 7.795423e+03 7.826284e+03 7.918180e+03 7.887319e+03
19.5 7.858763e+03 7.811160e+03 7.917261e+03 7.964864e+03
20.5 7.863759e+03 7.805197e+03 7.916817e+03 7.975379e+03
21.5 7.895352e+03 7.810469e+03 7.916588e+03 8.001471e+03
22.5 7.906547e+03 7.835616e+03 7.916444e+03 7.987374e+03
0.5 8.036289e+03 7.904770e+03 7.952642e+03 8.084162e+03
1.5 8.174011e+03 8.063071e+03 8.083860e+03 8.194800e+03
2.5 8.420613e+03 8.307736e+03 8.179645e+03 8.292522e+03
3.5 8.206207e+03 8.425048e+03 8.121328e+03 7.902487e+03
4.5 8.546018e+03 8.423332e+03 8.009055e+03 8.131740e+03
5.5 8.246953e+03 8.355248e+03 7.892148e+03 7.783853e+03
6.5 8.366638e+03 8.160133e+03 7.721131e+03 7.927635e+03
7.5 8.065768e+03 7.886501e+03 7.611114e+03 7.790381e+03
8.5 7.640934e+03 7.749588e+03 7.669475e+03 7.560820e+03
9.5 7.637678e+03 7.739589e+03 7.787683e+03 7.685773e+03
10.5 7.626603e+03 7.768293e+03 7.873947e+03 7.732257e+03
11.5 7.731028e+03 7.799173e+03 7.919057e+03 7.850912e+03
12.5 7.786392e+03 7.823195e+03 7.936485e+03 7.899682e+03
13.5 7.632033e+03 7.837930e+03 7.938033e+03 7.732136e+03
14.5 7.701374e+03 7.844302e+03 7.932439e+03 7.789511e+03
15.5 7.858675e+03 7.845505e+03 7.925529e+03 7.938699e+03
16.5 7.708633e+03 7.838212e+03 7.920085e+03 7.790506e+03
17.5 7.790184e+03 7.812494e+03 7.916659e+03 7.894350e+03
18.5 7.705075e+03 7.784174e+03 7.914793e+03 7.835694e+03
19.5 7.963217e+03 7.765951e+03 7.913846e+03 8.111112e+03
20.5 7.699196e+03 7.756824e+03 7.913367e+03 7.855739e+03
21.5 7.788653e+03 7.758859e+03 7.913101e+03 7.942895e+03
22.5 7.754105e+03 7.780689e+03 7.912912e+03 7.886329e+03
0.5 7.835528e+03 7.830649e+03 7.949408e+03 7.954287e+03
1.5 8.086110e+03 7.985402e+03 8.080411e+03 8.181120e+03
2.5 8.285996e+03 8.226178e+03 8.175840e+03 8.235658e+03
3.5 8.220164e+03 8.339137e+03 8.117034e+03 7.998061e+03
4.5 8.342658e+03 8.332635e+03 8.004273e+03 8.014296e+03
5.5 8.183198e+03 8.254536e+03 7.886954e+03 7.815615e+03
