0.5 6.674348e+03 6.707719e+03 6.749857e+03 6.716486e+03
1.5 6.794146e+03 6.747531e+03 6.785284e+03 6.831900e+03
2.5 6.802612e+03 6.793648e+03 6.812049e+03 6.821013e+03
3.5 6.795576e+03 6.799515e+03 6.797727e+03 6.793788e+03
4.5 6.778509e+03 6.781339e+03 6.768581e+03 6.765751e+03
5.5 6.671007e+03 6.763568e+03 6.747743e+03 6.655182e+03
6.5 6.714504e+03 6.751765e+03 6.737194e+03 6.699933e+03
7.5 6.801064e+03 6.744846e+03 6.733364e+03 6.789582e+03
8.5 6.916896e+03 6.741353e+03 6.733320e+03 6.908863e+03
9.5 6.654910e+03 6.739910e+03 6.734865e+03 6.649865e+03
10.5 6.729678e+03 6.737241e+03 6.726678e+03 6.719114e+03
11.5 6.715489e+03 6.726500e+03 6.692794e+03 6.681784e+03
12.5 6.666856e+03 6.709942e+03 6.667041e+03 6.623954e+03
13.5 6.790425e+03 6.701343e+03 6.681937e+03 6.771019e+03
14.5 6.565947e+03 6.700330e+03 6.711462e+03 6.577079e+03
15.5 6.730820e+03 6.703589e+03 6.742513e+03 6.769744e+03
16.5 6.703237e+03 6.715077e+03 6.788482e+03 6.776642e+03
17.5 6.698188e+03 6.731782e+03 6.819019e+03 6.785425e+03
18.5 6.727220e+03 6.739769e+03 6.804681e+03 6.792132e+03
19.5 6.709693e+03 6.739579e+03 6.773883e+03 6.743996e+03
20.5 6.831893e+03 6.736867e+03 6.751165e+03 6.846190e+03
21.5 6.732620e+03 6.734004e+03 6.739171e+03 6.737787e+03
22.5 6.688573e+03 6.731592e+03 6.734445e+03 6.691426e+03
23.5 6.782618e+03 6.729800e+03 6.733923e+03 6.786741e+03
24.5 6.753512e+03 6.728570e+03 6.735238e+03 6.760180e+03
25.5 6.689313e+03 6.726832e+03 6.726952e+03 6.689433e+03
26.5 6.758357e+03 6.732286e+03 6.693040e+03 6.719110e+03
27.5 6.808127e+03 6.762673e+03 6.667286e+03 6.712739e+03
0.5 6.730820e+03 6.703589e+03 6.742513e+03 6.769744e+03
1.5 6.703237e+03 6.715077e+03 6.788482e+03 6.776642e+03
2.5 6.698188e+03 6.731782e+03 6.819019e+03 6.785425e+03
3.5 6.727220e+03 6.739769e+03 6.804681e+03 6.792132e+03
4.5 6.709693e+03 6.739579e+03 6.773883e+03 6.743996e+03
5.5 6.831893e+03 6.736867e+03 6.751165e+03 6.846190e+03
6.5 6.732620e+03 6.734004e+03 6.739171e+03 6.737787e+03
7.5 6.688573e+03 6.731592e+03 6.734445e+03 6.691426e+03
8.5 6.782618e+03 6.729800e+03 6.733923e+03 6.786741e+03
9.5 6.753512e+03 6.728570e+03 6.735238e+03 6.760180e+03
10.5 6.689313e+03 6.726832e+03 6.726952e+03 6.689433e+03
11.5 6.758357e+03 6.732286e+03 6.693040e+03 6.719110e+03
12.5 6.808127e+03 6.762673e+03 6.667286e+03 6.712739e+03
13.5 6.979190e+03 6.798391e+03 6.682181e+03 6.862981e+03
14.5 6.810191e+03 6.820743e+03 6.711697e+03 6.701145e+03
15.5 6.889933e+03 6.830475e+03 6.742732e+03 6.802191e+03
16.5 6.934264e+03 6.825253e+03 6.788668e+03 6.897678e+03
17.5 6.771751e+03 6.791559e+03 6.819176e+03 6.799368e+03
18.5 6.657472e+03 6.751594e+03 6.804829e+03 6.710707e+03
19.5 6.751952e+03 6.725472e+03 6.774024e+03 6.800503e+03
20.5 6.572622e+03 6.713834e+03 6.751298e+03 6.610087e+03
21.5 6.649640e+03 6.711073e+03 6.739299e+03 6.677866e+03
22.5 6.659550e+03 6.712594e+03 6.734567e+03 6.681522e+03
23.5 6.918295e+03 6.715494e+03 6.734040e+03 6.936840e+03
24.5 6.592272e+03 6.718173e+03 6.735351e+03 6.609451e+03
25.5 6.668554e+03 6.719148e+03 6.727061e+03 6.676467e+03
26.5 6.781264e+03 6.726314e+03 6.693146e+03 6.748097e+03
27.5 6.776588e+03 6.757768e+03 6.667390e+03 6.686209e+03
0.5 6.889933e+03 6.830475e+03 6.742732e+03 6.802191e+03
1.5 6.934264e+03 6.825253e+03 6.788668e+03 6.897678e+03
2.5 6.771751e+03 6.791559e+03 6.819176e+03 6.799368e+03
3.5 6.657472e+03 6.751594e+03 6.804829e+03 6.710707e+03
4.5 6.751952e+03 6.725472e+03 6.774024e+03 6.800503e+03
5.5 6.572622e+03 6.713834e+03 6.751298e+03 6.610087e+03
6.5 6.649640e+03 6.711073e+03 6.739299e+03 6.677866e+03
7.5 6.659550e+03 6.712594e+03 6.734567e+03 6.681522e+03
8.5 6.918295e+03 6.715494e+03 6.734040e+03 6.936840e+03
9.5 6.592272e+03 6.718173e+03 6.735351e+03 6.609451e+03
10.5 6.668554e+03 6.719148e+03 6.727061e+03 6.676467e+03
11.5 6.781264e+03 6.726314e+03 6.693146e+03 6.748097e+03
12.5 6.776588e+03 6.757768e+03 6.667390e+03 6.686209e+03
13.5 6.874871e+03 6.794202e+03 6.682284e+03 6.762952e+03
14.5 6.751539e+03 6.817098e+03 6.711798e+03 6.646238e+03
15.5 6.768612e+03 6.827295e+03 6.742833e+03 6.684150e+03
16.5 6.719505e+03 6.822500e+03 6.788769e+03 6.685774e+03
17.5 6.812727e+03 6.789210e+03 6.819277e+03 6.842795e+03
18.5 6.830455e+03 6.749635e+03 6.804932e+03 6.885752e+03
19.5 6.766961e+03 6.723889e+03 6.774128e+03 6.817200e+03
20.5 6.765185e+03 6.712614e+03 6.751405e+03 6.803976e+03
21.5 6.589312e+03 6.710206e+03 6.739409e+03 6.618514e+03
22.5 6.580472e+03 6.712067e+03 6.734681e+03 6.603085e+03
23.5 6.677780e+03 6.715296e+03 6.734157e+03 6.696641e+03
24.5 6.704415e+03 6.718282e+03 6.735473e+03 6.721605e+03
25.5 6.612971e+03 6.718346e+03 6.727188e+03 6.621813e+03
26.5 6.746951e+03 6.709409e+03 6.693279e+03 6.730821e+03
27.5 6.664144e+03 6.694266e+03 6.667529e+03 6.637407e+03
0.5 6.768612e+03 6.827295e+03 6.742833e+03 6.684150e+03
1.5 6.719505e+03 6.822500e+03 6.788769e+03 6.685774e+03
2.5 6.812727e+03 6.789210e+03 6.819277e+03 6.842795e+03
3.5 6.830455e+03 6.749635e+03 6.804932e+03 6.885752e+03
4.5 6.766961e+03 6.723889e+03 6.774128e+03 6.817200e+03
5.5 6.765185e+03 6.712614e+03 6.751405e+03 6.803976e+03
6.5 6.589312e+03 6.710206e+03 6.739409e+03 6.618514e+03
7.5 6.580472e+03 6.712067e+03 6.734681e+03 6.603085e+03
8.5 6.677780e+03 6.715296e+03 6.734157e+03 6.696641e+03
9.5 6.704415e+03 6.718282e+03 6.735473e+03 6.721605e+03
10.5 6.612971e+03 6.718346e+03 6.727188e+03 6.621813e+03
11.5 6.746951e+03 6.709409e+03 6.693279e+03 6.730821e+03
12.5 6.664144e+03 6.694266e+03 6.667529e+03 6.637407e+03
13.5 6.637172e+03 6.686953e+03 6.682430e+03 6.632649e+03
14.5 6.582746e+03 6.687189e+03 6.711952e+03 6.607509e+03
15.5 6.743959e+03 6.691680e+03 6.742995e+03 6.795274e+03
16.5 6.798135e+03 6.704372e+03 6.788940e+03 6.882703e+03
17.5 6.777693e+03 6.722239e+03 6.819458e+03 6.874912e+03
18.5 6.744714e+03 6.731375e+03 6.805123e+03 6.818461e+03
19.5 6.667567e+03 6.732311e+03 6.774330e+03 6.709586e+03
20.5 6.801894e+03 6.730700e+03 6.751619e+03 6.822812e+03
21.5 6.730702e+03 6.728912e+03 6.739634e+03 6.741424e+03
22.5 6.710194e+03 6.727549e+03 6.734919e+03 6.717564e+03
23.5 6.866171e+03 6.726782e+03 6.734410e+03 6.873799e+03
24.5 6.644925e+03 6.726552e+03 6.735741e+03 6.654114e+03
25.5 6.659202e+03 6.725790e+03 6.727472e+03 6.660883e+03
26.5 6.733880e+03 6.732197e+03 6.693578e+03 6.695261e+03
27.5 6.713627e+03 6.763516e+03 6.667846e+03 6.617957e+03
0.5 6.743959e+03 6.691680e+03 6.742995e+03 6.795274e+03
1.5 6.798135e+03 6.704372e+03 6.788940e+03 6.882703e+03
2.5 6.777693e+03 6.722239e+03 6.819458e+03 6.874912e+03
3.5 6.744714e+03 6.731375e+03 6.805123e+03 6.818461e+03
4.5 6.667567e+03 6.732311e+03 6.774330e+03 6.709586e+03
5.5 6.801894e+03 6.730700e+03 6.751619e+03 6.822812e+03
6.5 6.730702e+03 6.728912e+03 6.739634e+03 6.741424e+03
7.5 6.710194e+03 6.727549e+03 6.734919e+03 6.717564e+03
8.5 6.866171e+03 6.726782e+03 6.734410e+03 6.873799e+03
9.5 6.644925e+03 6.726552e+03 6.735741e+03 6.654114e+03
10.5 6.659202e+03 6.725790e+03 6.727472e+03 6.660883e+03
11.5 6.733880e+03 6.732197e+03 6.693578e+03 6.695261e+03
12.5 6.713627e+03 6.763516e+03 6.667846e+03 6.617957e+03
13.5 6.709513e+03 6.800144e+03 6.682765e+03 6.592133e+03
14.5 6.676127e+03 6.823410e+03 6.712324e+03 6.565041e+03
15.5 6.744834e+03 6.834064e+03 6.743410e+03 6.654179e+03
16.5 6.929895e+03 6.829729e+03 6.789378e+03 6.889544e+03
17.5 6.812592e+03 6.796894e+03 6.819909e+03 6.835607e+03
18.5 6.740323e+03 6.757759e+03 6.805574e+03 6.788138e+03
19.5 6.756083e+03 6.732449e+03 6.774783e+03 6.798417e+03
20.5 6.718753e+03 6.721617e+03 6.752083e+03 6.749219e+03
21.5 6.740694e+03 6.719663e+03 6.740118e+03 6.761149e+03
22.5 6.675286e+03 6.721991e+03 6.735429e+03 6.688724e+03
23.5 6.718610e+03 6.725700e+03 6.734950e+03 6.727859e+03
24.5 6.877157e+03 6.729181e+03 6.736312e+03 6.884288e+03
25.5 6.777135e+03 6.729756e+03 6.728076e+03 6.775454e+03
26.5 6.859625e+03 6.721350e+03 6.694224e+03 6.832499e+03
27.5 6.774488e+03 6.706767e+03 6.668568e+03 6.736289e+03
0.5 6.744834e+03 6.834064e+03 6.743410e+03 6.654179e+03
1.5 6.929895e+03 6.829729e+03 6.789378e+03 6.889544e+03
2.5 6.812592e+03 6.796894e+03 6.819909e+03 6.835607e+03
3.5 6.740323e+03 6.757759e+03 6.805574e+03 6.788138e+03
4.5 6.756083e+03 6.732449e+03 6.774783e+03 6.798417e+03
5.5 6.718753e+03 6.721617e+03 6.752083e+03 6.749219e+03
6.5 6.740694e+03 6.719663e+03 6.740118e+03 6.761149e+03
7.5 6.675286e+03 6.721991e+03 6.735429e+03 6.688724e+03
8.5 6.718610e+03 6.725700e+03 6.734950e+03 6.727859e+03
9.5 6.877157e+03 6.729181e+03 6.736312e+03 6.884288e+03
10.5 6.777135e+03 6.729756e+03 6.728076e+03 6.775454e+03
11.5 6.859625e+03 6.721350e+03 6.694224e+03 6.832499e+03
12.5 6.774488e+03 6.706767e+03 6.668568e+03 6.736289e+03
13.5 6.679011e+03 6.700054e+03 6.683597e+03 6.662554e+03
14.5 6.789934e+03 6.700847e+03 6.713167e+03 6.802254e+03
15.5 6.733127e+03 6.695904e+03 6.734258e+03 6.771482e+03
