0.5 7.314093e+03 7.311234e+03 7.267593e+03 7.270453e+03
1.5 7.559809e+03 7.446738e+03 7.310692e+03 7.423762e+03
2.5 7.721657e+03 7.645867e+03 7.461033e+03 7.536824e+03
3.5 7.727048e+03 7.734339e+03 7.617260e+03 7.609970e+03
4.5 7.648195e+03 7.726468e+03 7.707270e+03 7.628998e+03
5.5 7.631387e+03 7.666861e+03 7.740099e+03 7.704625e+03
6.5 7.588891e+03 7.504834e+03 7.699523e+03 7.783580e+03
7.5 7.343153e+03 7.286842e+03 7.538254e+03 7.594565e+03
8.5 7.187543e+03 7.187630e+03 7.368282e+03 7.368195e+03
9.5 7.195860e+03 7.191139e+03 7.267098e+03 7.271819e+03
10.5 7.148147e+03 7.222100e+03 7.226925e+03 7.152972e+03
11.5 7.135715e+03 7.251578e+03 7.221590e+03 7.105727e+03
12.5 7.003038e+03 7.273637e+03 7.232066e+03 6.961467e+03
13.5 7.124428e+03 7.287321e+03 7.246723e+03 7.083830e+03
14.5 7.308843e+03 7.294047e+03 7.259440e+03 7.274237e+03
15.5 7.449943e+03 7.300159e+03 7.268226e+03 7.418010e+03
16.5 7.410804e+03 7.306325e+03 7.273460e+03 7.377939e+03
17.5 7.315535e+03 7.289577e+03 7.276296e+03 7.302254e+03
18.5 7.296067e+03 7.256395e+03 7.277778e+03 7.317450e+03
19.5 7.171857e+03 7.229580e+03 7.278577e+03 7.220854e+03
20.5 7.301280e+03 7.212434e+03 7.279051e+03 7.367896e+03
21.5 7.391340e+03 7.202798e+03 7.279366e+03 7.467907e+03
22.5 7.255030e+03 7.220467e+03 7.279592e+03 7.314155e+03
0.5 7.283559e+03 7.319847e+03 7.270658e+03 7.234371e+03
1.5 7.652495e+03 7.451554e+03 7.312141e+03 7.513082e+03
2.5 7.720865e+03 7.647535e+03 7.460731e+03 7.534060e+03
3.5 7.653210e+03 7.733380e+03 7.615088e+03 7.534918e+03
4.5 7.722188e+03 7.723201e+03 7.703147e+03 7.702134e+03
5.5 7.578622e+03 7.661450e+03 7.733973e+03 7.651145e+03
6.5 7.579937e+03 7.497388e+03 7.691366e+03 7.773915e+03
7.5 7.492003e+03 7.277417e+03 7.528113e+03 7.742699e+03
8.5 7.157002e+03 7.176145e+03 7.356108e+03 7.336966e+03
9.5 7.057883e+03 7.177563e+03 7.252844e+03 7.133164e+03
10.5 7.049602e+03 7.206401e+03 7.210548e+03 7.053749e+03
11.5 7.087739e+03 7.233722e+03 7.203047e+03 7.057064e+03
12.5 7.133754e+03 7.253595e+03 7.211316e+03 7.091476e+03
13.5 7.073155e+03 7.265060e+03 7.223725e+03 7.031820e+03
14.5 7.065675e+03 7.269536e+03 7.234154e+03 7.030293e+03
15.5 7.262037e+03 7.273365e+03 7.240610e+03 7.229281e+03
16.5 7.219267e+03 7.277215e+03 7.243470e+03 7.185522e+03
17.5 7.183174e+03 7.258116e+03 7.243888e+03 7.168947e+03
18.5 7.232570e+03 7.222543e+03 7.242905e+03 7.252931e+03
19.5 7.228983e+03 7.193315e+03 7.241187e+03 7.276856e+03
20.5 7.140288e+03 7.173714e+03 7.239079e+03 7.205653e+03
21.5 7.220060e+03 7.161551e+03 7.236751e+03 7.295260e+03
22.5 7.157940e+03 7.176621e+03 7.234266e+03 7.215585e+03
0.5 7.196642e+03 7.261114e+03 7.209450e+03 7.144978e+03
1.5 7.504882e+03 7.390031e+03 7.248014e+03 7.362866e+03
2.5 7.648358e+03 7.582946e+03 7.393492e+03 7.458904e+03
3.5 7.594403e+03 7.665353e+03 7.544425e+03 7.473475e+03
4.5 7.599999e+03 7.651355e+03 7.628706e+03 7.577350e+03
5.5 7.498208e+03 7.575899e+03 7.655433e+03 7.577742e+03
