0.5 9.849381e+03 9.896083e+03 9.921252e+03 9.874550e+03
1.5 9.912914e+03 9.920678e+03 9.956112e+03 9.948348e+03
2.5 1.005969e+04 9.970036e+03 9.981572e+03 1.007123e+04
3.5 9.976297e+03 1.000770e+04 9.966131e+03 9.934731e+03
4.5 9.957787e+03 1.002312e+04 9.936358e+03 9.871020e+03
5.5 9.940748e+03 1.002292e+04 9.905342e+03 9.823169e+03
6.5 1.001732e+04 9.998757e+03 9.859946e+03 9.878511e+03
7.5 9.955674e+03 9.947740e+03 9.830740e+03 9.838674e+03
8.5 9.839089e+03 9.908392e+03 9.846232e+03 9.776928e+03
9.5 9.855977e+03 9.892153e+03 9.877600e+03 9.841425e+03
10.5 9.884147e+03 9.889337e+03 9.900492e+03 9.895302e+03
11.5 9.970467e+03 9.892270e+03 9.912464e+03 9.990661e+03
12.5 9.821057e+03 9.897047e+03 9.917090e+03 9.841100e+03
13.5 9.778279e+03 9.901579e+03 9.917502e+03 9.794202e+03
14.5 9.804341e+03 9.904995e+03 9.916019e+03 9.815365e+03
15.5 1.004745e+04 9.909201e+03 9.914188e+03 1.005244e+04
16.5 9.913320e+03 9.910699e+03 9.912745e+03 9.915366e+03
17.5 9.817590e+03 9.892209e+03 9.911839e+03 9.837220e+03
18.5 9.864152e+03 9.864195e+03 9.911347e+03 9.911304e+03
19.5 9.917010e+03 9.844011e+03 9.911104e+03 9.984102e+03
20.5 9.831401e+03 9.832892e+03 9.910986e+03 9.909495e+03
21.5 9.967924e+03 9.830846e+03 9.910925e+03 1.004800e+04
22.5 9.847678e+03 9.851843e+03 9.910887e+03 9.906722e+03
0.5 1.002366e+04 9.916770e+03 9.920491e+03 1.002738e+04
1.5 9.978794e+03 9.937505e+03 9.955307e+03 9.996597e+03
2.5 9.938829e+03 9.984063e+03 9.980722e+03 9.935489e+03
3.5 9.931632e+03 1.001962e+04 9.965249e+03 9.877262e+03
4.5 1.013582e+04 1.003333e+04 9.935459e+03 1.003795e+04
5.5 1.017384e+04 1.003161e+04 9.904440e+03 1.004667e+04
6.5 1.008123e+04 1.000602e+04 9.859065e+03 9.934282e+03
7.5 9.937293e+03 9.953649e+03 9.829874e+03 9.813518e+03
8.5 9.952743e+03 9.912974e+03 9.845359e+03 9.885128e+03
9.5 9.977262e+03 9.895422e+03 9.876723e+03 9.958564e+03
10.5 9.794661e+03 9.891305e+03 9.899611e+03 9.802967e+03
11.5 9.897549e+03 9.892948e+03 9.911580e+03 9.916182e+03
12.5 9.823891e+03 9.896447e+03 9.916204e+03 9.843649e+03
13.5 9.836669e+03 9.899713e+03 9.916615e+03 9.853572e+03
14.5 9.828310e+03 9.901872e+03 9.915131e+03 9.841569e+03
15.5 9.865413e+03 9.904832e+03 9.913297e+03 9.873879e+03
16.5 9.857224e+03 9.905093e+03 9.911853e+03 9.863984e+03
17.5 9.803968e+03 9.885374e+03 9.910944e+03 9.829538e+03
18.5 9.991055e+03 9.856137e+03 9.910449e+03 1.004537e+04
19.5 9.852593e+03 9.834753e+03 9.910198e+03 9.928038e+03
20.5 9.768748e+03 9.822422e+03 9.910070e+03 9.856397e+03
21.5 9.841111e+03 9.819146e+03 9.910000e+03 9.931965e+03
22.5 9.863327e+03 9.838901e+03 9.909950e+03 9.934375e+03
0.5 9.985363e+03 9.895540e+03 9.919633e+03 1.000946e+04
1.5 9.923873e+03 9.915261e+03 9.954392e+03 9.963004e+03
2.5 9.958587e+03 9.960735e+03 9.979712e+03 9.977564e+03
3.5 1.005751e+04 9.995107e+03 9.964109e+03 1.002651e+04
4.5 9.938971e+03 1.000748e+04 9.934191e+03 9.865684e+03
5.5 9.991120e+03 9.997541e+03 9.903062e+03 9.896642e+03
