0.5 1.895377e+03 1.886432e+03 1.883324e+03 1.892269e+03
1.5 1.918685e+03 1.890151e+03 1.886195e+03 1.914729e+03
2.5 1.888885e+03 1.900970e+03 1.896627e+03 1.884542e+03
3.5 1.930977e+03 1.910185e+03 1.907486e+03 1.928277e+03
4.5 1.919511e+03 1.914021e+03 1.913696e+03 1.919185e+03
5.5 1.975346e+03 1.914277e+03 1.915912e+03 1.976982e+03
6.5 2.016513e+03 1.912857e+03 1.915936e+03 2.019592e+03
7.5 1.866838e+03 1.910842e+03 1.915018e+03 1.871014e+03
8.5 1.897684e+03 1.908833e+03 1.913901e+03 1.902752e+03
9.5 1.853455e+03 1.907105e+03 1.912966e+03 1.859317e+03
10.5 1.867959e+03 1.905119e+03 1.912305e+03 1.875144e+03
11.5 1.925183e+03 1.897739e+03 1.908935e+03 1.936378e+03
12.5 1.896161e+03 1.880198e+03 1.898193e+03 1.914156e+03
13.5 1.838750e+03 1.864443e+03 1.887135e+03 1.861442e+03
14.5 1.894587e+03 1.856253e+03 1.880785e+03 1.919119e+03
15.5 1.883918e+03 1.853961e+03 1.878481e+03 1.908438e+03
16.5 1.925100e+03 1.859935e+03 1.881352e+03 1.946517e+03
17.5 1.854801e+03 1.877262e+03 1.892719e+03 1.870258e+03
18.5 1.942648e+03 1.893003e+03 1.904701e+03 1.954346e+03
19.5 1.948491e+03 1.900921e+03 1.911846e+03 1.959416e+03
20.5 1.835329e+03 1.903160e+03 1.914698e+03 1.846866e+03
21.5 1.861517e+03 1.902507e+03 1.915099e+03 1.874109e+03
22.5 1.852043e+03 1.900688e+03 1.914388e+03 1.865743e+03
23.5 1.905477e+03 1.898706e+03 1.913383e+03 1.920154e+03
24.5 1.900438e+03 1.897049e+03 1.912514e+03 1.915903e+03
25.5 1.893096e+03 1.895766e+03 1.911897e+03 1.909227e+03
26.5 1.923334e+03 1.901735e+03 1.908563e+03 1.930162e+03
27.5 1.953778e+03 1.926367e+03 1.897856e+03 1.925267e+03
0.5 1.883918e+03 1.853961e+03 1.878481e+03 1.908438e+03
1.5 1.925100e+03 1.859935e+03 1.881352e+03 1.946517e+03
2.5 1.854801e+03 1.877262e+03 1.892719e+03 1.870258e+03
3.5 1.942648e+03 1.893003e+03 1.904701e+03 1.954346e+03
4.5 1.948491e+03 1.900921e+03 1.911846e+03 1.959416e+03
5.5 1.835329e+03 1.903160e+03 1.914698e+03 1.846866e+03
6.5 1.861517e+03 1.902507e+03 1.915099e+03 1.874109e+03
7.5 1.852043e+03 1.900688e+03 1.914388e+03 1.865743e+03
8.5 1.905477e+03 1.898706e+03 1.913383e+03 1.920154e+03
9.5 1.900438e+03 1.897049e+03 1.912514e+03 1.915903e+03
10.5 1.893096e+03 1.895766e+03 1.911897e+03 1.909227e+03
11.5 1.923334e+03 1.901735e+03 1.908563e+03 1.930162e+03
12.5 1.953778e+03 1.926367e+03 1.897856e+03 1.925267e+03
13.5 1.960753e+03 1.952643e+03 1.886834e+03 1.894944e+03
14.5 1.857893e+03 1.967858e+03 1.880520e+03 1.770554e+03
15.5 1.960321e+03 1.973366e+03 1.878249e+03 1.865205e+03
16.5 1.954998e+03 1.966550e+03 1.881151e+03 1.869599e+03
17.5 1.952817e+03 1.938955e+03 1.892542e+03 1.906403e+03
18.5 1.913287e+03 1.909341e+03 1.904547e+03 1.908492e+03
19.5 1.958994e+03 1.891309e+03 1.911712e+03 1.979398e+03
20.5 1.856336e+03 1.883834e+03 1.914585e+03 1.887086e+03
21.5 1.865579e+03 1.882477e+03 1.915005e+03 1.898107e+03
22.5 1.898417e+03 1.883942e+03 1.914313e+03 1.928788e+03
23.5 1.899830e+03 1.886201e+03 1.913325e+03 1.926954e+03
24.5 1.871540e+03 1.888180e+03 1.912473e+03 1.895833e+03
25.5 1.858414e+03 1.889452e+03 1.911872e+03 1.880835e+03
26.5 1.922026e+03 1.897030e+03 1.908554e+03 1.933550e+03
27.5 1.984790e+03 1.922646e+03 1.897863e+03 1.960007e+03
0.5 1.960321e+03 1.973366e+03 1.878249e+03 1.865205e+03
1.5 1.954998e+03 1.966550e+03 1.881151e+03 1.869599e+03
2.5 1.952817e+03 1.938955e+03 1.892542e+03 1.906403e+03
3.5 1.913287e+03 1.909341e+03 1.904547e+03 1.908492e+03
4.5 1.958994e+03 1.891309e+03 1.911712e+03 1.979398e+03
5.5 1.856336e+03 1.883834e+03 1.914585e+03 1.887086e+03
6.5 1.865579e+03 1.882477e+03 1.915005e+03 1.898107e+03
7.5 1.898417e+03 1.883942e+03 1.914313e+03 1.928788e+03
8.5 1.899830e+03 1.886201e+03 1.913325e+03 1.926954e+03
9.5 1.871540e+03 1.888180e+03 1.912473e+03 1.895833e+03
10.5 1.858414e+03 1.889452e+03 1.911872e+03 1.880835e+03
11.5 1.922026e+03 1.897030e+03 1.908554e+03 1.933550e+03
12.5 1.984790e+03 1.922646e+03 1.897863e+03 1.960007e+03
13.5 1.907554e+03 1.949560e+03 1.886857e+03 1.844851e+03
14.5 1.965078e+03 1.965241e+03 1.880557e+03 1.880394e+03
15.5 1.962479e+03 1.971137e+03 1.878302e+03 1.869644e+03
16.5 1.928386e+03 1.964674e+03 1.881219e+03 1.844931e+03
17.5 2.000254e+03 1.937414e+03 1.892625e+03 1.955465e+03
18.5 1.872958e+03 1.908121e+03 1.904645e+03 1.869482e+03
19.5 1.789843e+03 1.890401e+03 1.911826e+03 1.811268e+03
20.5 1.823248e+03 1.883230e+03 1.914714e+03 1.854733e+03
21.5 1.794813e+03 1.882168e+03 1.915151e+03 1.827796e+03
22.5 1.880517e+03 1.883918e+03 1.914476e+03 1.911074e+03
23.5 1.803542e+03 1.886455e+03 1.913505e+03 1.830592e+03
24.5 1.928631e+03 1.888700e+03 1.912671e+03 1.952602e+03
25.5 1.842439e+03 1.889709e+03 1.912089e+03 1.864819e+03
26.5 1.864255e+03 1.884474e+03 1.908791e+03 1.888572e+03
27.5 1.838226e+03 1.868519e+03 1.898121e+03 1.867827e+03
0.5 1.962479e+03 1.971137e+03 1.878302e+03 1.869644e+03
1.5 1.928386e+03 1.964674e+03 1.881219e+03 1.844931e+03
2.5 2.000254e+03 1.937414e+03 1.892625e+03 1.955465e+03
3.5 1.872958e+03 1.908121e+03 1.904645e+03 1.869482e+03
4.5 1.789843e+03 1.890401e+03 1.911826e+03 1.811268e+03
5.5 1.823248e+03 1.883230e+03 1.914714e+03 1.854733e+03
6.5 1.794813e+03 1.882168e+03 1.915151e+03 1.827796e+03
7.5 1.880517e+03 1.883918e+03 1.914476e+03 1.911074e+03
8.5 1.803542e+03 1.886455e+03 1.913505e+03 1.830592e+03
9.5 1.928631e+03 1.888700e+03 1.912671e+03 1.952602e+03
10.5 1.842439e+03 1.889709e+03 1.912089e+03 1.864819e+03
11.5 1.864255e+03 1.884474e+03 1.908791e+03 1.888572e+03
12.5 1.838226e+03 1.868519e+03 1.898121e+03 1.867827e+03
13.5 1.813802e+03 1.854039e+03 1.887136e+03 1.846899e+03
14.5 1.777832e+03 1.846963e+03 1.880859e+03 1.811727e+03
15.5 1.854544e+03 1.845707e+03 1.878628e+03 1.887464e+03
16.5 1.860337e+03 1.852673e+03 1.881570e+03 1.889234e+03
17.5 1.791955e+03 1.870947e+03 1.893002e+03 1.814011e+03
18.5 1.861935e+03 1.887619e+03 1.905051e+03 1.879367e+03
19.5 1.892508e+03 1.896451e+03 1.912262e+03 1.908319e+03
20.5 1.912113e+03 1.899589e+03 1.915181e+03 1.927705e+03
21.5 1.934738e+03 1.899820e+03 1.915652e+03 1.950570e+03
22.5 1.931294e+03 1.898869e+03 1.915011e+03 1.947436e+03
23.5 1.921540e+03 1.897739e+03 1.914079e+03 1.937879e+03
24.5 1.946298e+03 1.896920e+03 1.913284e+03 1.962661e+03
25.5 1.966228e+03 1.896461e+03 1.912744e+03 1.982511e+03
26.5 1.938644e+03 1.903239e+03 1.909490e+03 1.944895e+03
27.5 1.940906e+03 1.928667e+03 1.898867e+03 1.911105e+03
0.5 1.854544e+03 1.845707e+03 1.878628e+03 1.887464e+03
1.5 1.860337e+03 1.852673e+03 1.881570e+03 1.889234e+03
2.5 1.791955e+03 1.870947e+03 1.893002e+03 1.814011e+03
3.5 1.861935e+03 1.887619e+03 1.905051e+03 1.879367e+03
4.5 1.892508e+03 1.896451e+03 1.912262e+03 1.908319e+03
5.5 1.912113e+03 1.899589e+03 1.915181e+03 1.927705e+03
6.5 1.934738e+03 1.899820e+03 1.915652e+03 1.950570e+03
7.5 1.931294e+03 1.898869e+03 1.915011e+03 1.947436e+03
8.5 1.921540e+03 1.897739e+03 1.914079e+03 1.937879e+03
9.5 1.946298e+03 1.896920e+03 1.913284e+03 1.962661e+03
10.5 1.966228e+03 1.896461e+03 1.912744e+03 1.982511e+03
11.5 1.938644e+03 1.903239e+03 1.909490e+03 1.944895e+03
12.5 1.940906e+03 1.928667e+03 1.898867e+03 1.911105e+03
13.5 2.021882e+03 1.955726e+03 1.887931e+03 1.954086e+03
14.5 1.934934e+03 1.971714e+03 1.881707e+03 1.844927e+03
15.5 2.007051e+03 1.977999e+03 1.879537e+03 1.908589e+03
16.5 2.010564e+03 1.971952e+03 1.882544e+03 1.921156e+03
17.5 1.956602e+03 1.945119e+03 1.894045e+03 1.905528e+03
18.5 1.963694e+03 1.916259e+03 1.906162e+03 1.953597e+03
19.5 1.880052e+03 1.898973e+03 1.913442e+03 1.894520e+03
20.5 1.975785e+03 1.892243e+03 1.916431e+03 1.999974e+03
21.5 1.889406e+03 1.891628e+03 1.916974e+03 1.914751e+03
22.5 1.946389e+03 1.893838e+03 1.916409e+03 1.968960e+03
23.5 1.912668e+03 1.896849e+03 1.915557e+03 1.931376e+03
24.5 1.855034e+03 1.899582e+03 1.914847e+03 1.870298e+03
25.5 1.832569e+03 1.901099e+03 1.914397e+03 1.845867e+03
26.5 1.878123e+03 1.896393e+03 1.911238e+03 1.892967e+03
27.5 1.899534e+03 1.880995e+03 1.900717e+03 1.919256e+03
0.5 2.007051e+03 1.977999e+03 1.879537e+03 1.908589e+03
1.5 2.010564e+03 1.971952e+03 1.882544e+03 1.921156e+03
2.5 1.956602e+03 1.945119e+03 1.894045e+03 1.905528e+03
3.5 1.963694e+03 1.916259e+03 1.906162e+03 1.953597e+03
4.5 1.880052e+03 1.898973e+03 1.913442e+03 1.894520e+03
5.5 1.975785e+03 1.892243e+03 1.916431e+03 1.999974e+03
6.5 1.889406e+03 1.891628e+03 1.916974e+03 1.914751e+03
7.5 1.946389e+03 1.893838e+03 1.916409e+03 1.968960e+03
8.5 1.912668e+03 1.896849e+03 1.915557e+03 1.931376e+03
9.5 1.855034e+03 1.899582e+03 1.914847e+03 1.870298e+03
10.5 1.832569e+03 1.901099e+03 1.914397e+03 1.845867e+03
11.5 1.878123e+03 1.896393e+03 1.911238e+03 1.892967e+03
12.5 1.899534e+03 1.880995e+03 1.900717e+03 1.919256e+03
13.5 1.895954e+03 1.867114e+03 1.889899e+03 1.918739e+03
14.5 1.833700e+03 1.860678e+03 1.883811e+03 1.856832e+03
15.5 1.845912e+03 1.859595e+03 1.881762e+03 1.868078e+03
