0.5 6.689313e+03 6.726832e+03 6.748890e+03 6.711371e+03
1.5 6.758357e+03 6.732286e+03 6.780842e+03 6.806912e+03
2.5 6.808127e+03 6.762673e+03 6.805003e+03 6.850457e+03
3.5 6.979190e+03 6.798391e+03 6.792096e+03 6.972895e+03
4.5 6.810191e+03 6.820743e+03 6.765735e+03 6.755183e+03
5.5 6.889933e+03 6.830475e+03 6.737861e+03 6.797319e+03
6.5 6.934264e+03 6.825253e+03 6.696447e+03 6.805458e+03
7.5 6.771751e+03 6.791559e+03 6.668886e+03 6.649079e+03
8.5 6.657472e+03 6.751594e+03 6.681813e+03 6.587690e+03
9.5 6.751952e+03 6.725472e+03 6.709627e+03 6.736107e+03
10.5 6.572622e+03 6.713834e+03 6.730173e+03 6.588961e+03
11.5 6.649640e+03 6.711073e+03 6.741049e+03 6.679616e+03
12.5 6.659550e+03 6.712594e+03 6.745369e+03 6.692324e+03
13.5 6.918295e+03 6.715494e+03 6.745893e+03 6.948694e+03
14.5 6.592272e+03 6.718173e+03 6.744756e+03 6.618856e+03
15.5 6.668554e+03 6.719148e+03 6.752285e+03 6.701691e+03
16.5 6.781264e+03 6.726314e+03 6.782969e+03 6.837920e+03
17.5 6.776588e+03 6.757768e+03 6.806333e+03 6.825153e+03
18.5 6.874871e+03 6.794202e+03 6.792995e+03 6.873664e+03
19.5 6.751539e+03 6.817098e+03 6.766423e+03 6.700864e+03
20.5 6.768612e+03 6.827295e+03 6.738451e+03 6.679768e+03
21.5 6.719505e+03 6.822500e+03 6.696990e+03 6.593995e+03
22.5 6.812727e+03 6.789210e+03 6.669402e+03 6.692919e+03
0.5 6.668554e+03 6.719148e+03 6.752285e+03 6.701691e+03
1.5 6.781264e+03 6.726314e+03 6.782969e+03 6.837920e+03
2.5 6.776588e+03 6.757768e+03 6.806333e+03 6.825153e+03
3.5 6.874871e+03 6.794202e+03 6.792995e+03 6.873664e+03
4.5 6.751539e+03 6.817098e+03 6.766423e+03 6.700864e+03
5.5 6.768612e+03 6.827295e+03 6.738451e+03 6.679768e+03
6.5 6.719505e+03 6.822500e+03 6.696990e+03 6.593995e+03
7.5 6.812727e+03 6.789210e+03 6.669402e+03 6.692919e+03
8.5 6.830455e+03 6.749635e+03 6.682308e+03 6.763128e+03
9.5 6.766961e+03 6.723889e+03 6.710106e+03 6.753178e+03
10.5 6.765185e+03 6.712614e+03 6.730635e+03 6.783206e+03
11.5 6.589312e+03 6.710206e+03 6.741495e+03 6.620600e+03
12.5 6.580472e+03 6.712067e+03 6.745798e+03 6.614203e+03
13.5 6.677780e+03 6.715296e+03 6.746306e+03 6.708790e+03
14.5 6.704415e+03 6.718282e+03 6.745081e+03 6.731214e+03
15.5 6.612971e+03 6.718346e+03 6.743513e+03 6.638138e+03
16.5 6.746951e+03 6.709409e+03 6.742273e+03 6.779816e+03
17.5 6.664144e+03 6.694266e+03 6.741504e+03 6.711382e+03
18.5 6.637172e+03 6.686953e+03 6.741102e+03 6.691321e+03
19.5 6.582746e+03 6.687189e+03 6.740920e+03 6.636477e+03
20.5 6.743959e+03 6.691680e+03 6.740850e+03 6.793129e+03
21.5 6.798135e+03 6.704372e+03 6.740830e+03 6.834593e+03
22.5 6.777693e+03 6.722239e+03 6.740831e+03 6.796285e+03
0.5 6.659202e+03 6.725790e+03 6.750071e+03 6.683483e+03
1.5 6.733880e+03 6.732197e+03 6.781990e+03 6.783673e+03
2.5 6.713627e+03 6.763516e+03 6.806120e+03 6.756231e+03
3.5 6.709513e+03 6.800144e+03 6.793182e+03 6.702550e+03
4.5 6.676127e+03 6.823410e+03 6.766797e+03 6.619514e+03
5.5 6.744834e+03 6.834064e+03 6.738903e+03 6.649672e+03
6.5 6.929895e+03 6.829729e+03 6.697464e+03 6.797630e+03
7.5 6.812592e+03 6.796894e+03 6.669880e+03 6.685578e+03
8.5 6.740323e+03 6.757759e+03 6.682785e+03 6.665349e+03
9.5 6.756083e+03 6.732449e+03 6.710581e+03 6.734215e+03
10.5 6.718753e+03 6.721617e+03 6.731109e+03 6.728245e+03
11.5 6.740694e+03 6.719663e+03 6.741971e+03 6.763002e+03
12.5 6.675286e+03 6.721991e+03 6.746279e+03 6.699574e+03
13.5 6.718610e+03 6.725700e+03 6.746795e+03 6.739704e+03
14.5 6.877157e+03 6.729181e+03 6.745580e+03 6.893556e+03
15.5 6.777135e+03 6.729756e+03 6.744025e+03 6.791403e+03
16.5 6.859625e+03 6.721350e+03 6.742801e+03 6.881076e+03
17.5 6.774488e+03 6.706767e+03 6.742051e+03 6.809772e+03
18.5 6.679011e+03 6.700054e+03 6.741672e+03 6.720628e+03
19.5 6.789934e+03 6.700847e+03 6.741515e+03 6.830602e+03
20.5 6.733127e+03 6.695904e+03 6.741474e+03 6.778697e+03
