0.5 7.778473e+03 7.835108e+03 7.925613e+03 7.868978e+03
1.5 7.930532e+03 7.855429e+03 7.943062e+03 8.018165e+03
2.5 7.934456e+03 7.878043e+03 7.956243e+03 8.012656e+03
3.5 7.813042e+03 7.880908e+03 7.949190e+03 7.881324e+03
4.5 7.688615e+03 7.872611e+03 7.934835e+03 7.750838e+03
5.5 7.774419e+03 7.865085e+03 7.924572e+03 7.833906e+03
6.5 7.921084e+03 7.860822e+03 7.919377e+03 7.979639e+03
7.5 7.888225e+03 7.859117e+03 7.917490e+03 7.946598e+03
8.5 7.962890e+03 7.859151e+03 7.917468e+03 8.021207e+03
9.5 7.818838e+03 7.860456e+03 7.918229e+03 7.876612e+03
10.5 8.034336e+03 7.895034e+03 7.914197e+03 8.053499e+03
11.5 8.196692e+03 8.056934e+03 7.897509e+03 8.037267e+03
12.5 8.411619e+03 8.304829e+03 7.884825e+03 7.991615e+03
13.5 8.299679e+03 8.425101e+03 7.892162e+03 7.766739e+03
14.5 8.475737e+03 8.426180e+03 7.906703e+03 7.956261e+03
15.5 8.298819e+03 8.360806e+03 7.921996e+03 7.860009e+03
16.5 8.222338e+03 8.168312e+03 7.944636e+03 7.998662e+03
17.5 7.922025e+03 7.897240e+03 7.959676e+03 7.984461e+03
18.5 7.819046e+03 7.762996e+03 7.952615e+03 8.008665e+03
19.5 7.763404e+03 7.755701e+03 7.937446e+03 7.945150e+03
20.5 7.709065e+03 7.787147e+03 7.926257e+03 7.848175e+03
21.5 7.669681e+03 7.820804e+03 7.920350e+03 7.769227e+03
22.5 7.678479e+03 7.847638e+03 7.918023e+03 7.748865e+03
23.5 7.744974e+03 7.865220e+03 7.917765e+03 7.797519e+03
24.5 7.850229e+03 7.874475e+03 7.918413e+03 7.894167e+03
25.5 8.001489e+03 7.878600e+03 7.914332e+03 8.037221e+03
26.5 8.052890e+03 7.874267e+03 7.897630e+03 8.076252e+03
27.5 7.767573e+03 7.851553e+03 7.884945e+03 7.800965e+03
0.5 8.298819e+03 8.360806e+03 7.921996e+03 7.860009e+03
1.5 8.222338e+03 8.168312e+03 7.944636e+03 7.998662e+03
2.5 7.922025e+03 7.897240e+03 7.959676e+03 7.984461e+03
3.5 7.819046e+03 7.762996e+03 7.952615e+03 8.008665e+03
4.5 7.763404e+03 7.755701e+03 7.937446e+03 7.945150e+03
5.5 7.709065e+03 7.787147e+03 7.926257e+03 7.848175e+03
6.5 7.669681e+03 7.820804e+03 7.920350e+03 7.769227e+03
7.5 7.678479e+03 7.847638e+03 7.918023e+03 7.748865e+03
8.5 7.744974e+03 7.865220e+03 7.917765e+03 7.797519e+03
9.5 7.850229e+03 7.874475e+03 7.918413e+03 7.894167e+03
10.5 8.001489e+03 7.878600e+03 7.914332e+03 8.037221e+03
11.5 8.052890e+03 7.874267e+03 7.897630e+03 8.076252e+03
12.5 7.767573e+03 7.851553e+03 7.884945e+03 7.800965e+03
13.5 7.795423e+03 7.826284e+03 7.892282e+03 7.861421e+03
14.5 7.858763e+03 7.811160e+03 7.906819e+03 7.954422e+03
15.5 7.863759e+03 7.805197e+03 7.922104e+03 7.980666e+03
16.5 7.895352e+03 7.810469e+03 7.944728e+03 8.029610e+03
17.5 7.906547e+03 7.835616e+03 7.959753e+03 8.030684e+03
18.5 7.792375e+03 7.863732e+03 7.952688e+03 7.881330e+03
19.5 7.869645e+03 7.881346e+03 7.937515e+03 7.925814e+03
20.5 7.897715e+03 7.888810e+03 7.926323e+03 7.935229e+03
21.5 7.949708e+03 7.890223e+03 7.920413e+03 7.979899e+03
22.5 8.051240e+03 7.888763e+03 7.918083e+03 8.080559e+03
23.5 7.986594e+03 7.886409e+03 7.917823e+03 8.018008e+03
24.5 7.839768e+03 7.884228e+03 7.918469e+03 7.874008e+03
25.5 7.929878e+03 7.882901e+03 7.914386e+03 7.961363e+03
26.5 7.963673e+03 7.876240e+03 7.897682e+03 7.985115e+03
27.5 7.943894e+03 7.852399e+03 7.884997e+03 7.976492e+03
0.5 7.863759e+03 7.805197e+03 7.922104e+03 7.980666e+03
1.5 7.895352e+03 7.810469e+03 7.944728e+03 8.029610e+03
2.5 7.906547e+03 7.835616e+03 7.959753e+03 8.030684e+03
3.5 7.792375e+03 7.863732e+03 7.952688e+03 7.881330e+03
4.5 7.869645e+03 7.881346e+03 7.937515e+03 7.925814e+03
5.5 7.897715e+03 7.888810e+03 7.926323e+03 7.935229e+03
6.5 7.949708e+03 7.890223e+03 7.920413e+03 7.979899e+03
7.5 8.051240e+03 7.888763e+03 7.918083e+03 8.080559e+03
8.5 7.986594e+03 7.886409e+03 7.917823e+03 8.018008e+03
9.5 7.839768e+03 7.884228e+03 7.918469e+03 7.874008e+03
10.5 7.929878e+03 7.882901e+03 7.914386e+03 7.961363e+03
11.5 7.963673e+03 7.876240e+03 7.897682e+03 7.985115e+03
12.5 7.943894e+03 7.852399e+03 7.884997e+03 7.976492e+03
13.5 7.788899e+03 7.826295e+03 7.892332e+03 7.854936e+03
14.5 7.735608e+03 7.810330e+03 7.906868e+03 7.832146e+03
15.5 7.720877e+03 7.803469e+03 7.922154e+03 7.839562e+03
16.5 7.742217e+03 7.807799e+03 7.944778e+03 7.879195e+03
17.5 7.837188e+03 7.831987e+03 7.959803e+03 7.965005e+03
18.5 8.010601e+03 7.859140e+03 7.952738e+03 8.104199e+03
19.5 7.848240e+03 7.875791e+03 7.937567e+03 7.910016e+03
20.5 7.849022e+03 7.882295e+03 7.926376e+03 7.893103e+03
21.5 7.824268e+03 7.882757e+03 7.920467e+03 7.861978e+03
22.5 7.812875e+03 7.880355e+03 7.918138e+03 7.850659e+03
23.5 7.804811e+03 7.877067e+03 7.917881e+03 7.845624e+03
24.5 7.747114e+03 7.874214e+03 7.918529e+03 7.791429e+03
25.5 8.036289e+03 7.904770e+03 7.914448e+03 8.045968e+03
26.5 8.174011e+03 8.063071e+03 7.897747e+03 8.008687e+03
27.5 8.420613e+03 8.307736e+03 7.885065e+03 7.997943e+03
0.5 7.720877e+03 7.803469e+03 7.922154e+03 7.839562e+03
1.5 7.742217e+03 7.807799e+03 7.944778e+03 7.879195e+03
2.5 7.837188e+03 7.831987e+03 7.959803e+03 7.965005e+03
3.5 8.010601e+03 7.859140e+03 7.952738e+03 8.104199e+03
4.5 7.848240e+03 7.875791e+03 7.937567e+03 7.910016e+03
5.5 7.849022e+03 7.882295e+03 7.926376e+03 7.893103e+03
6.5 7.824268e+03 7.882757e+03 7.920467e+03 7.861978e+03
7.5 7.812875e+03 7.880355e+03 7.918138e+03 7.850659e+03
8.5 7.804811e+03 7.877067e+03 7.917881e+03 7.845624e+03
9.5 7.747114e+03 7.874214e+03 7.918529e+03 7.791429e+03
10.5 8.036289e+03 7.904770e+03 7.914448e+03 8.045968e+03
11.5 8.174011e+03 8.063071e+03 7.897747e+03 8.008687e+03
12.5 8.420613e+03 8.307736e+03 7.885065e+03 7.997943e+03
13.5 8.206207e+03 8.425048e+03 7.892404e+03 7.673563e+03
14.5 8.546018e+03 8.423332e+03 7.906944e+03 8.029630e+03
15.5 8.246953e+03 8.355248e+03 7.922234e+03 7.813939e+03
16.5 8.366638e+03 8.160133e+03 7.944862e+03 8.151366e+03
17.5 8.065768e+03 7.886501e+03 7.959892e+03 8.139160e+03
18.5 7.640934e+03 7.749588e+03 7.952832e+03 7.844177e+03
19.5 7.637678e+03 7.739589e+03 7.937666e+03 7.835756e+03
20.5 7.626603e+03 7.768293e+03 7.926481e+03 7.784791e+03
21.5 7.731028e+03 7.799173e+03 7.920578e+03 7.852433e+03
22.5 7.786392e+03 7.823195e+03 7.918256e+03 7.881453e+03
23.5 7.632033e+03 7.837930e+03 7.918005e+03 7.712108e+03
24.5 7.701374e+03 7.844302e+03 7.918661e+03 7.775733e+03
25.5 7.858675e+03 7.845505e+03 7.914588e+03 7.927757e+03
26.5 7.708633e+03 7.838212e+03 7.897895e+03 7.768316e+03
27.5 7.790184e+03 7.812494e+03 7.885221e+03 7.862912e+03
0.5 8.246953e+03 8.355248e+03 7.922234e+03 7.813939e+03
1.5 8.366638e+03 8.160133e+03 7.944862e+03 8.151366e+03
2.5 8.065768e+03 7.886501e+03 7.959892e+03 8.139160e+03
3.5 7.640934e+03 7.749588e+03 7.952832e+03 7.844177e+03
4.5 7.637678e+03 7.739589e+03 7.937666e+03 7.835756e+03
5.5 7.626603e+03 7.768293e+03 7.926481e+03 7.784791e+03
6.5 7.731028e+03 7.799173e+03 7.920578e+03 7.852433e+03
7.5 7.786392e+03 7.823195e+03 7.918256e+03 7.881453e+03
8.5 7.632033e+03 7.837930e+03 7.918005e+03 7.712108e+03
9.5 7.701374e+03 7.844302e+03 7.918661e+03 7.775733e+03
10.5 7.858675e+03 7.845505e+03 7.914588e+03 7.927757e+03
11.5 7.708633e+03 7.838212e+03 7.897895e+03 7.768316e+03
12.5 7.790184e+03 7.812494e+03 7.885221e+03 7.862912e+03
13.5 7.705075e+03 7.784174e+03 7.892569e+03 7.813471e+03
14.5 7.963217e+03 7.765951e+03 7.907128e+03 8.104393e+03
15.5 7.699196e+03 7.756824e+03 7.922438e+03 7.864809e+03
16.5 7.788653e+03 7.758859e+03 7.945078e+03 7.974872e+03
17.5 7.754105e+03 7.780689e+03 7.960115e+03 7.933531e+03
18.5 7.753884e+03 7.805395e+03 7.953055e+03 7.901544e+03
19.5 7.803154e+03 7.819506e+03 7.937890e+03 7.921538e+03
20.5 7.835480e+03 7.823367e+03 7.926709e+03 7.938822e+03
21.5 7.983708e+03 7.821070e+03 7.920817e+03 8.083455e+03
22.5 7.927324e+03 7.815781e+03 7.918507e+03 8.030050e+03
23.5 7.984200e+03 7.809467e+03 7.918271e+03 8.093003e+03
24.5 7.860709e+03 7.803436e+03 7.918942e+03 7.976215e+03
25.5 7.835528e+03 7.830649e+03 7.914885e+03 7.919764e+03
26.5 8.086110e+03 7.985402e+03 7.898213e+03 7.998921e+03
27.5 8.285996e+03 8.226178e+03 7.885577e+03 7.945395e+03
0.5 7.699196e+03 7.756824e+03 7.922438e+03 7.864809e+03
1.5 7.788653e+03 7.758859e+03 7.945078e+03 7.974872e+03
2.5 7.754105e+03 7.780689e+03 7.960115e+03 7.933531e+03
3.5 7.753884e+03 7.805395e+03 7.953055e+03 7.901544e+03
4.5 7.803154e+03 7.819506e+03 7.937890e+03 7.921538e+03
5.5 7.835480e+03 7.823367e+03 7.926709e+03 7.938822e+03
6.5 7.983708e+03 7.821070e+03 7.920817e+03 8.083455e+03
7.5 7.927324e+03 7.815781e+03 7.918507e+03 8.030050e+03
8.5 7.984200e+03 7.809467e+03 7.918271e+03 8.093003e+03
9.5 7.860709e+03 7.803436e+03 7.918942e+03 7.976215e+03
10.5 7.835528e+03 7.830649e+03 7.914885e+03 7.919764e+03
11.5 8.086110e+03 7.985402e+03 7.898213e+03 7.998921e+03
12.5 8.285996e+03 8.226178e+03 7.885577e+03 7.945395e+03
13.5 8.220164e+03 8.339137e+03 7.892979e+03 7.774006e+03
14.5 8.342658e+03 8.332635e+03 7.907543e+03 7.917566e+03
15.5 8.183198e+03 8.254536e+03 7.917931e+03 7.846592e+03
