0.5 8.001489e+03 7.878600e+03 7.925941e+03 8.048831e+03
1.5 8.052890e+03 7.874267e+03 7.944655e+03 8.123278e+03
2.5 7.767573e+03 7.851553e+03 7.958806e+03 7.874826e+03
3.5 7.795423e+03 7.826284e+03 7.951246e+03 7.920385e+03
4.5 7.858763e+03 7.811160e+03 7.935807e+03 7.983410e+03
5.5 7.863759e+03 7.805197e+03 7.919482e+03 7.978044e+03
6.5 7.895352e+03 7.810469e+03 7.895227e+03 7.980110e+03
7.5 7.906547e+03 7.835616e+03 7.879085e+03 7.950016e+03
8.5 7.792375e+03 7.863732e+03 7.886656e+03 7.815299e+03
9.5 7.869645e+03 7.881346e+03 7.902947e+03 7.891245e+03
10.5 7.897715e+03 7.888810e+03 7.914979e+03 7.923885e+03
11.5 7.949708e+03 7.890223e+03 7.921349e+03 7.980835e+03
12.5 8.051240e+03 7.888763e+03 7.923879e+03 8.086356e+03
13.5 7.986594e+03 7.886409e+03 7.924187e+03 8.024372e+03
14.5 7.839768e+03 7.884228e+03 7.923521e+03 7.879060e+03
15.5 7.929878e+03 7.882901e+03 7.927930e+03 7.974907e+03
16.5 7.963673e+03 7.876240e+03 7.945901e+03 8.033334e+03
17.5 7.943894e+03 7.852399e+03 7.959585e+03 8.051080e+03
18.5 7.788899e+03 7.826295e+03 7.951773e+03 7.914377e+03
19.5 7.735608e+03 7.810330e+03 7.936211e+03 7.861488e+03
20.5 7.720877e+03 7.803469e+03 7.919828e+03 7.837236e+03
21.5 7.742217e+03 7.807799e+03 7.895545e+03 7.829963e+03
22.5 7.837188e+03 7.831987e+03 7.879387e+03 7.884589e+03
0.5 7.929878e+03 7.882901e+03 7.927930e+03 7.974907e+03
1.5 7.963673e+03 7.876240e+03 7.945901e+03 8.033334e+03
2.5 7.943894e+03 7.852399e+03 7.959585e+03 8.051080e+03
3.5 7.788899e+03 7.826295e+03 7.951773e+03 7.914377e+03
4.5 7.735608e+03 7.810330e+03 7.936211e+03 7.861488e+03
5.5 7.720877e+03 7.803469e+03 7.919828e+03 7.837236e+03
6.5 7.742217e+03 7.807799e+03 7.895545e+03 7.829963e+03
7.5 7.837188e+03 7.831987e+03 7.879387e+03 7.884589e+03
8.5 8.010601e+03 7.859140e+03 7.886946e+03 8.038407e+03
9.5 7.848240e+03 7.875791e+03 7.903227e+03 7.875676e+03
10.5 7.849022e+03 7.882295e+03 7.915250e+03 7.881977e+03
11.5 7.824268e+03 7.882757e+03 7.921610e+03 7.863121e+03
12.5 7.812875e+03 7.880355e+03 7.924131e+03 7.856651e+03
13.5 7.804811e+03 7.877067e+03 7.924429e+03 7.852172e+03
14.5 7.747114e+03 7.874214e+03 7.923711e+03 7.796611e+03
15.5 8.036289e+03 7.904770e+03 7.922793e+03 8.054312e+03
16.5 8.174011e+03 8.063071e+03 7.922067e+03 8.033006e+03
17.5 8.420613e+03 8.307736e+03 7.921616e+03 8.034493e+03
18.5 8.206207e+03 8.425048e+03 7.921380e+03 7.702539e+03
19.5 8.546018e+03 8.423332e+03 7.921274e+03 8.043959e+03
20.5 8.246953e+03 8.355248e+03 7.921233e+03 7.812938e+03
21.5 8.366638e+03 8.160133e+03 7.921221e+03 8.127726e+03
22.5 8.065768e+03 7.886501e+03 7.921222e+03 8.100489e+03
0.5 7.858675e+03 7.845505e+03 7.926633e+03 7.939803e+03
1.5 7.708633e+03 7.838212e+03 7.945328e+03 7.815749e+03
2.5 7.790184e+03 7.812494e+03 7.959460e+03 7.937150e+03
3.5 7.705075e+03 7.784174e+03 7.951882e+03 7.872784e+03
4.5 7.963217e+03 7.765951e+03 7.936430e+03 8.133695e+03
5.5 7.699196e+03 7.756824e+03 7.920092e+03 7.862464e+03
6.5 7.788653e+03 7.758859e+03 7.895823e+03 7.925617e+03
7.5 7.754105e+03 7.780689e+03 7.879668e+03 7.853084e+03
8.5 7.753884e+03 7.805395e+03 7.887226e+03 7.835715e+03
9.5 7.803154e+03 7.819506e+03 7.903505e+03 7.887153e+03
10.5 7.835480e+03 7.823367e+03 7.915528e+03 7.927641e+03
11.5 7.983708e+03 7.821070e+03 7.921889e+03 8.084528e+03
12.5 7.927324e+03 7.815781e+03 7.924413e+03 8.035955e+03
13.5 7.984200e+03 7.809467e+03 7.924714e+03 8.099447e+03
14.5 7.860709e+03 7.803436e+03 7.924003e+03 7.981276e+03
15.5 7.835528e+03 7.830649e+03 7.923092e+03 7.927971e+03
16.5 8.086110e+03 7.985402e+03 7.922376e+03 8.023084e+03
17.5 8.285996e+03 8.226178e+03 7.921936e+03 7.981755e+03
18.5 8.220164e+03 8.339137e+03 7.921714e+03 7.802741e+03
19.5 8.342658e+03 8.332635e+03 7.921622e+03 7.931645e+03
20.5 8.183198e+03 8.254536e+03 7.921598e+03 7.850260e+03
