0.5 9.849381e+03 9.896083e+03 9.901598e+03 9.854896e+03
1.5 9.912914e+03 9.920678e+03 9.909540e+03 9.901776e+03
2.5 1.005969e+04 9.970036e+03 9.937246e+03 1.002690e+04
3.5 9.976297e+03 1.000770e+04 9.966037e+03 9.934637e+03
4.5 9.957787e+03 1.002312e+04 9.982624e+03 9.917287e+03
5.5 9.940748e+03 1.002292e+04 9.988674e+03 9.906501e+03
6.5 1.001732e+04 9.998757e+03 9.981197e+03 9.999762e+03
7.5 9.955674e+03 9.947740e+03 9.951477e+03 9.959411e+03
8.5 9.839089e+03 9.908392e+03 9.920153e+03 9.850850e+03
9.5 9.855977e+03 9.892153e+03 9.901506e+03 9.865330e+03
10.5 9.884147e+03 9.889337e+03 9.894103e+03 9.888912e+03
11.5 9.970467e+03 9.892270e+03 9.893120e+03 9.971317e+03
12.5 9.821057e+03 9.897047e+03 9.895050e+03 9.819061e+03
13.5 9.778279e+03 9.901579e+03 9.897751e+03 9.774451e+03
14.5 9.804341e+03 9.904995e+03 9.900095e+03 9.799441e+03
15.5 1.004745e+04 9.909201e+03 9.901714e+03 1.003997e+04
16.5 9.913320e+03 9.910699e+03 9.902679e+03 9.905300e+03
17.5 9.817590e+03 9.892209e+03 9.903201e+03 9.828582e+03
18.5 9.864152e+03 9.864195e+03 9.903475e+03 9.903431e+03
19.5 9.917010e+03 9.844011e+03 9.903622e+03 9.976620e+03
20.5 9.831401e+03 9.832892e+03 9.903709e+03 9.902218e+03
21.5 9.967924e+03 9.830846e+03 9.903767e+03 1.004084e+04
22.5 9.847678e+03 9.851843e+03 9.903809e+03 9.899644e+03
0.5 1.002366e+04 9.916770e+03 9.902162e+03 1.000905e+04
1.5 9.978794e+03 9.937505e+03 9.909807e+03 9.951096e+03
2.5 9.938829e+03 9.984063e+03 9.937190e+03 9.891957e+03
3.5 9.931632e+03 1.001962e+04 9.965636e+03 9.877650e+03
4.5 1.013582e+04 1.003333e+04 9.981865e+03 1.008435e+04
5.5 1.017384e+04 1.003161e+04 9.987545e+03 1.012978e+04
6.5 1.008123e+04 1.000602e+04 9.979693e+03 1.005491e+04
7.5 9.937293e+03 9.953649e+03 9.949608e+03 9.933252e+03
8.5 9.952743e+03 9.912974e+03 9.917910e+03 9.957679e+03
9.5 9.977262e+03 9.895422e+03 9.898879e+03 9.980720e+03
10.5 9.794661e+03 9.891305e+03 9.891085e+03 9.794441e+03
11.5 9.897549e+03 9.892948e+03 9.889702e+03 9.894304e+03
12.5 9.823891e+03 9.896447e+03 9.891226e+03 9.818671e+03
13.5 9.836669e+03 9.899713e+03 9.893513e+03 9.830470e+03
14.5 9.828310e+03 9.901872e+03 9.895435e+03 9.821874e+03
15.5 9.865413e+03 9.904832e+03 9.896625e+03 9.857206e+03
16.5 9.857224e+03 9.905093e+03 9.897152e+03 9.849283e+03
17.5 9.803968e+03 9.885374e+03 9.897229e+03 9.815823e+03
18.5 9.991055e+03 9.856137e+03 9.897048e+03 1.003197e+04
19.5 9.852593e+03 9.834753e+03 9.896731e+03 9.914571e+03
20.5 9.768748e+03 9.822422e+03 9.896343e+03 9.842670e+03
21.5 9.841111e+03 9.819146e+03 9.895914e+03 9.917878e+03
22.5 9.863327e+03 9.838901e+03 9.895456e+03 9.919881e+03
0.5 9.985363e+03 9.895540e+03 9.890883e+03 9.980705e+03
1.5 9.923873e+03 9.915261e+03 9.897989e+03 9.906601e+03
2.5 9.958587e+03 9.960735e+03 9.924799e+03 9.922651e+03
3.5 1.005751e+04 9.995107e+03 9.952614e+03 1.001501e+04
4.5 9.938971e+03 1.000748e+04 9.968146e+03 9.899639e+03
5.5 9.991120e+03 9.997541e+03 9.973071e+03 9.966651e+03
