0.5 6.674348e+03 6.707719e+03 6.703649e+03 6.670278e+03
1.5 6.794146e+03 6.747531e+03 6.709360e+03 6.755976e+03
2.5 6.802612e+03 6.793648e+03 6.730107e+03 6.739071e+03
3.5 6.795576e+03 6.799515e+03 6.751704e+03 6.747764e+03
4.5 6.778509e+03 6.781339e+03 6.764054e+03 6.761225e+03
5.5 6.671007e+03 6.763568e+03 6.768463e+03 6.675902e+03
6.5 6.714504e+03 6.751765e+03 6.768510e+03 6.731249e+03
7.5 6.801064e+03 6.744846e+03 6.766685e+03 6.822903e+03
8.5 6.916896e+03 6.741353e+03 6.764462e+03 6.940005e+03
9.5 6.654910e+03 6.739910e+03 6.762603e+03 6.677603e+03
10.5 6.729678e+03 6.737241e+03 6.761288e+03 6.753725e+03
11.5 6.715489e+03 6.726500e+03 6.754585e+03 6.743575e+03
12.5 6.666856e+03 6.709942e+03 6.733221e+03 6.690135e+03
13.5 6.790425e+03 6.701343e+03 6.711228e+03 6.800310e+03
14.5 6.565947e+03 6.700330e+03 6.698599e+03 6.564216e+03
15.5 6.730820e+03 6.703589e+03 6.694017e+03 6.721248e+03
16.5 6.703237e+03 6.715077e+03 6.699727e+03 6.687887e+03
17.5 6.698188e+03 6.731782e+03 6.722334e+03 6.688740e+03
18.5 6.727220e+03 6.739769e+03 6.746166e+03 6.733617e+03
19.5 6.709693e+03 6.739579e+03 6.760374e+03 6.730488e+03
20.5 6.831893e+03 6.736867e+03 6.766047e+03 6.861073e+03
21.5 6.732620e+03 6.734004e+03 6.766846e+03 6.765461e+03
22.5 6.688573e+03 6.731592e+03 6.765432e+03 6.722413e+03
23.5 6.782618e+03 6.729800e+03 6.763433e+03 6.816250e+03
24.5 6.753512e+03 6.728570e+03 6.761703e+03 6.786645e+03
25.5 6.689313e+03 6.726832e+03 6.760476e+03 6.722957e+03
26.5 6.758357e+03 6.732286e+03 6.753845e+03 6.779916e+03
27.5 6.808127e+03 6.762673e+03 6.732552e+03 6.778005e+03
0.5 6.730820e+03 6.703589e+03 6.694017e+03 6.721248e+03
1.5 6.703237e+03 6.715077e+03 6.699727e+03 6.687887e+03
2.5 6.698188e+03 6.731782e+03 6.722334e+03 6.688740e+03
3.5 6.727220e+03 6.739769e+03 6.746166e+03 6.733617e+03
4.5 6.709693e+03 6.739579e+03 6.760374e+03 6.730488e+03
5.5 6.831893e+03 6.736867e+03 6.766047e+03 6.861073e+03
6.5 6.732620e+03 6.734004e+03 6.766846e+03 6.765461e+03
7.5 6.688573e+03 6.731592e+03 6.765432e+03 6.722413e+03
8.5 6.782618e+03 6.729800e+03 6.763433e+03 6.816250e+03
9.5 6.753512e+03 6.728570e+03 6.761703e+03 6.786645e+03
10.5 6.689313e+03 6.726832e+03 6.760476e+03 6.722957e+03
11.5 6.758357e+03 6.732286e+03 6.753845e+03 6.779916e+03
12.5 6.808127e+03 6.762673e+03 6.732552e+03 6.778005e+03
13.5 6.979190e+03 6.798391e+03 6.710631e+03 6.891430e+03
14.5 6.810191e+03 6.820743e+03 6.698072e+03 6.687521e+03
15.5 6.889933e+03 6.830475e+03 6.693557e+03 6.753015e+03
16.5 6.934264e+03 6.825253e+03 6.699328e+03 6.808339e+03
17.5 6.771751e+03 6.791559e+03 6.721983e+03 6.702175e+03
18.5 6.657472e+03 6.751594e+03 6.745859e+03 6.651736e+03
19.5 6.751952e+03 6.725472e+03 6.760109e+03 6.786589e+03
20.5 6.572622e+03 6.713834e+03 6.765822e+03 6.624611e+03
21.5 6.649640e+03 6.711073e+03 6.766659e+03 6.705226e+03
22.5 6.659550e+03 6.712594e+03 6.765282e+03 6.712237e+03
23.5 6.918295e+03 6.715494e+03 6.763317e+03 6.966118e+03
24.5 6.592272e+03 6.718173e+03 6.761622e+03 6.635721e+03
25.5 6.668554e+03 6.719148e+03 6.760427e+03 6.709833e+03
26.5 6.781264e+03 6.726314e+03 6.753828e+03 6.808779e+03
27.5 6.776588e+03 6.757768e+03 6.732566e+03 6.751386e+03
0.5 6.889933e+03 6.830475e+03 6.693557e+03 6.753015e+03
1.5 6.934264e+03 6.825253e+03 6.699328e+03 6.808339e+03
2.5 6.771751e+03 6.791559e+03 6.721983e+03 6.702175e+03
3.5 6.657472e+03 6.751594e+03 6.745859e+03 6.651736e+03
4.5 6.751952e+03 6.725472e+03 6.760109e+03 6.786589e+03
5.5 6.572622e+03 6.713834e+03 6.765822e+03 6.624611e+03
6.5 6.649640e+03 6.711073e+03 6.766659e+03 6.705226e+03
7.5 6.659550e+03 6.712594e+03 6.765282e+03 6.712237e+03
8.5 6.918295e+03 6.715494e+03 6.763317e+03 6.966118e+03
9.5 6.592272e+03 6.718173e+03 6.761622e+03 6.635721e+03
10.5 6.668554e+03 6.719148e+03 6.760427e+03 6.709833e+03
11.5 6.781264e+03 6.726314e+03 6.753828e+03 6.808779e+03
12.5 6.776588e+03 6.757768e+03 6.732566e+03 6.751386e+03
13.5 6.874871e+03 6.794202e+03 6.710675e+03 6.791344e+03
14.5 6.751539e+03 6.817098e+03 6.698147e+03 6.632587e+03
15.5 6.768612e+03 6.827295e+03 6.693662e+03 6.634979e+03
16.5 6.719505e+03 6.822500e+03 6.699463e+03 6.596468e+03
17.5 6.812727e+03 6.789210e+03 6.722148e+03 6.745665e+03
18.5 6.830455e+03 6.749635e+03 6.746054e+03 6.826874e+03
19.5 6.766961e+03 6.723889e+03 6.760336e+03 6.803408e+03
20.5 6.765185e+03 6.712614e+03 6.766080e+03 6.818651e+03
21.5 6.589312e+03 6.710206e+03 6.766949e+03 6.646055e+03
22.5 6.580472e+03 6.712067e+03 6.765605e+03 6.634010e+03
23.5 6.677780e+03 6.715296e+03 6.763676e+03 6.726159e+03
24.5 6.704415e+03 6.718282e+03 6.762016e+03 6.748148e+03
25.5 6.612971e+03 6.718346e+03 6.760859e+03 6.655484e+03
26.5 6.746951e+03 6.709409e+03 6.754299e+03 6.791841e+03
27.5 6.664144e+03 6.694266e+03 6.733078e+03 6.702956e+03
0.5 6.768612e+03 6.827295e+03 6.693662e+03 6.634979e+03
1.5 6.719505e+03 6.822500e+03 6.699463e+03 6.596468e+03
2.5 6.812727e+03 6.789210e+03 6.722148e+03 6.745665e+03
3.5 6.830455e+03 6.749635e+03 6.746054e+03 6.826874e+03
4.5 6.766961e+03 6.723889e+03 6.760336e+03 6.803408e+03
5.5 6.765185e+03 6.712614e+03 6.766080e+03 6.818651e+03
6.5 6.589312e+03 6.710206e+03 6.766949e+03 6.646055e+03
7.5 6.580472e+03 6.712067e+03 6.765605e+03 6.634010e+03
8.5 6.677780e+03 6.715296e+03 6.763676e+03 6.726159e+03
9.5 6.704415e+03 6.718282e+03 6.762016e+03 6.748148e+03
10.5 6.612971e+03 6.718346e+03 6.760859e+03 6.655484e+03
11.5 6.746951e+03 6.709409e+03 6.754299e+03 6.791841e+03
12.5 6.664144e+03 6.694266e+03 6.733078e+03 6.702956e+03
13.5 6.637172e+03 6.686953e+03 6.711230e+03 6.661449e+03
14.5 6.582746e+03 6.687189e+03 6.698747e+03 6.594304e+03
15.5 6.743959e+03 6.691680e+03 6.694309e+03 6.746588e+03
16.5 6.798135e+03 6.704372e+03 6.700161e+03 6.793924e+03
17.5 6.777693e+03 6.722239e+03 6.722898e+03 6.778353e+03
18.5 6.744714e+03 6.731375e+03 6.746861e+03 6.760199e+03
19.5 6.667567e+03 6.732311e+03 6.761202e+03 6.696458e+03
20.5 6.801894e+03 6.730700e+03 6.767009e+03 6.838202e+03
21.5 6.730702e+03 6.728912e+03 6.767945e+03 6.769734e+03
22.5 6.710194e+03 6.727549e+03 6.766671e+03 6.749316e+03
23.5 6.866171e+03 6.726782e+03 6.764816e+03 6.904204e+03
24.5 6.644925e+03 6.726552e+03 6.763235e+03 6.681609e+03
25.5 6.659202e+03 6.725790e+03 6.762161e+03 6.695573e+03
26.5 6.733880e+03 6.732197e+03 6.755689e+03 6.757372e+03
27.5 6.713627e+03 6.763516e+03 6.734561e+03 6.684672e+03
0.5 6.743959e+03 6.691680e+03 6.694309e+03 6.746588e+03
1.5 6.798135e+03 6.704372e+03 6.700161e+03 6.793924e+03
2.5 6.777693e+03 6.722239e+03 6.722898e+03 6.778353e+03
3.5 6.744714e+03 6.731375e+03 6.746861e+03 6.760199e+03
4.5 6.667567e+03 6.732311e+03 6.761202e+03 6.696458e+03
5.5 6.801894e+03 6.730700e+03 6.767009e+03 6.838202e+03
6.5 6.730702e+03 6.728912e+03 6.767945e+03 6.769734e+03
7.5 6.710194e+03 6.727549e+03 6.766671e+03 6.749316e+03
8.5 6.866171e+03 6.726782e+03 6.764816e+03 6.904204e+03
9.5 6.644925e+03 6.726552e+03 6.763235e+03 6.681609e+03
10.5 6.659202e+03 6.725790e+03 6.762161e+03 6.695573e+03
11.5 6.733880e+03 6.732197e+03 6.755689e+03 6.757372e+03
12.5 6.713627e+03 6.763516e+03 6.734561e+03 6.684672e+03
13.5 6.709513e+03 6.800144e+03 6.712812e+03 6.622181e+03
14.5 6.676127e+03 6.823410e+03 6.700433e+03 6.553150e+03
15.5 6.744834e+03 6.834064e+03 6.696117e+03 6.606887e+03
16.5 6.929895e+03 6.829729e+03 6.702098e+03 6.802264e+03
17.5 6.812592e+03 6.796894e+03 6.724972e+03 6.740670e+03
18.5 6.740323e+03 6.757759e+03 6.749071e+03 6.731635e+03
19.5 6.756083e+03 6.732449e+03 6.763549e+03 6.787183e+03
20.5 6.718753e+03 6.721617e+03 6.769495e+03 6.766631e+03
21.5 6.740694e+03 6.719663e+03 6.770574e+03 6.791605e+03
22.5 6.675286e+03 6.721991e+03 6.769451e+03 6.722746e+03
23.5 6.718610e+03 6.725700e+03 6.767755e+03 6.760665e+03
24.5 6.877157e+03 6.729181e+03 6.766343e+03 6.914319e+03
25.5 6.777135e+03 6.729756e+03 6.765448e+03 6.812827e+03
26.5 6.859625e+03 6.721350e+03 6.759165e+03 6.897440e+03
27.5 6.774488e+03 6.706767e+03 6.738241e+03 6.805962e+03
0.5 6.744834e+03 6.834064e+03 6.696117e+03 6.606887e+03
1.5 6.929895e+03 6.829729e+03 6.702098e+03 6.802264e+03
2.5 6.812592e+03 6.796894e+03 6.724972e+03 6.740670e+03
3.5 6.740323e+03 6.757759e+03 6.749071e+03 6.731635e+03
4.5 6.756083e+03 6.732449e+03 6.763549e+03 6.787183e+03
5.5 6.718753e+03 6.721617e+03 6.769495e+03 6.766631e+03
6.5 6.740694e+03 6.719663e+03 6.770574e+03 6.791605e+03
7.5 6.675286e+03 6.721991e+03 6.769451e+03 6.722746e+03
8.5 6.718610e+03 6.725700e+03 6.767755e+03 6.760665e+03
9.5 6.877157e+03 6.729181e+03 6.766343e+03 6.914319e+03
10.5 6.777135e+03 6.729756e+03 6.765448e+03 6.812827e+03
11.5 6.859625e+03 6.721350e+03 6.759165e+03 6.897440e+03
12.5 6.774488e+03 6.706767e+03 6.738241e+03 6.805962e+03
13.5 6.679011e+03 6.700054e+03 6.716727e+03 6.695684e+03
14.5 6.789934e+03 6.700847e+03 6.704618e+03 6.793705e+03
15.5 6.733127e+03 6.695904e+03 6.700543e+03 6.737766e+03
