0.5 1.356235e+04 1.354129e+04 1.358241e+04 1.360347e+04
1.5 1.367245e+04 1.354458e+04 1.371576e+04 1.384362e+04
2.5 1.344167e+04 1.356367e+04 1.381659e+04 1.369459e+04
3.5 1.362160e+04 1.358634e+04 1.376272e+04 1.379798e+04
4.5 1.366387e+04 1.360032e+04 1.365271e+04 1.371626e+04
5.5 1.347041e+04 1.360608e+04 1.353639e+04 1.340072e+04
6.5 1.370786e+04 1.360228e+04 1.336356e+04 1.346914e+04
7.5 1.370427e+04 1.357987e+04 1.324854e+04 1.337295e+04
8.5 1.328815e+04 1.355294e+04 1.330248e+04 1.303769e+04
9.5 1.353386e+04 1.353489e+04 1.341856e+04 1.341753e+04
10.5 1.349352e+04 1.352637e+04 1.350430e+04 1.347145e+04
11.5 1.331265e+04 1.352378e+04 1.354969e+04 1.333856e+04
12.5 1.316390e+04 1.352409e+04 1.356772e+04 1.320752e+04
13.5 1.350147e+04 1.352539e+04 1.356991e+04 1.354599e+04
14.5 1.349763e+04 1.352659e+04 1.356516e+04 1.353620e+04
15.5 1.342539e+04 1.352662e+04 1.359658e+04 1.349535e+04
16.5 1.353552e+04 1.353043e+04 1.372463e+04 1.372972e+04
17.5 1.361884e+04 1.355015e+04 1.382214e+04 1.389083e+04
18.5 1.352621e+04 1.357355e+04 1.376647e+04 1.371913e+04
19.5 1.351540e+04 1.358835e+04 1.365558e+04 1.358264e+04
20.5 1.362174e+04 1.359493e+04 1.353885e+04 1.356566e+04
21.5 1.361228e+04 1.359196e+04 1.336582e+04 1.338615e+04
22.5 1.367294e+04 1.357033e+04 1.325069e+04 1.335330e+04
0.5 1.342539e+04 1.352662e+04 1.359658e+04 1.349535e+04
1.5 1.353552e+04 1.353043e+04 1.372463e+04 1.372972e+04
2.5 1.361884e+04 1.355015e+04 1.382214e+04 1.389083e+04
3.5 1.352621e+04 1.357355e+04 1.376647e+04 1.371913e+04
4.5 1.351540e+04 1.358835e+04 1.365558e+04 1.358264e+04
5.5 1.362174e+04 1.359493e+04 1.353885e+04 1.356566e+04
6.5 1.361228e+04 1.359196e+04 1.336582e+04 1.338615e+04
7.5 1.367294e+04 1.357033e+04 1.325069e+04 1.335330e+04
8.5 1.346418e+04 1.354417e+04 1.330455e+04 1.322457e+04
9.5 1.339646e+04 1.352683e+04 1.342056e+04 1.329018e+04
10.5 1.329715e+04 1.351900e+04 1.350623e+04 1.328438e+04
11.5 1.362708e+04 1.351707e+04 1.355155e+04 1.366157e+04
12.5 1.355247e+04 1.351800e+04 1.356951e+04 1.360399e+04
13.5 1.356752e+04 1.351988e+04 1.357163e+04 1.361927e+04
14.5 1.353655e+04 1.352158e+04 1.356652e+04 1.358150e+04
15.5 1.357726e+04 1.351428e+04 1.355997e+04 1.362295e+04
16.5 1.335698e+04 1.348636e+04 1.355480e+04 1.342542e+04
17.5 1.326060e+04 1.346897e+04 1.355159e+04 1.334322e+04
18.5 1.349052e+04 1.348650e+04 1.354991e+04 1.355393e+04
19.5 1.377560e+04 1.351442e+04 1.354915e+04 1.381033e+04
20.5 1.360575e+04 1.354184e+04 1.354886e+04 1.361277e+04
21.5 1.362119e+04 1.357958e+04 1.354878e+04 1.359039e+04
22.5 1.339900e+04 1.360027e+04 1.354878e+04 1.334751e+04
0.5 1.360660e+04 1.352169e+04 1.358734e+04 1.367225e+04
1.5 1.344872e+04 1.352678e+04 1.372055e+04 1.364248e+04
2.5 1.353950e+04 1.354760e+04 1.382125e+04 1.381315e+04
3.5 1.358919e+04 1.357191e+04 1.376725e+04 1.378453e+04
4.5 1.346369e+04 1.358755e+04 1.365715e+04 1.353329e+04
5.5 1.345850e+04 1.359501e+04 1.354073e+04 1.340422e+04
6.5 1.381486e+04 1.359279e+04 1.336780e+04 1.358987e+04
7.5 1.343207e+04 1.357183e+04 1.325269e+04 1.311292e+04
8.5 1.368359e+04 1.354622e+04 1.330654e+04 1.344392e+04
9.5 1.345738e+04 1.352936e+04 1.342254e+04 1.335056e+04
10.5 1.350647e+04 1.352198e+04 1.350821e+04 1.349270e+04
11.5 1.362142e+04 1.352048e+04 1.355354e+04 1.365447e+04
12.5 1.377168e+04 1.352186e+04 1.357152e+04 1.382134e+04
13.5 1.351140e+04 1.352418e+04 1.357367e+04 1.356088e+04
14.5 1.361856e+04 1.352633e+04 1.356860e+04 1.366083e+04
15.5 1.360925e+04 1.351948e+04 1.356211e+04 1.365188e+04
16.5 1.343517e+04 1.349201e+04 1.355700e+04 1.350016e+04
17.5 1.368403e+04 1.347510e+04 1.355387e+04 1.376280e+04
18.5 1.352715e+04 1.349313e+04 1.355229e+04 1.358631e+04
19.5 1.348556e+04 1.352124e+04 1.355164e+04 1.351595e+04
20.5 1.348723e+04 1.351013e+04 1.355146e+04 1.352857e+04
