0.5 7.314093e+03 7.311234e+03 7.359210e+03 7.362070e+03
1.5 7.559809e+03 7.446738e+03 7.491331e+03 7.604401e+03
2.5 7.721657e+03 7.645867e+03 7.587827e+03 7.663617e+03
3.5 7.727048e+03 7.734339e+03 7.529305e+03 7.522015e+03
4.5 7.648195e+03 7.726468e+03 7.416463e+03 7.338190e+03
5.5 7.631387e+03 7.666861e+03 7.298912e+03 7.263439e+03
6.5 7.588891e+03 7.504834e+03 7.126859e+03 7.210916e+03
7.5 7.343153e+03 7.286842e+03 7.016168e+03 7.072479e+03
8.5 7.187543e+03 7.187630e+03 7.074881e+03 7.074794e+03
9.5 7.195860e+03 7.191139e+03 7.193770e+03 7.198491e+03
10.5 7.148147e+03 7.222100e+03 7.280531e+03 7.206577e+03
11.5 7.135715e+03 7.251578e+03 7.325903e+03 7.210041e+03
12.5 7.003038e+03 7.273637e+03 7.343437e+03 7.072838e+03
13.5 7.124428e+03 7.287321e+03 7.344999e+03 7.182106e+03
14.5 7.308843e+03 7.294047e+03 7.339379e+03 7.354176e+03
15.5 7.449943e+03 7.300159e+03 7.332437e+03 7.482221e+03
16.5 7.410804e+03 7.306325e+03 7.326969e+03 7.431447e+03
17.5 7.315535e+03 7.289577e+03 7.323535e+03 7.349492e+03
18.5 7.296067e+03 7.256395e+03 7.321672e+03 7.361344e+03
19.5 7.171857e+03 7.229580e+03 7.320748e+03 7.263025e+03
20.5 7.301280e+03 7.212434e+03 7.320302e+03 7.409147e+03
21.5 7.391340e+03 7.202798e+03 7.320071e+03 7.508613e+03
22.5 7.255030e+03 7.220467e+03 7.319926e+03 7.354489e+03
0.5 7.283559e+03 7.319847e+03 7.356328e+03 7.320040e+03
1.5 7.652495e+03 7.451554e+03 7.488281e+03 7.689222e+03
2.5 7.720865e+03 7.647535e+03 7.584603e+03 7.657932e+03
3.5 7.653210e+03 7.733380e+03 7.525959e+03 7.445790e+03
4.5 7.722188e+03 7.723201e+03 7.413057e+03 7.412044e+03
5.5 7.578622e+03 7.661450e+03 7.295494e+03 7.212666e+03
6.5 7.579937e+03 7.497388e+03 7.123518e+03 7.206067e+03
7.5 7.492003e+03 7.277417e+03 7.012885e+03 7.227471e+03
8.5 7.157002e+03 7.176145e+03 7.071573e+03 7.052431e+03
9.5 7.057883e+03 7.177563e+03 7.190444e+03 7.070763e+03
10.5 7.049602e+03 7.206401e+03 7.277191e+03 7.120393e+03
11.5 7.087739e+03 7.233722e+03 7.322554e+03 7.176571e+03
12.5 7.133754e+03 7.253595e+03 7.340080e+03 7.220239e+03
13.5 7.073155e+03 7.265060e+03 7.341637e+03 7.149732e+03
14.5 7.065675e+03 7.269536e+03 7.336011e+03 7.132150e+03
15.5 7.262037e+03 7.273365e+03 7.329063e+03 7.317734e+03
16.5 7.219267e+03 7.277215e+03 7.323587e+03 7.265639e+03
17.5 7.183174e+03 7.258116e+03 7.320143e+03 7.245202e+03
18.5 7.232570e+03 7.222543e+03 7.318266e+03 7.328292e+03
19.5 7.228983e+03 7.193315e+03 7.317314e+03 7.352983e+03
20.5 7.140288e+03 7.173714e+03 7.316832e+03 7.283406e+03
21.5 7.220060e+03 7.161551e+03 7.316565e+03 7.375074e+03
22.5 7.157940e+03 7.176621e+03 7.316374e+03 7.297693e+03
0.5 7.196642e+03 7.261114e+03 7.353075e+03 7.288603e+03
1.5 7.504882e+03 7.390031e+03 7.484813e+03 7.599665e+03
2.5 7.648358e+03 7.582946e+03 7.580777e+03 7.646188e+03
3.5 7.594403e+03 7.665353e+03 7.521641e+03 7.450691e+03
4.5 7.599999e+03 7.651355e+03 7.408248e+03 7.356892e+03
5.5 7.498208e+03 7.575899e+03 7.290271e+03 7.212580e+03
