0.5 7.148106e+03 7.227609e+03 7.333643e+03 7.254140e+03
1.5 7.285132e+03 7.268038e+03 7.367768e+03 7.384861e+03
2.5 7.342504e+03 7.316414e+03 7.393548e+03 7.419638e+03
3.5 7.358462e+03 7.326253e+03 7.379753e+03 7.411962e+03
4.5 7.151166e+03 7.311956e+03 7.351678e+03 7.190888e+03
5.5 7.222765e+03 7.297187e+03 7.331606e+03 7.257184e+03
6.5 7.284161e+03 7.287694e+03 7.321446e+03 7.317913e+03
7.5 7.353158e+03 7.282704e+03 7.317756e+03 7.388210e+03
8.5 7.404547e+03 7.280975e+03 7.317714e+03 7.441285e+03
9.5 7.268098e+03 7.281501e+03 7.319202e+03 7.305799e+03
10.5 7.314093e+03 7.311234e+03 7.311316e+03 7.314175e+03
11.5 7.559809e+03 7.446738e+03 7.278678e+03 7.391749e+03
12.5 7.721657e+03 7.645867e+03 7.253871e+03 7.329661e+03
13.5 7.727048e+03 7.734339e+03 7.268220e+03 7.260930e+03
14.5 7.648195e+03 7.726468e+03 7.296659e+03 7.218387e+03
15.5 7.631387e+03 7.666861e+03 7.326569e+03 7.291095e+03
16.5 7.588891e+03 7.504834e+03 7.370848e+03 7.454904e+03
17.5 7.343153e+03 7.286842e+03 7.400262e+03 7.456572e+03
18.5 7.187543e+03 7.187630e+03 7.386451e+03 7.386364e+03
19.5 7.195860e+03 7.191139e+03 7.356785e+03 7.361506e+03
20.5 7.148147e+03 7.222100e+03 7.334902e+03 7.260949e+03
21.5 7.135715e+03 7.251578e+03 7.323350e+03 7.207487e+03
22.5 7.003038e+03 7.273637e+03 7.318798e+03 7.048199e+03
23.5 7.124428e+03 7.287321e+03 7.318294e+03 7.155401e+03
24.5 7.308843e+03 7.294047e+03 7.319561e+03 7.334358e+03
25.5 7.449943e+03 7.300159e+03 7.311580e+03 7.461364e+03
26.5 7.410804e+03 7.306325e+03 7.278914e+03 7.383393e+03
27.5 7.315535e+03 7.289577e+03 7.254107e+03 7.280065e+03
0.5 7.631387e+03 7.666861e+03 7.326569e+03 7.291095e+03
1.5 7.588891e+03 7.504834e+03 7.370848e+03 7.454904e+03
2.5 7.343153e+03 7.286842e+03 7.400262e+03 7.456572e+03
3.5 7.187543e+03 7.187630e+03 7.386451e+03 7.386364e+03
4.5 7.195860e+03 7.191139e+03 7.356785e+03 7.361506e+03
5.5 7.148147e+03 7.222100e+03 7.334902e+03 7.260949e+03
6.5 7.135715e+03 7.251578e+03 7.323350e+03 7.207487e+03
7.5 7.003038e+03 7.273637e+03 7.318798e+03 7.048199e+03
8.5 7.124428e+03 7.287321e+03 7.318294e+03 7.155401e+03
9.5 7.308843e+03 7.294047e+03 7.319561e+03 7.334358e+03
10.5 7.449943e+03 7.300159e+03 7.311580e+03 7.461364e+03
11.5 7.410804e+03 7.306325e+03 7.278914e+03 7.383393e+03
12.5 7.315535e+03 7.289577e+03 7.254107e+03 7.280065e+03
13.5 7.296067e+03 7.256395e+03 7.268455e+03 7.308127e+03
14.5 7.171857e+03 7.229580e+03 7.296885e+03 7.239162e+03
15.5 7.301280e+03 7.212434e+03 7.326780e+03 7.415625e+03
16.5 7.391340e+03 7.202798e+03 7.371027e+03 7.559568e+03
17.5 7.255030e+03 7.220467e+03 7.400413e+03 7.434976e+03
18.5 7.103565e+03 7.256487e+03 7.386594e+03 7.233673e+03
19.5 7.239462e+03 7.286352e+03 7.356921e+03 7.310031e+03
20.5 7.270984e+03 7.302231e+03 7.335031e+03 7.303784e+03
21.5 7.326908e+03 7.307805e+03 7.323473e+03 7.342575e+03
22.5 7.551556e+03 7.307769e+03 7.318915e+03 7.562702e+03
23.5 7.529141e+03 7.305350e+03 7.318407e+03 7.542199e+03
24.5 7.276737e+03 7.302529e+03 7.319670e+03 7.293879e+03
25.5 7.214128e+03 7.303898e+03 7.311685e+03 7.221915e+03
26.5 7.226633e+03 7.307936e+03 7.279017e+03 7.197714e+03
27.5 7.466467e+03 7.290139e+03 7.254207e+03 7.430535e+03
0.5 7.301280e+03 7.212434e+03 7.326780e+03 7.415625e+03
1.5 7.391340e+03 7.202798e+03 7.371027e+03 7.559568e+03
2.5 7.255030e+03 7.220467e+03 7.400413e+03 7.434976e+03
3.5 7.103565e+03 7.256487e+03 7.386594e+03 7.233673e+03
4.5 7.239462e+03 7.286352e+03 7.356921e+03 7.310031e+03
5.5 7.270984e+03 7.302231e+03 7.335031e+03 7.303784e+03
6.5 7.326908e+03 7.307805e+03 7.323473e+03 7.342575e+03
7.5 7.551556e+03 7.307769e+03 7.318915e+03 7.562702e+03
8.5 7.529141e+03 7.305350e+03 7.318407e+03 7.542199e+03
9.5 7.276737e+03 7.302529e+03 7.319670e+03 7.293879e+03
10.5 7.214128e+03 7.303898e+03 7.311685e+03 7.221915e+03
11.5 7.226633e+03 7.307936e+03 7.279017e+03 7.197714e+03
12.5 7.466467e+03 7.290139e+03 7.254207e+03 7.430535e+03
13.5 7.320544e+03 7.256224e+03 7.268554e+03 7.332873e+03
14.5 7.090329e+03 7.228717e+03 7.296983e+03 7.158595e+03
15.5 7.054181e+03 7.210854e+03 7.326877e+03 7.170204e+03
16.5 7.183907e+03 7.200475e+03 7.371124e+03 7.354556e+03
17.5 7.202548e+03 7.217388e+03 7.400511e+03 7.385671e+03
18.5 7.346121e+03 7.252652e+03 7.386693e+03 7.480162e+03
19.5 7.415701e+03 7.281759e+03 7.357022e+03 7.490964e+03
20.5 7.377455e+03 7.296883e+03 7.335134e+03 7.415706e+03
21.5 7.266400e+03 7.301708e+03 7.323578e+03 7.288271e+03
22.5 7.158179e+03 7.300928e+03 7.319024e+03 7.176276e+03
23.5 7.349464e+03 7.297772e+03 7.318520e+03 7.370212e+03
24.5 7.209522e+03 7.294412e+03 7.319788e+03 7.234898e+03
25.5 7.283559e+03 7.319847e+03 7.311808e+03 7.275520e+03
26.5 7.652495e+03 7.451554e+03 7.279145e+03 7.480086e+03
27.5 7.720865e+03 7.647535e+03 7.254342e+03 7.327671e+03
0.5 7.054181e+03 7.210854e+03 7.326877e+03 7.170204e+03
1.5 7.183907e+03 7.200475e+03 7.371124e+03 7.354556e+03
2.5 7.202548e+03 7.217388e+03 7.400511e+03 7.385671e+03
3.5 7.346121e+03 7.252652e+03 7.386693e+03 7.480162e+03
4.5 7.415701e+03 7.281759e+03 7.357022e+03 7.490964e+03
5.5 7.377455e+03 7.296883e+03 7.335134e+03 7.415706e+03
6.5 7.266400e+03 7.301708e+03 7.323578e+03 7.288271e+03
7.5 7.158179e+03 7.300928e+03 7.319024e+03 7.176276e+03
8.5 7.349464e+03 7.297772e+03 7.318520e+03 7.370212e+03
9.5 7.209522e+03 7.294412e+03 7.319788e+03 7.234898e+03
10.5 7.283559e+03 7.319847e+03 7.311808e+03 7.275520e+03
11.5 7.652495e+03 7.451554e+03 7.279145e+03 7.480086e+03
12.5 7.720865e+03 7.647535e+03 7.254342e+03 7.327671e+03
13.5 7.653210e+03 7.733380e+03 7.268694e+03 7.188525e+03
14.5 7.722188e+03 7.723201e+03 7.297131e+03 7.296118e+03
15.5 7.578622e+03 7.661450e+03 7.327033e+03 7.244205e+03
16.5 7.579937e+03 7.497388e+03 7.371289e+03 7.453838e+03
17.5 7.492003e+03 7.277417e+03 7.400685e+03 7.615271e+03
18.5 7.157002e+03 7.176145e+03 7.386877e+03 7.367735e+03
19.5 7.057883e+03 7.177563e+03 7.357216e+03 7.237535e+03
20.5 7.049602e+03 7.206401e+03 7.335340e+03 7.178541e+03
21.5 7.087739e+03 7.233722e+03 7.323796e+03 7.177813e+03
22.5 7.133754e+03 7.253595e+03 7.319254e+03 7.199414e+03
23.5 7.073155e+03 7.265060e+03 7.318764e+03 7.126859e+03
24.5 7.065675e+03 7.269536e+03 7.320045e+03 7.116184e+03
25.5 7.262037e+03 7.273365e+03 7.312080e+03 7.300752e+03
26.5 7.219267e+03 7.277215e+03 7.279433e+03 7.221484e+03
27.5 7.183174e+03 7.258116e+03 7.254647e+03 7.179705e+03
0.5 7.578622e+03 7.661450e+03 7.327033e+03 7.244205e+03
1.5 7.579937e+03 7.497388e+03 7.371289e+03 7.453838e+03
2.5 7.492003e+03 7.277417e+03 7.400685e+03 7.615271e+03
3.5 7.157002e+03 7.176145e+03 7.386877e+03 7.367735e+03
4.5 7.057883e+03 7.177563e+03 7.357216e+03 7.237535e+03
5.5 7.049602e+03 7.206401e+03 7.335340e+03 7.178541e+03
6.5 7.087739e+03 7.233722e+03 7.323796e+03 7.177813e+03
7.5 7.133754e+03 7.253595e+03 7.319254e+03 7.199414e+03
8.5 7.073155e+03 7.265060e+03 7.318764e+03 7.126859e+03
9.5 7.065675e+03 7.269536e+03 7.320045e+03 7.116184e+03
10.5 7.262037e+03 7.273365e+03 7.312080e+03 7.300752e+03
11.5 7.219267e+03 7.277215e+03 7.279433e+03 7.221484e+03
12.5 7.183174e+03 7.258116e+03 7.254647e+03 7.179705e+03
13.5 7.232570e+03 7.222543e+03 7.269017e+03 7.279043e+03
14.5 7.228983e+03 7.193315e+03 7.297490e+03 7.333159e+03
15.5 7.140288e+03 7.173714e+03 7.327432e+03 7.294006e+03
16.5 7.220060e+03 7.161551e+03 7.371711e+03 7.430220e+03
17.5 7.157940e+03 7.176621e+03 7.401119e+03 7.382438e+03
18.5 7.169773e+03 7.209958e+03 7.387312e+03 7.347127e+03
19.5 7.312845e+03 7.237060e+03 7.357653e+03 7.433437e+03
20.5 7.308873e+03 7.250099e+03 7.335787e+03 7.394560e+03
21.5 7.532350e+03 7.252750e+03 7.324262e+03 7.603862e+03
22.5 7.401788e+03 7.249699e+03 7.319745e+03 7.471835e+03
23.5 7.350724e+03 7.244163e+03 7.319283e+03 7.425844e+03
24.5 7.261155e+03 7.238306e+03 7.320596e+03 7.343445e+03
25.5 7.196642e+03 7.261114e+03 7.312662e+03 7.248190e+03
26.5 7.504882e+03 7.390031e+03 7.280055e+03 7.394907e+03
27.5 7.648358e+03 7.582946e+03 7.255342e+03 7.320754e+03
0.5 7.140288e+03 7.173714e+03 7.327432e+03 7.294006e+03
1.5 7.220060e+03 7.161551e+03 7.371711e+03 7.430220e+03
2.5 7.157940e+03 7.176621e+03 7.401119e+03 7.382438e+03
3.5 7.169773e+03 7.209958e+03 7.387312e+03 7.347127e+03
4.5 7.312845e+03 7.237060e+03 7.357653e+03 7.433437e+03
5.5 7.308873e+03 7.250099e+03 7.335787e+03 7.394560e+03
6.5 7.532350e+03 7.252750e+03 7.324262e+03 7.603862e+03
7.5 7.401788e+03 7.249699e+03 7.319745e+03 7.471835e+03
8.5 7.350724e+03 7.244163e+03 7.319283e+03 7.425844e+03
9.5 7.261155e+03 7.238306e+03 7.320596e+03 7.343445e+03
10.5 7.196642e+03 7.261114e+03 7.312662e+03 7.248190e+03
11.5 7.504882e+03 7.390031e+03 7.280055e+03 7.394907e+03
12.5 7.648358e+03 7.582946e+03 7.255342e+03 7.320754e+03
13.5 7.594403e+03 7.665353e+03 7.269819e+03 7.198869e+03
14.5 7.599999e+03 7.651355e+03 7.298301e+03 7.246945e+03
15.5 7.498208e+03 7.575899e+03 7.318618e+03 7.240927e+03
