0.5 1.330813e+04 1.322677e+04 1.358327e+04 1.366462e+04
1.5 1.330271e+04 1.340254e+04 1.371937e+04 1.361954e+04
2.5 1.377112e+04 1.366138e+04 1.382219e+04 1.393194e+04
3.5 1.360020e+04 1.376902e+04 1.376717e+04 1.359835e+04
4.5 1.381986e+04 1.374826e+04 1.365520e+04 1.372680e+04
5.5 1.378950e+04 1.369810e+04 1.357514e+04 1.366654e+04
6.5 1.374180e+04 1.365389e+04 1.353462e+04 1.362253e+04
7.5 1.373363e+04 1.362115e+04 1.351990e+04 1.363238e+04
8.5 1.363825e+04 1.360007e+04 1.351973e+04 1.355791e+04
9.5 1.346997e+04 1.358830e+04 1.352567e+04 1.340734e+04
10.5 1.343438e+04 1.357375e+04 1.349422e+04 1.335484e+04
11.5 1.354833e+04 1.354158e+04 1.336404e+04 1.337080e+04
12.5 1.351064e+04 1.352099e+04 1.326510e+04 1.325475e+04
13.5 1.343744e+04 1.353555e+04 1.332233e+04 1.322422e+04
14.5 1.367526e+04 1.356052e+04 1.343576e+04 1.355049e+04
15.5 1.353835e+04 1.358501e+04 1.355505e+04 1.350839e+04
16.5 1.357479e+04 1.361991e+04 1.373165e+04 1.368653e+04
17.5 1.368325e+04 1.363791e+04 1.384897e+04 1.389431e+04
18.5 1.375611e+04 1.361754e+04 1.379389e+04 1.393246e+04
19.5 1.323863e+04 1.358554e+04 1.367557e+04 1.332866e+04
20.5 1.358155e+04 1.356255e+04 1.358829e+04 1.360729e+04
21.5 1.361763e+04 1.354995e+04 1.354221e+04 1.360990e+04
22.5 1.350105e+04 1.354417e+04 1.352406e+04 1.348093e+04
23.5 1.357883e+04 1.354223e+04 1.352205e+04 1.355865e+04
24.5 1.352336e+04 1.354195e+04 1.352710e+04 1.350851e+04
25.5 1.356235e+04 1.354129e+04 1.349527e+04 1.351633e+04
26.5 1.367245e+04 1.354458e+04 1.336499e+04 1.349285e+04
27.5 1.344167e+04 1.356367e+04 1.326604e+04 1.314405e+04
0.5 1.353835e+04 1.358501e+04 1.355505e+04 1.350839e+04
1.5 1.357479e+04 1.361991e+04 1.373165e+04 1.368653e+04
2.5 1.368325e+04 1.363791e+04 1.384897e+04 1.389431e+04
3.5 1.375611e+04 1.361754e+04 1.379389e+04 1.393246e+04
4.5 1.323863e+04 1.358554e+04 1.367557e+04 1.332866e+04
5.5 1.358155e+04 1.356255e+04 1.358829e+04 1.360729e+04
6.5 1.361763e+04 1.354995e+04 1.354221e+04 1.360990e+04
7.5 1.350105e+04 1.354417e+04 1.352406e+04 1.348093e+04
8.5 1.357883e+04 1.354223e+04 1.352205e+04 1.355865e+04
9.5 1.352336e+04 1.354195e+04 1.352710e+04 1.350851e+04
10.5 1.356235e+04 1.354129e+04 1.349527e+04 1.351633e+04
11.5 1.367245e+04 1.354458e+04 1.336499e+04 1.349285e+04
12.5 1.344167e+04 1.356367e+04 1.326604e+04 1.314405e+04
13.5 1.362160e+04 1.358634e+04 1.332327e+04 1.335853e+04
14.5 1.366387e+04 1.360032e+04 1.343666e+04 1.350021e+04
15.5 1.347041e+04 1.360608e+04 1.355589e+04 1.342023e+04
16.5 1.370786e+04 1.360228e+04 1.373237e+04 1.383795e+04
17.5 1.370427e+04 1.357987e+04 1.384957e+04 1.397398e+04
18.5 1.328815e+04 1.355294e+04 1.379446e+04 1.352966e+04
19.5 1.353386e+04 1.353489e+04 1.367611e+04 1.367508e+04
20.5 1.349352e+04 1.352637e+04 1.358880e+04 1.355595e+04
21.5 1.331265e+04 1.352378e+04 1.354270e+04 1.333157e+04
22.5 1.316390e+04 1.352409e+04 1.352452e+04 1.316433e+04
23.5 1.350147e+04 1.352539e+04 1.352250e+04 1.349858e+04
24.5 1.349763e+04 1.352659e+04 1.352754e+04 1.349858e+04
25.5 1.342539e+04 1.352662e+04 1.349569e+04 1.339446e+04
26.5 1.353552e+04 1.353043e+04 1.336539e+04 1.337048e+04
27.5 1.361884e+04 1.355015e+04 1.326644e+04 1.333514e+04
0.5 1.347041e+04 1.360608e+04 1.355589e+04 1.342023e+04
1.5 1.370786e+04 1.360228e+04 1.373237e+04 1.383795e+04
2.5 1.370427e+04 1.357987e+04 1.384957e+04 1.397398e+04
3.5 1.328815e+04 1.355294e+04 1.379446e+04 1.352966e+04
4.5 1.353386e+04 1.353489e+04 1.367611e+04 1.367508e+04
5.5 1.349352e+04 1.352637e+04 1.358880e+04 1.355595e+04
6.5 1.331265e+04 1.352378e+04 1.354270e+04 1.333157e+04
7.5 1.316390e+04 1.352409e+04 1.352452e+04 1.316433e+04
8.5 1.350147e+04 1.352539e+04 1.352250e+04 1.349858e+04
9.5 1.349763e+04 1.352659e+04 1.352754e+04 1.349858e+04
10.5 1.342539e+04 1.352662e+04 1.349569e+04 1.339446e+04
11.5 1.353552e+04 1.353043e+04 1.336539e+04 1.337048e+04
12.5 1.361884e+04 1.355015e+04 1.326644e+04 1.333514e+04
13.5 1.352621e+04 1.357355e+04 1.332366e+04 1.327632e+04
14.5 1.351540e+04 1.358835e+04 1.343705e+04 1.336411e+04
15.5 1.362174e+04 1.359493e+04 1.355628e+04 1.358309e+04
16.5 1.361228e+04 1.359196e+04 1.373276e+04 1.375308e+04
17.5 1.367294e+04 1.357033e+04 1.384996e+04 1.395257e+04
18.5 1.346418e+04 1.354417e+04 1.379485e+04 1.371487e+04
19.5 1.339646e+04 1.352683e+04 1.367651e+04 1.354613e+04
20.5 1.329715e+04 1.351900e+04 1.358921e+04 1.336736e+04
21.5 1.362708e+04 1.351707e+04 1.354312e+04 1.365314e+04
22.5 1.355247e+04 1.351800e+04 1.352496e+04 1.355944e+04
23.5 1.356752e+04 1.351988e+04 1.352295e+04 1.357059e+04
24.5 1.353655e+04 1.352158e+04 1.352801e+04 1.354298e+04
25.5 1.357726e+04 1.351428e+04 1.349618e+04 1.355915e+04
26.5 1.335698e+04 1.348636e+04 1.336590e+04 1.323652e+04
27.5 1.326060e+04 1.346897e+04 1.326698e+04 1.305861e+04
0.5 1.362174e+04 1.359493e+04 1.355628e+04 1.358309e+04
1.5 1.361228e+04 1.359196e+04 1.373276e+04 1.375308e+04
2.5 1.367294e+04 1.357033e+04 1.384996e+04 1.395257e+04
3.5 1.346418e+04 1.354417e+04 1.379485e+04 1.371487e+04
4.5 1.339646e+04 1.352683e+04 1.367651e+04 1.354613e+04
5.5 1.329715e+04 1.351900e+04 1.358921e+04 1.336736e+04
6.5 1.362708e+04 1.351707e+04 1.354312e+04 1.365314e+04
7.5 1.355247e+04 1.351800e+04 1.352496e+04 1.355944e+04
8.5 1.356752e+04 1.351988e+04 1.352295e+04 1.357059e+04
9.5 1.353655e+04 1.352158e+04 1.352801e+04 1.354298e+04
10.5 1.357726e+04 1.351428e+04 1.349618e+04 1.355915e+04
11.5 1.335698e+04 1.348636e+04 1.336590e+04 1.323652e+04
12.5 1.326060e+04 1.346897e+04 1.326698e+04 1.305861e+04
13.5 1.349052e+04 1.348650e+04 1.332423e+04 1.332825e+04
14.5 1.377560e+04 1.351442e+04 1.343764e+04 1.369882e+04
15.5 1.360575e+04 1.354184e+04 1.355690e+04 1.362081e+04
16.5 1.362119e+04 1.357958e+04 1.373341e+04 1.377502e+04
17.5 1.339900e+04 1.360027e+04 1.385066e+04 1.364938e+04
18.5 1.378672e+04 1.358254e+04 1.379558e+04 1.399977e+04
19.5 1.342208e+04 1.355307e+04 1.367728e+04 1.354629e+04
20.5 1.378889e+04 1.353248e+04 1.359003e+04 1.384643e+04
21.5 1.359434e+04 1.352218e+04 1.354399e+04 1.361615e+04
22.5 1.368653e+04 1.351860e+04 1.352588e+04 1.369381e+04
23.5 1.357003e+04 1.351874e+04 1.352392e+04 1.357521e+04
24.5 1.353701e+04 1.352045e+04 1.352903e+04 1.354558e+04
25.5 1.360660e+04 1.352169e+04 1.349727e+04 1.358218e+04
26.5 1.344872e+04 1.352678e+04 1.336706e+04 1.328899e+04
27.5 1.353950e+04 1.354760e+04 1.326820e+04 1.326010e+04
0.5 1.360575e+04 1.354184e+04 1.355690e+04 1.362081e+04
1.5 1.362119e+04 1.357958e+04 1.373341e+04 1.377502e+04
2.5 1.339900e+04 1.360027e+04 1.385066e+04 1.364938e+04
3.5 1.378672e+04 1.358254e+04 1.379558e+04 1.399977e+04
4.5 1.342208e+04 1.355307e+04 1.367728e+04 1.354629e+04
5.5 1.378889e+04 1.353248e+04 1.359003e+04 1.384643e+04
6.5 1.359434e+04 1.352218e+04 1.354399e+04 1.361615e+04
7.5 1.368653e+04 1.351860e+04 1.352588e+04 1.369381e+04
8.5 1.357003e+04 1.351874e+04 1.352392e+04 1.357521e+04
9.5 1.353701e+04 1.352045e+04 1.352903e+04 1.354558e+04
10.5 1.360660e+04 1.352169e+04 1.349727e+04 1.358218e+04
11.5 1.344872e+04 1.352678e+04 1.336706e+04 1.328899e+04
12.5 1.353950e+04 1.354760e+04 1.326820e+04 1.326010e+04
13.5 1.358919e+04 1.357191e+04 1.332551e+04 1.334279e+04
14.5 1.346369e+04 1.358755e+04 1.343907e+04 1.331522e+04
15.5 1.345850e+04 1.359501e+04 1.355850e+04 1.342199e+04
16.5 1.381486e+04 1.359279e+04 1.373510e+04 1.395716e+04
17.5 1.343207e+04 1.357183e+04 1.385239e+04 1.371262e+04
18.5 1.368359e+04 1.354622e+04 1.379732e+04 1.393469e+04
19.5 1.345738e+04 1.352936e+04 1.367903e+04 1.360705e+04
20.5 1.350647e+04 1.352198e+04 1.359182e+04 1.357631e+04
21.5 1.362142e+04 1.352048e+04 1.354585e+04 1.364678e+04
22.5 1.377168e+04 1.352186e+04 1.352784e+04 1.377766e+04
23.5 1.351140e+04 1.352418e+04 1.352599e+04 1.351321e+04
24.5 1.361856e+04 1.352633e+04 1.353123e+04 1.362346e+04
25.5 1.360925e+04 1.351948e+04 1.349959e+04 1.358936e+04
26.5 1.343517e+04 1.349201e+04 1.336954e+04 1.331270e+04
27.5 1.368403e+04 1.347510e+04 1.327097e+04 1.347990e+04
0.5 1.345850e+04 1.359501e+04 1.355850e+04 1.342199e+04
1.5 1.381486e+04 1.359279e+04 1.373510e+04 1.395716e+04
2.5 1.343207e+04 1.357183e+04 1.385239e+04 1.371262e+04
3.5 1.368359e+04 1.354622e+04 1.379732e+04 1.393469e+04
4.5 1.345738e+04 1.352936e+04 1.367903e+04 1.360705e+04
5.5 1.350647e+04 1.352198e+04 1.359182e+04 1.357631e+04
6.5 1.362142e+04 1.352048e+04 1.354585e+04 1.364678e+04
7.5 1.377168e+04 1.352186e+04 1.352784e+04 1.377766e+04
8.5 1.351140e+04 1.352418e+04 1.352599e+04 1.351321e+04
9.5 1.361856e+04 1.352633e+04 1.353123e+04 1.362346e+04
10.5 1.360925e+04 1.351948e+04 1.349959e+04 1.358936e+04
11.5 1.343517e+04 1.349201e+04 1.336954e+04 1.331270e+04
12.5 1.368403e+04 1.347510e+04 1.327097e+04 1.347990e+04
13.5 1.352715e+04 1.349313e+04 1.332871e+04 1.336273e+04
14.5 1.348556e+04 1.352124e+04 1.344231e+04 1.340662e+04
15.5 1.348723e+04 1.351013e+04 1.352334e+04 1.350044e+04
