0.5 7.449943e+03 7.300159e+03 7.326444e+03 7.476228e+03
1.5 7.410804e+03 7.306325e+03 7.325292e+03 7.429771e+03
2.5 7.315535e+03 7.289577e+03 7.321106e+03 7.347064e+03
3.5 7.296067e+03 7.256395e+03 7.316753e+03 7.356425e+03
4.5 7.171857e+03 7.229580e+03 7.314271e+03 7.256548e+03
5.5 7.301280e+03 7.212434e+03 7.313404e+03 7.402249e+03
6.5 7.391340e+03 7.202798e+03 7.314609e+03 7.503150e+03
7.5 7.255030e+03 7.220467e+03 7.319224e+03 7.353787e+03
8.5 7.103565e+03 7.256487e+03 7.324081e+03 7.171160e+03
9.5 7.239462e+03 7.286352e+03 7.326990e+03 7.280101e+03
10.5 7.270984e+03 7.302231e+03 7.328170e+03 7.296923e+03
11.5 7.326908e+03 7.307805e+03 7.328361e+03 7.347463e+03
12.5 7.551556e+03 7.307769e+03 7.328101e+03 7.571889e+03
13.5 7.529141e+03 7.305350e+03 7.327721e+03 7.551512e+03
14.5 7.276737e+03 7.302529e+03 7.327391e+03 7.301600e+03
15.5 7.214128e+03 7.303898e+03 7.327161e+03 7.237391e+03
16.5 7.226633e+03 7.307936e+03 7.325835e+03 7.244532e+03
17.5 7.466467e+03 7.290139e+03 7.321542e+03 7.497870e+03
18.5 7.320544e+03 7.256224e+03 7.317120e+03 7.381440e+03
19.5 7.090329e+03 7.228717e+03 7.314588e+03 7.176200e+03
20.5 7.054181e+03 7.210854e+03 7.313680e+03 7.157006e+03
21.5 7.183907e+03 7.200475e+03 7.314848e+03 7.298281e+03
22.5 7.202548e+03 7.217388e+03 7.319428e+03 7.304588e+03
0.5 7.214128e+03 7.303898e+03 7.327161e+03 7.237391e+03
1.5 7.226633e+03 7.307936e+03 7.325835e+03 7.244532e+03
2.5 7.466467e+03 7.290139e+03 7.321542e+03 7.497870e+03
3.5 7.320544e+03 7.256224e+03 7.317120e+03 7.381440e+03
4.5 7.090329e+03 7.228717e+03 7.314588e+03 7.176200e+03
5.5 7.054181e+03 7.210854e+03 7.313680e+03 7.157006e+03
6.5 7.183907e+03 7.200475e+03 7.314848e+03 7.298281e+03
7.5 7.202548e+03 7.217388e+03 7.319428e+03 7.304588e+03
8.5 7.346121e+03 7.252652e+03 7.324253e+03 7.417722e+03
9.5 7.415701e+03 7.281759e+03 7.327129e+03 7.461071e+03
10.5 7.377455e+03 7.296883e+03 7.328278e+03 7.408849e+03
11.5 7.266400e+03 7.301708e+03 7.328439e+03 7.293131e+03
12.5 7.158179e+03 7.300928e+03 7.328151e+03 7.185402e+03
13.5 7.349464e+03 7.297772e+03 7.327742e+03 7.379434e+03
14.5 7.209522e+03 7.294412e+03 7.327386e+03 7.242496e+03
15.5 7.283559e+03 7.319847e+03 7.327139e+03 7.290851e+03
16.5 7.652495e+03 7.451554e+03 7.326990e+03 7.527931e+03
17.5 7.720865e+03 7.647535e+03 7.326907e+03 7.400237e+03
18.5 7.653210e+03 7.733380e+03 7.326860e+03 7.246691e+03
19.5 7.722188e+03 7.723201e+03 7.326830e+03 7.325817e+03
20.5 7.578622e+03 7.661450e+03 7.326807e+03 7.243979e+03
21.5 7.579937e+03 7.497388e+03 7.326787e+03 7.409336e+03
22.5 7.492003e+03 7.277417e+03 7.326766e+03 7.541353e+03
0.5 7.262037e+03 7.273365e+03 7.326570e+03 7.315241e+03
1.5 7.219267e+03 7.277215e+03 7.325341e+03 7.267392e+03
2.5 7.183174e+03 7.258116e+03 7.321080e+03 7.246139e+03
3.5 7.232570e+03 7.222543e+03 7.316654e+03 7.326680e+03
4.5 7.228983e+03 7.193315e+03 7.314101e+03 7.349770e+03
5.5 7.140288e+03 7.173714e+03 7.313164e+03 7.279737e+03
6.5 7.220060e+03 7.161551e+03 7.314301e+03 7.372810e+03
7.5 7.157940e+03 7.176621e+03 7.318849e+03 7.300168e+03
8.5 7.169773e+03 7.209958e+03 7.323641e+03 7.283457e+03
9.5 7.312845e+03 7.237060e+03 7.326486e+03 7.402271e+03
10.5 7.308873e+03 7.250099e+03 7.327603e+03 7.386376e+03
11.5 7.532350e+03 7.252750e+03 7.327732e+03 7.607333e+03
12.5 7.401788e+03 7.249699e+03 7.327412e+03 7.479502e+03
13.5 7.350724e+03 7.244163e+03 7.326971e+03 7.433532e+03
14.5 7.261155e+03 7.238306e+03 7.326582e+03 7.349431e+03
15.5 7.196642e+03 7.261114e+03 7.326301e+03 7.261829e+03
16.5 7.504882e+03 7.390031e+03 7.326118e+03 7.440969e+03
17.5 7.648358e+03 7.582946e+03 7.325999e+03 7.391410e+03
18.5 7.594403e+03 7.665353e+03 7.325914e+03 7.254964e+03
19.5 7.599999e+03 7.651355e+03 7.325845e+03 7.274489e+03
20.5 7.498208e+03 7.575899e+03 7.325782e+03 7.248091e+03
