0.5 1.007539e+03 1.078888e+03 1.074394e+03 1.003046e+03
1.5 1.024208e+03 1.087422e+03 1.081864e+03 1.018650e+03
2.5 1.098909e+03 1.112429e+03 1.109013e+03 1.095493e+03
3.5 1.259940e+03 1.136209e+03 1.137249e+03 1.260980e+03
4.5 1.076308e+03 1.148673e+03 1.153349e+03 1.080983e+03
5.5 1.254229e+03 1.151959e+03 1.158974e+03 1.261244e+03
6.5 1.066555e+03 1.142842e+03 1.151154e+03 1.074867e+03
7.5 1.084138e+03 1.115360e+03 1.121225e+03 1.090002e+03
8.5 1.137530e+03 1.088772e+03 1.089718e+03 1.138476e+03
9.5 1.214338e+03 1.073956e+03 1.070852e+03 1.211234e+03
10.5 1.104016e+03 1.068444e+03 1.063200e+03 1.098773e+03
11.5 9.879796e+02 1.067944e+03 1.061961e+03 9.819964e+02
12.5 1.195905e+03 1.069611e+03 1.063644e+03 1.189938e+03
13.5 1.111132e+03 1.071750e+03 1.066114e+03 1.105496e+03
14.5 1.070277e+03 1.073510e+03 1.068249e+03 1.065016e+03
15.5 1.001125e+03 1.075203e+03 1.069746e+03 9.956681e+02
16.5 1.042077e+03 1.084336e+03 1.078345e+03 1.036086e+03
17.5 1.106229e+03 1.109717e+03 1.106187e+03 1.102699e+03
18.5 1.193439e+03 1.133781e+03 1.134869e+03 1.194527e+03
19.5 1.201764e+03 1.146499e+03 1.151292e+03 1.206557e+03
20.5 1.175591e+03 1.150027e+03 1.157183e+03 1.182747e+03
21.5 1.038855e+03 1.141145e+03 1.149602e+03 1.047311e+03
22.5 1.179644e+03 1.113893e+03 1.119898e+03 1.185649e+03
0.5 1.001125e+03 1.075203e+03 1.069746e+03 9.956681e+02
1.5 1.042077e+03 1.084336e+03 1.078345e+03 1.036086e+03
2.5 1.106229e+03 1.109717e+03 1.106187e+03 1.102699e+03
3.5 1.193439e+03 1.133781e+03 1.134869e+03 1.194527e+03
4.5 1.201764e+03 1.146499e+03 1.151292e+03 1.206557e+03
5.5 1.175591e+03 1.150027e+03 1.157183e+03 1.182747e+03
6.5 1.038855e+03 1.141145e+03 1.149602e+03 1.047311e+03
7.5 1.179644e+03 1.113893e+03 1.119898e+03 1.185649e+03
8.5 9.841540e+02 1.087527e+03 1.088607e+03 9.852342e+02
9.5 1.033237e+03 1.072926e+03 1.069949e+03 1.030260e+03
10.5 1.176723e+03 1.067621e+03 1.062499e+03 1.171601e+03
11.5 1.037623e+03 1.067323e+03 1.061454e+03 1.031754e+03
12.5 1.041634e+03 1.069182e+03 1.063324e+03 1.035776e+03
13.5 9.523241e+02 1.071508e+03 1.065975e+03 9.467913e+02
14.5 1.026288e+03 1.073419e+03 1.068284e+03 1.021153e+03
15.5 1.005100e+03 1.071741e+03 1.069886e+03 1.003245e+03
16.5 1.004173e+03 1.061568e+03 1.070851e+03 1.013456e+03
17.5 1.138703e+03 1.052403e+03 1.071389e+03 1.157689e+03
18.5 1.092369e+03 1.055154e+03 1.071694e+03 1.108909e+03
19.5 9.015352e+02 1.062982e+03 1.071888e+03 9.104411e+02
20.5 1.054559e+03 1.071918e+03 1.072037e+03 1.054677e+03
21.5 1.083730e+03 1.086114e+03 1.072171e+03 1.069787e+03
22.5 1.228012e+03 1.097123e+03 1.072303e+03 1.203192e+03
0.5 1.092218e+03 1.077757e+03 1.073577e+03 1.088039e+03
1.5 1.065056e+03 1.086822e+03 1.081546e+03 1.059781e+03
2.5 1.151650e+03 1.112348e+03 1.109182e+03 1.148484e+03
3.5 1.080891e+03 1.136631e+03 1.137891e+03 1.082151e+03
4.5 1.074299e+03 1.149566e+03 1.154450e+03 1.079183e+03
5.5 1.082067e+03 1.153315e+03 1.160529e+03 1.089281e+03
6.5 1.237433e+03 1.144670e+03 1.153151e+03 1.245914e+03
7.5 1.049376e+03 1.117662e+03 1.123655e+03 1.055368e+03
8.5 1.158694e+03 1.091549e+03 1.092571e+03 1.159716e+03
9.5 9.942670e+02 1.077200e+03 1.074120e+03 9.911871e+02
10.5 1.108214e+03 1.072138e+03 1.066875e+03 1.102951e+03
11.5 1.030058e+03 1.072078e+03 1.066037e+03 1.024017e+03
12.5 9.733879e+02 1.074174e+03 1.068114e+03 9.673281e+02
13.5 1.093795e+03 1.076738e+03 1.070975e+03 1.088032e+03
14.5 1.137636e+03 1.078893e+03 1.073498e+03 1.132242e+03
15.5 1.004872e+03 1.077465e+03 1.075319e+03 1.002726e+03
16.5 1.223389e+03 1.067553e+03 1.076509e+03 1.232345e+03
17.5 1.032830e+03 1.058672e+03 1.077282e+03 1.051440e+03
18.5 1.036710e+03 1.061728e+03 1.077829e+03 1.052811e+03
19.5 1.198179e+03 1.069943e+03 1.078275e+03 1.206511e+03
20.5 1.086987e+03 1.087969e+03 1.078689e+03 1.077706e+03
