0.5 7.148106e+03 7.227609e+03 7.284887e+03 7.205385e+03
1.5 7.285132e+03 7.268038e+03 7.291051e+03 7.308145e+03
2.5 7.342504e+03 7.316414e+03 7.313442e+03 7.339532e+03
3.5 7.358462e+03 7.326253e+03 7.336750e+03 7.368959e+03
4.5 7.151166e+03 7.311956e+03 7.350079e+03 7.189290e+03
5.5 7.222765e+03 7.297187e+03 7.354837e+03 7.280416e+03
6.5 7.284161e+03 7.287694e+03 7.354889e+03 7.351355e+03
7.5 7.353158e+03 7.282704e+03 7.352918e+03 7.423372e+03
8.5 7.404547e+03 7.280975e+03 7.350520e+03 7.474091e+03
9.5 7.268098e+03 7.281501e+03 7.348513e+03 7.335110e+03
10.5 7.314093e+03 7.311234e+03 7.347094e+03 7.349953e+03
11.5 7.559809e+03 7.446738e+03 7.339860e+03 7.452931e+03
12.5 7.721657e+03 7.645867e+03 7.316803e+03 7.392594e+03
13.5 7.727048e+03 7.734339e+03 7.293067e+03 7.285777e+03
14.5 7.648195e+03 7.726468e+03 7.279438e+03 7.201165e+03
15.5 7.631387e+03 7.666861e+03 7.274493e+03 7.239019e+03
16.5 7.588891e+03 7.504834e+03 7.280655e+03 7.364712e+03
17.5 7.343153e+03 7.286842e+03 7.305054e+03 7.361364e+03
18.5 7.187543e+03 7.187630e+03 7.330774e+03 7.330686e+03
19.5 7.195860e+03 7.191139e+03 7.346108e+03 7.350829e+03
20.5 7.148147e+03 7.222100e+03 7.352230e+03 7.278277e+03
21.5 7.135715e+03 7.251578e+03 7.353092e+03 7.237229e+03
22.5 7.003038e+03 7.273637e+03 7.351566e+03 7.080967e+03
23.5 7.124428e+03 7.287321e+03 7.349408e+03 7.186515e+03
24.5 7.308843e+03 7.294047e+03 7.347542e+03 7.362339e+03
25.5 7.449943e+03 7.300159e+03 7.346218e+03 7.496002e+03
26.5 7.410804e+03 7.306325e+03 7.339062e+03 7.443540e+03
27.5 7.315535e+03 7.289577e+03 7.316081e+03 7.342038e+03
0.5 7.631387e+03 7.666861e+03 7.274493e+03 7.239019e+03
1.5 7.588891e+03 7.504834e+03 7.280655e+03 7.364712e+03
2.5 7.343153e+03 7.286842e+03 7.305054e+03 7.361364e+03
3.5 7.187543e+03 7.187630e+03 7.330774e+03 7.330686e+03
4.5 7.195860e+03 7.191139e+03 7.346108e+03 7.350829e+03
5.5 7.148147e+03 7.222100e+03 7.352230e+03 7.278277e+03
6.5 7.135715e+03 7.251578e+03 7.353092e+03 7.237229e+03
7.5 7.003038e+03 7.273637e+03 7.351566e+03 7.080967e+03
8.5 7.124428e+03 7.287321e+03 7.349408e+03 7.186515e+03
9.5 7.308843e+03 7.294047e+03 7.347542e+03 7.362339e+03
10.5 7.449943e+03 7.300159e+03 7.346218e+03 7.496002e+03
11.5 7.410804e+03 7.306325e+03 7.339062e+03 7.443540e+03
12.5 7.315535e+03 7.289577e+03 7.316081e+03 7.342038e+03
13.5 7.296067e+03 7.256395e+03 7.292423e+03 7.332095e+03
14.5 7.171857e+03 7.229580e+03 7.278869e+03 7.221146e+03
15.5 7.301280e+03 7.212434e+03 7.273996e+03 7.362841e+03
16.5 7.391340e+03 7.202798e+03 7.280224e+03 7.468766e+03
17.5 7.255030e+03 7.220467e+03 7.304674e+03 7.339237e+03
18.5 7.103565e+03 7.256487e+03 7.330442e+03 7.177521e+03
19.5 7.239462e+03 7.286352e+03 7.345822e+03 7.298933e+03
20.5 7.270984e+03 7.302231e+03 7.351987e+03 7.320740e+03
21.5 7.326908e+03 7.307805e+03 7.352891e+03 7.371993e+03
22.5 7.551556e+03 7.307769e+03 7.351404e+03 7.595191e+03
23.5 7.529141e+03 7.305350e+03 7.349284e+03 7.573076e+03
24.5 7.276737e+03 7.302529e+03 7.347454e+03 7.321663e+03
25.5 7.214128e+03 7.303898e+03 7.346165e+03 7.256395e+03
26.5 7.226633e+03 7.307936e+03 7.339043e+03 7.257740e+03
27.5 7.466467e+03 7.290139e+03 7.316096e+03 7.492424e+03
0.5 7.301280e+03 7.212434e+03 7.273996e+03 7.362841e+03
1.5 7.391340e+03 7.202798e+03 7.280224e+03 7.468766e+03
2.5 7.255030e+03 7.220467e+03 7.304674e+03 7.339237e+03
3.5 7.103565e+03 7.256487e+03 7.330442e+03 7.177521e+03
4.5 7.239462e+03 7.286352e+03 7.345822e+03 7.298933e+03
5.5 7.270984e+03 7.302231e+03 7.351987e+03 7.320740e+03
6.5 7.326908e+03 7.307805e+03 7.352891e+03 7.371993e+03
7.5 7.551556e+03 7.307769e+03 7.351404e+03 7.595191e+03
8.5 7.529141e+03 7.305350e+03 7.349284e+03 7.573076e+03
9.5 7.276737e+03 7.302529e+03 7.347454e+03 7.321663e+03
10.5 7.214128e+03 7.303898e+03 7.346165e+03 7.256395e+03
11.5 7.226633e+03 7.307936e+03 7.339043e+03 7.257740e+03
12.5 7.466467e+03 7.290139e+03 7.316096e+03 7.492424e+03
13.5 7.320544e+03 7.256224e+03 7.292471e+03 7.356791e+03
14.5 7.090329e+03 7.228717e+03 7.278950e+03 7.140562e+03
15.5 7.054181e+03 7.210854e+03 7.274109e+03 7.117435e+03
16.5 7.183907e+03 7.200475e+03 7.280370e+03 7.263802e+03
17.5 7.202548e+03 7.217388e+03 7.304852e+03 7.290012e+03
18.5 7.346121e+03 7.252652e+03 7.330653e+03 7.424122e+03
19.5 7.415701e+03 7.281759e+03 7.346066e+03 7.480008e+03
20.5 7.377455e+03 7.296883e+03 7.352266e+03 7.432837e+03
21.5 7.266400e+03 7.301708e+03 7.353204e+03 7.317896e+03
22.5 7.158179e+03 7.300928e+03 7.351753e+03 7.209005e+03
23.5 7.349464e+03 7.297772e+03 7.349671e+03 7.401363e+03
24.5 7.209522e+03 7.294412e+03 7.347880e+03 7.262990e+03
25.5 7.283559e+03 7.319847e+03 7.346631e+03 7.310343e+03
26.5 7.652495e+03 7.451554e+03 7.339551e+03 7.540492e+03
27.5 7.720865e+03 7.647535e+03 7.316648e+03 7.389978e+03
0.5 7.054181e+03 7.210854e+03 7.274109e+03 7.117435e+03
1.5 7.183907e+03 7.200475e+03 7.280370e+03 7.263802e+03
2.5 7.202548e+03 7.217388e+03 7.304852e+03 7.290012e+03
3.5 7.346121e+03 7.252652e+03 7.330653e+03 7.424122e+03
4.5 7.415701e+03 7.281759e+03 7.346066e+03 7.480008e+03
5.5 7.377455e+03 7.296883e+03 7.352266e+03 7.432837e+03
6.5 7.266400e+03 7.301708e+03 7.353204e+03 7.317896e+03
7.5 7.158179e+03 7.300928e+03 7.351753e+03 7.209005e+03
8.5 7.349464e+03 7.297772e+03 7.349671e+03 7.401363e+03
9.5 7.209522e+03 7.294412e+03 7.347880e+03 7.262990e+03
10.5 7.283559e+03 7.319847e+03 7.346631e+03 7.310343e+03
11.5 7.652495e+03 7.451554e+03 7.339551e+03 7.540492e+03
12.5 7.720865e+03 7.647535e+03 7.316648e+03 7.389978e+03
13.5 7.653210e+03 7.733380e+03 7.293070e+03 7.212900e+03
14.5 7.722188e+03 7.723201e+03 7.279597e+03 7.278584e+03
15.5 7.578622e+03 7.661450e+03 7.274808e+03 7.191980e+03
16.5 7.579937e+03 7.497388e+03 7.281123e+03 7.363672e+03
17.5 7.492003e+03 7.277417e+03 7.305662e+03 7.520249e+03
18.5 7.157002e+03 7.176145e+03 7.331524e+03 7.312381e+03
19.5 7.057883e+03 7.177563e+03 7.347001e+03 7.227321e+03
20.5 7.049602e+03 7.206401e+03 7.353268e+03 7.196469e+03
21.5 7.087739e+03 7.233722e+03 7.354278e+03 7.208295e+03
22.5 7.133754e+03 7.253595e+03 7.352903e+03 7.233063e+03
23.5 7.073155e+03 7.265060e+03 7.350901e+03 7.158996e+03
24.5 7.065675e+03 7.269536e+03 7.349195e+03 7.145334e+03
25.5 7.262037e+03 7.273365e+03 7.348036e+03 7.336708e+03
26.5 7.219267e+03 7.277215e+03 7.341052e+03 7.283103e+03
27.5 7.183174e+03 7.258116e+03 7.318250e+03 7.243308e+03
0.5 7.578622e+03 7.661450e+03 7.274808e+03 7.191980e+03
1.5 7.579937e+03 7.497388e+03 7.281123e+03 7.363672e+03
2.5 7.492003e+03 7.277417e+03 7.305662e+03 7.520249e+03
3.5 7.157002e+03 7.176145e+03 7.331524e+03 7.312381e+03
4.5 7.057883e+03 7.177563e+03 7.347001e+03 7.227321e+03
5.5 7.049602e+03 7.206401e+03 7.353268e+03 7.196469e+03
6.5 7.087739e+03 7.233722e+03 7.354278e+03 7.208295e+03
7.5 7.133754e+03 7.253595e+03 7.352903e+03 7.233063e+03
8.5 7.073155e+03 7.265060e+03 7.350901e+03 7.158996e+03
9.5 7.065675e+03 7.269536e+03 7.349195e+03 7.145334e+03
10.5 7.262037e+03 7.273365e+03 7.348036e+03 7.336708e+03
11.5 7.219267e+03 7.277215e+03 7.341052e+03 7.283103e+03
12.5 7.183174e+03 7.258116e+03 7.318250e+03 7.243308e+03
13.5 7.232570e+03 7.222543e+03 7.294777e+03 7.304804e+03
14.5 7.228983e+03 7.193315e+03 7.281417e+03 7.317086e+03
15.5 7.140288e+03 7.173714e+03 7.276759e+03 7.243333e+03
16.5 7.220060e+03 7.161551e+03 7.283214e+03 7.341723e+03
17.5 7.157940e+03 7.176621e+03 7.307900e+03 7.289219e+03
18.5 7.169773e+03 7.209958e+03 7.333909e+03 7.293724e+03
19.5 7.312845e+03 7.237060e+03 7.349534e+03 7.425319e+03
20.5 7.308873e+03 7.250099e+03 7.355951e+03 7.414725e+03
21.5 7.532350e+03 7.252750e+03 7.357116e+03 7.636716e+03
22.5 7.401788e+03 7.249699e+03 7.355904e+03 7.507994e+03
23.5 7.350724e+03 7.244163e+03 7.354074e+03 7.460635e+03
24.5 7.261155e+03 7.238306e+03 7.352550e+03 7.375399e+03
25.5 7.196642e+03 7.261114e+03 7.351584e+03 7.287112e+03
26.5 7.504882e+03 7.390031e+03 7.344803e+03 7.459654e+03
27.5 7.648358e+03 7.582946e+03 7.322221e+03 7.387633e+03
0.5 7.140288e+03 7.173714e+03 7.276759e+03 7.243333e+03
1.5 7.220060e+03 7.161551e+03 7.283214e+03 7.341723e+03
2.5 7.157940e+03 7.176621e+03 7.307900e+03 7.289219e+03
3.5 7.169773e+03 7.209958e+03 7.333909e+03 7.293724e+03
4.5 7.312845e+03 7.237060e+03 7.349534e+03 7.425319e+03
5.5 7.308873e+03 7.250099e+03 7.355951e+03 7.414725e+03
6.5 7.532350e+03 7.252750e+03 7.357116e+03 7.636716e+03
7.5 7.401788e+03 7.249699e+03 7.355904e+03 7.507994e+03
8.5 7.350724e+03 7.244163e+03 7.354074e+03 7.460635e+03
9.5 7.261155e+03 7.238306e+03 7.352550e+03 7.375399e+03
10.5 7.196642e+03 7.261114e+03 7.351584e+03 7.287112e+03
11.5 7.504882e+03 7.390031e+03 7.344803e+03 7.459654e+03
12.5 7.648358e+03 7.582946e+03 7.322221e+03 7.387633e+03
13.5 7.594403e+03 7.665353e+03 7.299002e+03 7.228052e+03
14.5 7.599999e+03 7.651355e+03 7.285933e+03 7.234577e+03
15.5 7.498208e+03 7.575899e+03 7.281535e+03 7.203844e+03
