0.5 9.801502e+03 9.746800e+03 9.763578e+03 9.818280e+03
1.5 9.717824e+03 9.755079e+03 9.760240e+03 9.722985e+03
2.5 9.770970e+03 9.751888e+03 9.748115e+03 9.767197e+03
3.5 9.726404e+03 9.735352e+03 9.735493e+03 9.726546e+03
4.5 9.662626e+03 9.719609e+03 9.728276e+03 9.671293e+03
5.5 9.757515e+03 9.711144e+03 9.725699e+03 9.772070e+03
6.5 9.669142e+03 9.708474e+03 9.725671e+03 9.686339e+03
7.5 9.765937e+03 9.709016e+03 9.726738e+03 9.783659e+03
8.5 9.709741e+03 9.710981e+03 9.728037e+03 9.726798e+03
9.5 9.840183e+03 9.713286e+03 9.729124e+03 9.856020e+03
10.5 9.665670e+03 9.719198e+03 9.729892e+03 9.676364e+03
11.5 9.789818e+03 9.749909e+03 9.733809e+03 9.773718e+03
12.5 9.967815e+03 9.816999e+03 9.746295e+03 9.897110e+03
13.5 9.814769e+03 9.870594e+03 9.759148e+03 9.703324e+03
14.5 9.835403e+03 9.893730e+03 9.766529e+03 9.708202e+03
15.5 9.774462e+03 9.894818e+03 9.769207e+03 9.648851e+03
16.5 9.810414e+03 9.862836e+03 9.765870e+03 9.713447e+03
17.5 9.876227e+03 9.791563e+03 9.752657e+03 9.837321e+03
18.5 9.683482e+03 9.733876e+03 9.738730e+03 9.688336e+03
19.5 9.674872e+03 9.708029e+03 9.730426e+03 9.697269e+03
20.5 9.649414e+03 9.701901e+03 9.727111e+03 9.674624e+03
21.5 9.796584e+03 9.704730e+03 9.726644e+03 9.818499e+03
22.5 9.652511e+03 9.710713e+03 9.727471e+03 9.669268e+03
23.5 9.600211e+03 9.716662e+03 9.728639e+03 9.612188e+03
24.5 9.629222e+03 9.721165e+03 9.729649e+03 9.637706e+03
25.5 9.800916e+03 9.725814e+03 9.730367e+03 9.805469e+03
26.5 9.762550e+03 9.731395e+03 9.734242e+03 9.765397e+03
27.5 9.671152e+03 9.728632e+03 9.746686e+03 9.689206e+03
0.5 9.774462e+03 9.894818e+03 9.769207e+03 9.648851e+03
1.5 9.810414e+03 9.862836e+03 9.765870e+03 9.713447e+03
2.5 9.876227e+03 9.791563e+03 9.752657e+03 9.837321e+03
3.5 9.683482e+03 9.733876e+03 9.738730e+03 9.688336e+03
4.5 9.674872e+03 9.708029e+03 9.730426e+03 9.697269e+03
5.5 9.649414e+03 9.701901e+03 9.727111e+03 9.674624e+03
6.5 9.796584e+03 9.704730e+03 9.726644e+03 9.818499e+03
7.5 9.652511e+03 9.710713e+03 9.727471e+03 9.669268e+03
8.5 9.600211e+03 9.716662e+03 9.728639e+03 9.612188e+03
9.5 9.629222e+03 9.721165e+03 9.729649e+03 9.637706e+03
10.5 9.800916e+03 9.725814e+03 9.730367e+03 9.805469e+03
11.5 9.762550e+03 9.731395e+03 9.734242e+03 9.765397e+03
12.5 9.671152e+03 9.728632e+03 9.746686e+03 9.689206e+03
13.5 9.688715e+03 9.717818e+03 9.759497e+03 9.730395e+03
14.5 9.809539e+03 9.707922e+03 9.766837e+03 9.868454e+03
15.5 9.687606e+03 9.700886e+03 9.769476e+03 9.756195e+03
16.5 9.842682e+03 9.695282e+03 9.766103e+03 9.913502e+03
17.5 9.696001e+03 9.699241e+03 9.752863e+03 9.749623e+03
18.5 9.605955e+03 9.711694e+03 9.738910e+03 9.633171e+03
19.5 9.634617e+03 9.723164e+03 9.730581e+03 9.642034e+03
20.5 9.717469e+03 9.729697e+03 9.727242e+03 9.715014e+03
21.5 9.732820e+03 9.732302e+03 9.726753e+03 9.727272e+03
22.5 9.732857e+03 9.732678e+03 9.727558e+03 9.727737e+03
23.5 9.729034e+03 9.732033e+03 9.728706e+03 9.725707e+03
24.5 9.757706e+03 9.731139e+03 9.729697e+03 9.756264e+03
25.5 9.743318e+03 9.732139e+03 9.730395e+03 9.741574e+03
26.5 9.823839e+03 9.735511e+03 9.734252e+03 9.822579e+03
27.5 9.781968e+03 9.731452e+03 9.746678e+03 9.797194e+03
0.5 9.687606e+03 9.700886e+03 9.769476e+03 9.756195e+03
1.5 9.842682e+03 9.695282e+03 9.766103e+03 9.913502e+03
2.5 9.696001e+03 9.699241e+03 9.752863e+03 9.749623e+03
3.5 9.605955e+03 9.711694e+03 9.738910e+03 9.633171e+03
4.5 9.634617e+03 9.723164e+03 9.730581e+03 9.642034e+03
5.5 9.717469e+03 9.729697e+03 9.727242e+03 9.715014e+03
6.5 9.732820e+03 9.732302e+03 9.726753e+03 9.727272e+03
7.5 9.732857e+03 9.732678e+03 9.727558e+03 9.727737e+03
8.5 9.729034e+03 9.732033e+03 9.728706e+03 9.725707e+03
9.5 9.757706e+03 9.731139e+03 9.729697e+03 9.756264e+03
10.5 9.743318e+03 9.732139e+03 9.730395e+03 9.741574e+03
11.5 9.823839e+03 9.735511e+03 9.734252e+03 9.822579e+03
12.5 9.781968e+03 9.731452e+03 9.746678e+03 9.797194e+03
13.5 9.672802e+03 9.719828e+03 9.759471e+03 9.712445e+03
14.5 9.607432e+03 9.709351e+03 9.766793e+03 9.664874e+03
15.5 9.602743e+03 9.701835e+03 9.769414e+03 9.670323e+03
16.5 9.709734e+03 9.695791e+03 9.766024e+03 9.779967e+03
17.5 9.655684e+03 9.699327e+03 9.752767e+03 9.709123e+03
18.5 9.835908e+03 9.711368e+03 9.738795e+03 9.863336e+03
19.5 9.788859e+03 9.722433e+03 9.730449e+03 9.796875e+03
20.5 9.723501e+03 9.728565e+03 9.727092e+03 9.722028e+03
21.5 9.754970e+03 9.730776e+03 9.726584e+03 9.750778e+03
22.5 9.664311e+03 9.730763e+03 9.727369e+03 9.660918e+03
23.5 9.712234e+03 9.729735e+03 9.728497e+03 9.710995e+03
24.5 9.674205e+03 9.728479e+03 9.729467e+03 9.675192e+03
25.5 9.815486e+03 9.731228e+03 9.730143e+03 9.814401e+03
26.5 9.794711e+03 9.759444e+03 9.733977e+03 9.769244e+03
27.5 9.784537e+03 9.824598e+03 9.746379e+03 9.706318e+03
0.5 9.602743e+03 9.701835e+03 9.769414e+03 9.670323e+03
1.5 9.709734e+03 9.695791e+03 9.766024e+03 9.779967e+03
2.5 9.655684e+03 9.699327e+03 9.752767e+03 9.709123e+03
3.5 9.835908e+03 9.711368e+03 9.738795e+03 9.863336e+03
4.5 9.788859e+03 9.722433e+03 9.730449e+03 9.796875e+03
5.5 9.723501e+03 9.728565e+03 9.727092e+03 9.722028e+03
6.5 9.754970e+03 9.730776e+03 9.726584e+03 9.750778e+03
7.5 9.664311e+03 9.730763e+03 9.727369e+03 9.660918e+03
8.5 9.712234e+03 9.729735e+03 9.728497e+03 9.710995e+03
9.5 9.674205e+03 9.728479e+03 9.729467e+03 9.675192e+03
10.5 9.815486e+03 9.731228e+03 9.730143e+03 9.814401e+03
11.5 9.794711e+03 9.759444e+03 9.733977e+03 9.769244e+03
12.5 9.784537e+03 9.824598e+03 9.746379e+03 9.706318e+03
13.5 9.820583e+03 9.876621e+03 9.759147e+03 9.703109e+03
14.5 9.992007e+03 9.898388e+03 9.766443e+03 9.860062e+03
15.5 1.004311e+04 9.898209e+03 9.769036e+03 9.913941e+03
16.5 9.967920e+03 9.865013e+03 9.765616e+03 9.868523e+03
17.5 9.765895e+03 9.792577e+03 9.752328e+03 9.725645e+03
18.5 9.836528e+03 9.733726e+03 9.738324e+03 9.841125e+03
19.5 9.716257e+03 9.706714e+03 9.729943e+03 9.739485e+03
20.5 9.633956e+03 9.699419e+03 9.726549e+03 9.661086e+03
21.5 9.695629e+03 9.701077e+03 9.726002e+03 9.720553e+03
22.5 9.667121e+03 9.705888e+03 9.726746e+03 9.687979e+03
23.5 9.655499e+03 9.710662e+03 9.727831e+03 9.672668e+03
24.5 9.634158e+03 9.713986e+03 9.728754e+03 9.648926e+03
25.5 9.691538e+03 9.717452e+03 9.729382e+03 9.703468e+03
26.5 9.654673e+03 9.721846e+03 9.733164e+03 9.665991e+03
27.5 9.662620e+03 9.717889e+03 9.745512e+03 9.690242e+03
0.5 1.004311e+04 9.898209e+03 9.769036e+03 9.913941e+03
1.5 9.967920e+03 9.865013e+03 9.765616e+03 9.868523e+03
2.5 9.765895e+03 9.792577e+03 9.752328e+03 9.725645e+03
3.5 9.836528e+03 9.733726e+03 9.738324e+03 9.841125e+03
4.5 9.716257e+03 9.706714e+03 9.729943e+03 9.739485e+03
5.5 9.633956e+03 9.699419e+03 9.726549e+03 9.661086e+03
6.5 9.695629e+03 9.701077e+03 9.726002e+03 9.720553e+03
7.5 9.667121e+03 9.705888e+03 9.726746e+03 9.687979e+03
8.5 9.655499e+03 9.710662e+03 9.727831e+03 9.672668e+03
9.5 9.634158e+03 9.713986e+03 9.728754e+03 9.648926e+03
10.5 9.691538e+03 9.717452e+03 9.729382e+03 9.703468e+03
11.5 9.654673e+03 9.721846e+03 9.733164e+03 9.665991e+03
12.5 9.662620e+03 9.717889e+03 9.745512e+03 9.690242e+03
13.5 9.854657e+03 9.705874e+03 9.758222e+03 9.907005e+03
14.5 9.710095e+03 9.694775e+03 9.765457e+03 9.780777e+03
15.5 9.632660e+03 9.686513e+03 9.767979e+03 9.714127e+03
16.5 9.666318e+03 9.679659e+03 9.764484e+03 9.751143e+03
17.5 9.741913e+03 9.682345e+03 9.751116e+03 9.810684e+03
18.5 9.633844e+03 9.693504e+03 9.737032e+03 9.677371e+03
19.5 9.722335e+03 9.703661e+03 9.728571e+03 9.747245e+03
20.5 9.659798e+03 9.708859e+03 9.725096e+03 9.676035e+03
21.5 9.821596e+03 9.710103e+03 9.724465e+03 9.835959e+03
22.5 9.722410e+03 9.709086e+03 9.725122e+03 9.738446e+03
23.5 9.752986e+03 9.707010e+03 9.726113e+03 9.772089e+03
24.5 9.736914e+03 9.704658e+03 9.726938e+03 9.759194e+03
25.5 9.717817e+03 9.706258e+03 9.727461e+03 9.739020e+03
26.5 9.781114e+03 9.733263e+03 9.731133e+03 9.778983e+03
27.5 9.832701e+03 9.797120e+03 9.743361e+03 9.778942e+03
0.5 9.632660e+03 9.686513e+03 9.767979e+03 9.714127e+03
1.5 9.666318e+03 9.679659e+03 9.764484e+03 9.751143e+03
2.5 9.741913e+03 9.682345e+03 9.751116e+03 9.810684e+03
3.5 9.633844e+03 9.693504e+03 9.737032e+03 9.677371e+03
4.5 9.722335e+03 9.703661e+03 9.728571e+03 9.747245e+03
5.5 9.659798e+03 9.708859e+03 9.725096e+03 9.676035e+03
6.5 9.821596e+03 9.710103e+03 9.724465e+03 9.835959e+03
7.5 9.722410e+03 9.709086e+03 9.725122e+03 9.738446e+03
8.5 9.752986e+03 9.707010e+03 9.726113e+03 9.772089e+03
9.5 9.736914e+03 9.704658e+03 9.726938e+03 9.759194e+03
10.5 9.717817e+03 9.706258e+03 9.727461e+03 9.739020e+03
11.5 9.781114e+03 9.733263e+03 9.731133e+03 9.778983e+03
12.5 9.832701e+03 9.797120e+03 9.743361e+03 9.778942e+03
13.5 9.832159e+03 9.847712e+03 9.755935e+03 9.740382e+03
14.5 9.774477e+03 9.867889e+03 9.763012e+03 9.669600e+03
15.5 9.890859e+03 9.862897e+03 9.765393e+03 9.793356e+03
