0.5 8.034336e+03 7.895034e+03 7.855361e+03 7.994663e+03
1.5 8.196692e+03 8.056934e+03 7.905080e+03 8.044838e+03
2.5 8.411619e+03 8.304829e+03 8.078517e+03 8.185307e+03
3.5 8.299679e+03 8.425101e+03 8.258744e+03 8.133322e+03
4.5 8.475737e+03 8.426180e+03 8.362582e+03 8.412139e+03
5.5 8.298819e+03 8.360806e+03 8.400453e+03 8.338466e+03
6.5 8.222338e+03 8.168312e+03 8.353644e+03 8.407670e+03
7.5 7.922025e+03 7.897240e+03 8.167601e+03 8.192386e+03
8.5 7.819046e+03 7.762996e+03 7.971518e+03 8.027568e+03
9.5 7.763404e+03 7.755701e+03 7.854790e+03 7.862493e+03
10.5 7.709065e+03 7.787147e+03 7.808446e+03 7.730364e+03
11.5 7.669681e+03 7.820804e+03 7.802291e+03 7.651167e+03
12.5 7.678479e+03 7.847638e+03 7.814376e+03 7.645218e+03
13.5 7.744974e+03 7.865220e+03 7.831285e+03 7.711038e+03
14.5 7.850229e+03 7.874475e+03 7.845955e+03 7.821709e+03
15.5 8.001489e+03 7.878600e+03 7.856091e+03 7.978980e+03
16.5 8.052890e+03 7.874267e+03 7.862129e+03 8.040752e+03
17.5 7.767573e+03 7.851553e+03 7.865401e+03 7.781421e+03
18.5 7.795423e+03 7.826284e+03 7.867111e+03 7.836250e+03
19.5 7.858763e+03 7.811160e+03 7.868032e+03 7.915636e+03
20.5 7.863759e+03 7.805197e+03 7.868579e+03 7.927140e+03
21.5 7.895352e+03 7.810469e+03 7.868942e+03 7.953824e+03
22.5 7.906547e+03 7.835616e+03 7.869203e+03 7.940133e+03
0.5 8.036289e+03 7.904770e+03 7.858897e+03 7.990416e+03
1.5 8.174011e+03 8.063071e+03 7.906752e+03 8.017692e+03
2.5 8.420613e+03 8.307736e+03 8.078168e+03 8.191046e+03
3.5 8.206207e+03 8.425048e+03 8.256237e+03 8.037396e+03
4.5 8.546018e+03 8.423332e+03 8.357825e+03 8.480511e+03
5.5 8.246953e+03 8.355248e+03 8.393386e+03 8.285091e+03
6.5 8.366638e+03 8.160133e+03 8.344234e+03 8.550738e+03
7.5 8.065768e+03 7.886501e+03 8.155901e+03 8.335168e+03
8.5 7.640934e+03 7.749588e+03 7.957473e+03 7.848818e+03
9.5 7.637678e+03 7.739589e+03 7.838346e+03 7.736436e+03
10.5 7.626603e+03 7.768293e+03 7.789552e+03 7.647862e+03
11.5 7.731028e+03 7.799173e+03 7.780899e+03 7.712754e+03
12.5 7.786392e+03 7.823195e+03 7.790439e+03 7.753636e+03
13.5 7.632033e+03 7.837930e+03 7.804754e+03 7.598857e+03
14.5 7.701374e+03 7.844302e+03 7.816784e+03 7.673857e+03
15.5 7.858675e+03 7.845505e+03 7.824232e+03 7.837401e+03
16.5 7.708633e+03 7.838212e+03 7.827532e+03 7.697953e+03
17.5 7.790184e+03 7.812494e+03 7.828014e+03 7.805704e+03
18.5 7.705075e+03 7.784174e+03 7.826880e+03 7.747781e+03
19.5 7.963217e+03 7.765951e+03 7.824898e+03 8.022164e+03
20.5 7.699196e+03 7.756824e+03 7.822467e+03 7.764839e+03
21.5 7.788653e+03 7.758859e+03 7.819781e+03 7.849575e+03
22.5 7.754105e+03 7.780689e+03 7.816914e+03 7.790331e+03
0.5 7.835528e+03 7.830649e+03 7.788286e+03 7.793165e+03
1.5 8.086110e+03 7.985402e+03 7.832774e+03 7.933482e+03
2.5 8.285996e+03 8.226178e+03 8.000600e+03 8.060418e+03
3.5 8.220164e+03 8.339137e+03 8.174720e+03 8.055747e+03
4.5 8.342658e+03 8.332635e+03 8.271949e+03 8.281972e+03
5.5 8.183198e+03 8.254536e+03 8.302781e+03 8.231442e+03
