0.5 9.801502e+03 9.746800e+03 9.745205e+03 9.799907e+03
1.5 9.717824e+03 9.755079e+03 9.756332e+03 9.719077e+03
2.5 9.770970e+03 9.751888e+03 9.764739e+03 9.783820e+03
3.5 9.726404e+03 9.735352e+03 9.760241e+03 9.751293e+03
4.5 9.662626e+03 9.719609e+03 9.751086e+03 9.694103e+03
5.5 9.757515e+03 9.711144e+03 9.744541e+03 9.790912e+03
6.5 9.669142e+03 9.708474e+03 9.741228e+03 9.701895e+03
7.5 9.765937e+03 9.709016e+03 9.740025e+03 9.796946e+03
8.5 9.709741e+03 9.710981e+03 9.740011e+03 9.738771e+03
9.5 9.840183e+03 9.713286e+03 9.740496e+03 9.867393e+03
10.5 9.665670e+03 9.719198e+03 9.737924e+03 9.684396e+03
11.5 9.789818e+03 9.749909e+03 9.727282e+03 9.767191e+03
12.5 9.967815e+03 9.816999e+03 9.719193e+03 9.870008e+03
13.5 9.814769e+03 9.870594e+03 9.723872e+03 9.668048e+03
14.5 9.835403e+03 9.893730e+03 9.733145e+03 9.674818e+03
15.5 9.774462e+03 9.894818e+03 9.742898e+03 9.622542e+03
16.5 9.810414e+03 9.862836e+03 9.757337e+03 9.704914e+03
17.5 9.876227e+03 9.791563e+03 9.766928e+03 9.851591e+03
18.5 9.683482e+03 9.733876e+03 9.762425e+03 9.712031e+03
19.5 9.674872e+03 9.708029e+03 9.752751e+03 9.719594e+03
20.5 9.649414e+03 9.701901e+03 9.745616e+03 9.693128e+03
21.5 9.796584e+03 9.704730e+03 9.741849e+03 9.833703e+03
22.5 9.652511e+03 9.710713e+03 9.740364e+03 9.682162e+03
23.5 9.600211e+03 9.716662e+03 9.740200e+03 9.623749e+03
24.5 9.629222e+03 9.721165e+03 9.740613e+03 9.648670e+03
25.5 9.800916e+03 9.725814e+03 9.738011e+03 9.813112e+03
26.5 9.762550e+03 9.731395e+03 9.727359e+03 9.758514e+03
27.5 9.671152e+03 9.728632e+03 9.719270e+03 9.661790e+03
0.5 9.774462e+03 9.894818e+03 9.742898e+03 9.622542e+03
1.5 9.810414e+03 9.862836e+03 9.757337e+03 9.704914e+03
2.5 9.876227e+03 9.791563e+03 9.766928e+03 9.851591e+03
3.5 9.683482e+03 9.733876e+03 9.762425e+03 9.712031e+03
4.5 9.674872e+03 9.708029e+03 9.752751e+03 9.719594e+03
5.5 9.649414e+03 9.701901e+03 9.745616e+03 9.693128e+03
6.5 9.796584e+03 9.704730e+03 9.741849e+03 9.833703e+03
7.5 9.652511e+03 9.710713e+03 9.740364e+03 9.682162e+03
8.5 9.600211e+03 9.716662e+03 9.740200e+03 9.623749e+03
9.5 9.629222e+03 9.721165e+03 9.740613e+03 9.648670e+03
10.5 9.800916e+03 9.725814e+03 9.738011e+03 9.813112e+03
11.5 9.762550e+03 9.731395e+03 9.727359e+03 9.758514e+03
12.5 9.671152e+03 9.728632e+03 9.719270e+03 9.661790e+03
13.5 9.688715e+03 9.717818e+03 9.723948e+03 9.694846e+03
14.5 9.809539e+03 9.707922e+03 9.733219e+03 9.834836e+03
15.5 9.687606e+03 9.700886e+03 9.742967e+03 9.729687e+03
16.5 9.842682e+03 9.695282e+03 9.757395e+03 9.904795e+03
17.5 9.696001e+03 9.699241e+03 9.766977e+03 9.763737e+03
18.5 9.605955e+03 9.711694e+03 9.762471e+03 9.656732e+03
19.5 9.634617e+03 9.723164e+03 9.752795e+03 9.664249e+03
20.5 9.717469e+03 9.729697e+03 9.745658e+03 9.733430e+03
21.5 9.732820e+03 9.732302e+03 9.741889e+03 9.742407e+03
22.5 9.732857e+03 9.732678e+03 9.740402e+03 9.740582e+03
23.5 9.729034e+03 9.732033e+03 9.740237e+03 9.737238e+03
24.5 9.757706e+03 9.731139e+03 9.740649e+03 9.767216e+03
25.5 9.743318e+03 9.732139e+03 9.738045e+03 9.749224e+03
26.5 9.823839e+03 9.735511e+03 9.727392e+03 9.815720e+03
27.5 9.781968e+03 9.731452e+03 9.719303e+03 9.769819e+03
0.5 9.687606e+03 9.700886e+03 9.742967e+03 9.729687e+03
1.5 9.842682e+03 9.695282e+03 9.757395e+03 9.904795e+03
2.5 9.696001e+03 9.699241e+03 9.766977e+03 9.763737e+03
3.5 9.605955e+03 9.711694e+03 9.762471e+03 9.656732e+03
4.5 9.634617e+03 9.723164e+03 9.752795e+03 9.664249e+03
5.5 9.717469e+03 9.729697e+03 9.745658e+03 9.733430e+03
6.5 9.732820e+03 9.732302e+03 9.741889e+03 9.742407e+03
7.5 9.732857e+03 9.732678e+03 9.740402e+03 9.740582e+03
8.5 9.729034e+03 9.732033e+03 9.740237e+03 9.737238e+03
9.5 9.757706e+03 9.731139e+03 9.740649e+03 9.767216e+03
10.5 9.743318e+03 9.732139e+03 9.738045e+03 9.749224e+03
11.5 9.823839e+03 9.735511e+03 9.727392e+03 9.815720e+03
12.5 9.781968e+03 9.731452e+03 9.719303e+03 9.769819e+03
13.5 9.672802e+03 9.719828e+03 9.723981e+03 9.676954e+03
14.5 9.607432e+03 9.709351e+03 9.733251e+03 9.631332e+03
15.5 9.602743e+03 9.701835e+03 9.742999e+03 9.643907e+03
16.5 9.709734e+03 9.695791e+03 9.757427e+03 9.771370e+03
17.5 9.655684e+03 9.699327e+03 9.767009e+03 9.723366e+03
18.5 9.835908e+03 9.711368e+03 9.762504e+03 9.887044e+03
19.5 9.788859e+03 9.722433e+03 9.752828e+03 9.819254e+03
20.5 9.723501e+03 9.728565e+03 9.745691e+03 9.740627e+03
21.5 9.754970e+03 9.730776e+03 9.741923e+03 9.766117e+03
22.5 9.664311e+03 9.730763e+03 9.740438e+03 9.673987e+03
23.5 9.712234e+03 9.729735e+03 9.740274e+03 9.722772e+03
24.5 9.674205e+03 9.728479e+03 9.740687e+03 9.686412e+03
25.5 9.815486e+03 9.731228e+03 9.738085e+03 9.822343e+03
26.5 9.794711e+03 9.759444e+03 9.727434e+03 9.762701e+03
27.5 9.784537e+03 9.824598e+03 9.719346e+03 9.679285e+03
0.5 9.602743e+03 9.701835e+03 9.742999e+03 9.643907e+03
1.5 9.709734e+03 9.695791e+03 9.757427e+03 9.771370e+03
2.5 9.655684e+03 9.699327e+03 9.767009e+03 9.723366e+03
3.5 9.835908e+03 9.711368e+03 9.762504e+03 9.887044e+03
4.5 9.788859e+03 9.722433e+03 9.752828e+03 9.819254e+03
5.5 9.723501e+03 9.728565e+03 9.745691e+03 9.740627e+03
6.5 9.754970e+03 9.730776e+03 9.741923e+03 9.766117e+03
7.5 9.664311e+03 9.730763e+03 9.740438e+03 9.673987e+03
8.5 9.712234e+03 9.729735e+03 9.740274e+03 9.722772e+03
9.5 9.674205e+03 9.728479e+03 9.740687e+03 9.686412e+03
10.5 9.815486e+03 9.731228e+03 9.738085e+03 9.822343e+03
11.5 9.794711e+03 9.759444e+03 9.727434e+03 9.762701e+03
12.5 9.784537e+03 9.824598e+03 9.719346e+03 9.679285e+03
13.5 9.820583e+03 9.876621e+03 9.724027e+03 9.667988e+03
14.5 9.992007e+03 9.898388e+03 9.733299e+03 9.826918e+03
15.5 1.004311e+04 9.898209e+03 9.743050e+03 9.887954e+03
16.5 9.967920e+03 9.865013e+03 9.757480e+03 9.860387e+03
17.5 9.765895e+03 9.792577e+03 9.767066e+03 9.740383e+03
18.5 9.836528e+03 9.733726e+03 9.762563e+03 9.865365e+03
19.5 9.716257e+03 9.706714e+03 9.752892e+03 9.762434e+03
20.5 9.633956e+03 9.699419e+03 9.745758e+03 9.680295e+03
21.5 9.695629e+03 9.701077e+03 9.741994e+03 9.736545e+03
22.5 9.667121e+03 9.705888e+03 9.740513e+03 9.701746e+03
23.5 9.655499e+03 9.710662e+03 9.740353e+03 9.685190e+03
24.5 9.634158e+03 9.713986e+03 9.740771e+03 9.660943e+03
25.5 9.691538e+03 9.717452e+03 9.738174e+03 9.712260e+03
26.5 9.654673e+03 9.721846e+03 9.727528e+03 9.660355e+03
27.5 9.662620e+03 9.717889e+03 9.719446e+03 9.664176e+03
0.5 1.004311e+04 9.898209e+03 9.743050e+03 9.887954e+03
1.5 9.967920e+03 9.865013e+03 9.757480e+03 9.860387e+03
2.5 9.765895e+03 9.792577e+03 9.767066e+03 9.740383e+03
3.5 9.836528e+03 9.733726e+03 9.762563e+03 9.865365e+03
4.5 9.716257e+03 9.706714e+03 9.752892e+03 9.762434e+03
5.5 9.633956e+03 9.699419e+03 9.745758e+03 9.680295e+03
6.5 9.695629e+03 9.701077e+03 9.741994e+03 9.736545e+03
7.5 9.667121e+03 9.705888e+03 9.740513e+03 9.701746e+03
8.5 9.655499e+03 9.710662e+03 9.740353e+03 9.685190e+03
9.5 9.634158e+03 9.713986e+03 9.740771e+03 9.660943e+03
10.5 9.691538e+03 9.717452e+03 9.738174e+03 9.712260e+03
11.5 9.654673e+03 9.721846e+03 9.727528e+03 9.660355e+03
12.5 9.662620e+03 9.717889e+03 9.719446e+03 9.664176e+03
13.5 9.854657e+03 9.705874e+03 9.724132e+03 9.872914e+03
14.5 9.710095e+03 9.694775e+03 9.733416e+03 9.748736e+03
15.5 9.632660e+03 9.686513e+03 9.743180e+03 9.689327e+03
16.5 9.666318e+03 9.679659e+03 9.757618e+03 9.744277e+03
17.5 9.741913e+03 9.682345e+03 9.767208e+03 9.826775e+03
18.5 9.633844e+03 9.693504e+03 9.762705e+03 9.703045e+03
19.5 9.722335e+03 9.703661e+03 9.753034e+03 9.771708e+03
20.5 9.659798e+03 9.708859e+03 9.745904e+03 9.696843e+03
21.5 9.821596e+03 9.710103e+03 9.742146e+03 9.853639e+03
22.5 9.722410e+03 9.709086e+03 9.740673e+03 9.753997e+03
23.5 9.752986e+03 9.707010e+03 9.740523e+03 9.786499e+03
24.5 9.736914e+03 9.704658e+03 9.740950e+03 9.773207e+03
25.5 9.717817e+03 9.706258e+03 9.738364e+03 9.749923e+03
26.5 9.781114e+03 9.733263e+03 9.727731e+03 9.775582e+03
27.5 9.832701e+03 9.797120e+03 9.719673e+03 9.755253e+03
0.5 9.632660e+03 9.686513e+03 9.743180e+03 9.689327e+03
1.5 9.666318e+03 9.679659e+03 9.757618e+03 9.744277e+03
2.5 9.741913e+03 9.682345e+03 9.767208e+03 9.826775e+03
3.5 9.633844e+03 9.693504e+03 9.762705e+03 9.703045e+03
4.5 9.722335e+03 9.703661e+03 9.753034e+03 9.771708e+03
5.5 9.659798e+03 9.708859e+03 9.745904e+03 9.696843e+03
6.5 9.821596e+03 9.710103e+03 9.742146e+03 9.853639e+03
7.5 9.722410e+03 9.709086e+03 9.740673e+03 9.753997e+03
8.5 9.752986e+03 9.707010e+03 9.740523e+03 9.786499e+03
9.5 9.736914e+03 9.704658e+03 9.740950e+03 9.773207e+03
10.5 9.717817e+03 9.706258e+03 9.738364e+03 9.749923e+03
11.5 9.781114e+03 9.733263e+03 9.727731e+03 9.775582e+03
12.5 9.832701e+03 9.797120e+03 9.719673e+03 9.755253e+03
13.5 9.832159e+03 9.847712e+03 9.724393e+03 9.708841e+03
14.5 9.774477e+03 9.867889e+03 9.733681e+03 9.640269e+03
15.5 9.890859e+03 9.862897e+03 9.740306e+03 9.768268e+03
