0.5 9.800916e+03 9.725814e+03 9.746907e+03 9.822009e+03
1.5 9.762550e+03 9.731395e+03 9.764362e+03 9.795517e+03
2.5 9.671152e+03 9.728632e+03 9.777561e+03 9.720081e+03
3.5 9.688715e+03 9.717818e+03 9.770510e+03 9.741407e+03
4.5 9.809539e+03 9.707922e+03 9.756109e+03 9.857726e+03
5.5 9.687606e+03 9.700886e+03 9.740882e+03 9.727602e+03
6.5 9.842682e+03 9.695282e+03 9.718259e+03 9.865658e+03
7.5 9.696001e+03 9.699241e+03 9.703203e+03 9.699963e+03
8.5 9.605955e+03 9.711694e+03 9.710264e+03 9.604525e+03
9.5 9.634617e+03 9.723164e+03 9.725459e+03 9.636912e+03
10.5 9.717469e+03 9.729697e+03 9.736682e+03 9.724454e+03
11.5 9.732820e+03 9.732302e+03 9.742624e+03 9.743142e+03
12.5 9.732857e+03 9.732678e+03 9.744984e+03 9.745163e+03
13.5 9.729034e+03 9.732033e+03 9.745270e+03 9.742271e+03
14.5 9.757706e+03 9.731139e+03 9.744649e+03 9.771216e+03
15.5 9.743318e+03 9.732139e+03 9.748762e+03 9.759941e+03
16.5 9.823839e+03 9.735511e+03 9.765524e+03 9.853851e+03
17.5 9.781968e+03 9.731452e+03 9.778287e+03 9.828804e+03
18.5 9.672802e+03 9.719828e+03 9.771001e+03 9.723975e+03
19.5 9.607432e+03 9.709351e+03 9.756485e+03 9.654566e+03
20.5 9.602743e+03 9.701835e+03 9.741205e+03 9.642113e+03
21.5 9.709734e+03 9.695791e+03 9.718555e+03 9.732498e+03
22.5 9.655684e+03 9.699327e+03 9.703484e+03 9.659841e+03
0.5 9.743318e+03 9.732139e+03 9.748762e+03 9.759941e+03
1.5 9.823839e+03 9.735511e+03 9.765524e+03 9.853851e+03
2.5 9.781968e+03 9.731452e+03 9.778287e+03 9.828804e+03
3.5 9.672802e+03 9.719828e+03 9.771001e+03 9.723975e+03
4.5 9.607432e+03 9.709351e+03 9.756485e+03 9.654566e+03
5.5 9.602743e+03 9.701835e+03 9.741205e+03 9.642113e+03
6.5 9.709734e+03 9.695791e+03 9.718555e+03 9.732498e+03
7.5 9.655684e+03 9.699327e+03 9.703484e+03 9.659841e+03
8.5 9.835908e+03 9.711368e+03 9.710535e+03 9.835075e+03
9.5 9.788859e+03 9.722433e+03 9.725720e+03 9.792146e+03
10.5 9.723501e+03 9.728565e+03 9.736935e+03 9.731871e+03
11.5 9.754970e+03 9.730776e+03 9.742867e+03 9.767062e+03
12.5 9.664311e+03 9.730763e+03 9.745218e+03 9.678767e+03
13.5 9.712234e+03 9.729735e+03 9.745496e+03 9.727994e+03
14.5 9.674205e+03 9.728479e+03 9.744827e+03 9.690552e+03
15.5 9.815486e+03 9.731228e+03 9.743970e+03 9.828228e+03
16.5 9.794711e+03 9.759444e+03 9.743293e+03 9.778560e+03
17.5 9.784537e+03 9.824598e+03 9.742873e+03 9.702812e+03
18.5 9.820583e+03 9.876621e+03 9.742653e+03 9.686615e+03
19.5 9.992007e+03 9.898388e+03 9.742553e+03 9.836172e+03
20.5 1.004311e+04 9.898209e+03 9.742515e+03 9.887420e+03
21.5 9.967920e+03 9.865013e+03 9.742505e+03 9.845411e+03
22.5 9.765895e+03 9.792577e+03 9.742505e+03 9.715822e+03
0.5 9.691538e+03 9.717452e+03 9.747553e+03 9.721638e+03
1.5 9.654673e+03 9.721846e+03 9.764990e+03 9.697816e+03
2.5 9.662620e+03 9.717889e+03 9.778171e+03 9.722902e+03
3.5 9.854657e+03 9.705874e+03 9.771103e+03 9.919886e+03
4.5 9.710095e+03 9.694775e+03 9.756690e+03 9.772010e+03
5.5 9.632660e+03 9.686513e+03 9.741451e+03 9.687599e+03
6.5 9.666318e+03 9.679659e+03 9.718814e+03 9.705473e+03
7.5 9.741913e+03 9.682345e+03 9.703746e+03 9.763314e+03
8.5 9.633844e+03 9.693504e+03 9.710796e+03 9.651135e+03
9.5 9.722335e+03 9.703661e+03 9.725980e+03 9.744654e+03
10.5 9.659798e+03 9.708859e+03 9.737194e+03 9.688133e+03
11.5 9.821596e+03 9.710103e+03 9.743128e+03 9.854621e+03
12.5 9.722410e+03 9.709086e+03 9.745481e+03 9.758805e+03
13.5 9.752986e+03 9.707010e+03 9.745763e+03 9.791739e+03
14.5 9.736914e+03 9.704658e+03 9.745099e+03 9.777356e+03
15.5 9.717817e+03 9.706258e+03 9.744250e+03 9.755809e+03
16.5 9.781114e+03 9.733263e+03 9.743581e+03 9.791432e+03
17.5 9.832701e+03 9.797120e+03 9.743171e+03 9.778752e+03
18.5 9.832159e+03 9.847712e+03 9.742964e+03 9.727411e+03
19.5 9.774477e+03 9.867889e+03 9.742878e+03 9.649467e+03
20.5 9.890859e+03 9.862897e+03 9.742856e+03 9.770819e+03
