0.5 1.343438e+04 1.357375e+04 1.357398e+04 1.343461e+04
1.5 1.354833e+04 1.354158e+04 1.367878e+04 1.368554e+04
2.5 1.351064e+04 1.352099e+04 1.375533e+04 1.374498e+04
3.5 1.343744e+04 1.353555e+04 1.370891e+04 1.361079e+04
4.5 1.367526e+04 1.356052e+04 1.361939e+04 1.373413e+04
5.5 1.353835e+04 1.358501e+04 1.352615e+04 1.347949e+04
6.5 1.357479e+04 1.361991e+04 1.338967e+04 1.334454e+04
7.5 1.368325e+04 1.363791e+04 1.330186e+04 1.334720e+04
8.5 1.375611e+04 1.361754e+04 1.334843e+04 1.348701e+04
9.5 1.323863e+04 1.358554e+04 1.344274e+04 1.309583e+04
10.5 1.358155e+04 1.356255e+04 1.351157e+04 1.353057e+04
11.5 1.361763e+04 1.354995e+04 1.354756e+04 1.361524e+04
12.5 1.350105e+04 1.354417e+04 1.356147e+04 1.351834e+04
13.5 1.357883e+04 1.354223e+04 1.356271e+04 1.359931e+04
14.5 1.352336e+04 1.354195e+04 1.355825e+04 1.353965e+04
15.5 1.356235e+04 1.354129e+04 1.355274e+04 1.357380e+04
16.5 1.367245e+04 1.354458e+04 1.354840e+04 1.367627e+04
17.5 1.344167e+04 1.356367e+04 1.354568e+04 1.342368e+04
18.5 1.362160e+04 1.358634e+04 1.354420e+04 1.357946e+04
19.5 1.366387e+04 1.360032e+04 1.354347e+04 1.360702e+04
20.5 1.347041e+04 1.360608e+04 1.354311e+04 1.340745e+04
21.5 1.370786e+04 1.360228e+04 1.354293e+04 1.364851e+04
22.5 1.370427e+04 1.357987e+04 1.354282e+04 1.366722e+04
0.5 1.357726e+04 1.351428e+04 1.357169e+04 1.363467e+04
1.5 1.335698e+04 1.348636e+04 1.367636e+04 1.354698e+04
2.5 1.326060e+04 1.346897e+04 1.375277e+04 1.354440e+04
3.5 1.349052e+04 1.348650e+04 1.370625e+04 1.371027e+04
4.5 1.377560e+04 1.351442e+04 1.361669e+04 1.387787e+04
5.5 1.360575e+04 1.354184e+04 1.352344e+04 1.358735e+04
6.5 1.362119e+04 1.357958e+04 1.338702e+04 1.342863e+04
7.5 1.339900e+04 1.360027e+04 1.329926e+04 1.309799e+04
8.5 1.378672e+04 1.358254e+04 1.334581e+04 1.355000e+04
9.5 1.342208e+04 1.355307e+04 1.344010e+04 1.330912e+04
10.5 1.378889e+04 1.353248e+04 1.350892e+04 1.376532e+04
11.5 1.359434e+04 1.352218e+04 1.354490e+04 1.361706e+04
12.5 1.368653e+04 1.351860e+04 1.355880e+04 1.372673e+04
13.5 1.357003e+04 1.351874e+04 1.356004e+04 1.361133e+04
14.5 1.353701e+04 1.352045e+04 1.355558e+04 1.357213e+04
15.5 1.360660e+04 1.352169e+04 1.355006e+04 1.363497e+04
16.5 1.344872e+04 1.352678e+04 1.354572e+04 1.346765e+04
17.5 1.353950e+04 1.354760e+04 1.354299e+04 1.353489e+04
18.5 1.358919e+04 1.357191e+04 1.354150e+04 1.355878e+04
19.5 1.346369e+04 1.358755e+04 1.354074e+04 1.341689e+04
20.5 1.345850e+04 1.359501e+04 1.354036e+04 1.340385e+04
21.5 1.381486e+04 1.359279e+04 1.354015e+04 1.376222e+04
22.5 1.343207e+04 1.357183e+04 1.354000e+04 1.340023e+04
0.5 1.360925e+04 1.351948e+04 1.356911e+04 1.365888e+04
1.5 1.343517e+04 1.349201e+04 1.367361e+04 1.361677e+04
2.5 1.368403e+04 1.347510e+04 1.374974e+04 1.395867e+04
3.5 1.352715e+04 1.349313e+04 1.370283e+04 1.373685e+04
4.5 1.348556e+04 1.352124e+04 1.361288e+04 1.357719e+04
5.5 1.348723e+04 1.351013e+04 1.351929e+04 1.349639e+04
