0.5 9.826145e+03 9.842552e+03 9.836732e+03 9.820325e+03
1.5 9.835769e+03 9.841366e+03 9.860867e+03 9.855270e+03
2.5 9.769784e+03 9.807748e+03 9.878494e+03 9.840530e+03
3.5 9.734600e+03 9.760261e+03 9.867803e+03 9.842142e+03
4.5 9.745080e+03 9.726613e+03 9.847190e+03 9.865657e+03
5.5 9.718308e+03 9.708244e+03 9.825717e+03 9.835782e+03
6.5 9.644551e+03 9.705755e+03 9.794288e+03 9.733084e+03
7.5 9.690814e+03 9.741173e+03 9.774068e+03 9.723710e+03
8.5 9.805710e+03 9.792186e+03 9.784793e+03 9.798316e+03
9.5 9.774767e+03 9.829023e+03 9.806511e+03 9.752255e+03
10.5 9.766292e+03 9.846620e+03 9.822359e+03 9.742031e+03
11.5 9.779392e+03 9.851439e+03 9.830648e+03 9.758601e+03
12.5 9.813677e+03 9.849756e+03 9.833851e+03 9.797772e+03
13.5 9.886485e+03 9.845690e+03 9.834136e+03 9.874931e+03
14.5 9.838085e+03 9.841607e+03 9.833109e+03 9.829587e+03
15.5 9.849929e+03 9.838937e+03 9.831841e+03 9.842833e+03
16.5 9.873146e+03 9.842409e+03 9.830842e+03 9.861580e+03
17.5 9.903246e+03 9.856633e+03 9.830215e+03 9.876828e+03
18.5 9.855516e+03 9.870286e+03 9.829875e+03 9.815105e+03
19.5 9.871372e+03 9.877268e+03 9.829706e+03 9.823810e+03
20.5 9.888782e+03 9.878837e+03 9.829624e+03 9.839569e+03
21.5 9.892943e+03 9.872846e+03 9.829582e+03 9.849679e+03
22.5 9.930395e+03 9.855947e+03 9.829556e+03 9.904005e+03
0.5 9.823917e+03 9.837941e+03 9.836205e+03 9.822182e+03
1.5 9.804832e+03 9.837300e+03 9.860309e+03 9.827842e+03
2.5 9.801024e+03 9.804288e+03 9.877905e+03 9.874641e+03
3.5 9.718939e+03 9.757505e+03 9.867192e+03 9.828627e+03
4.5 9.660183e+03 9.724635e+03 9.846568e+03 9.782117e+03
5.5 9.705856e+03 9.707087e+03 9.825093e+03 9.823862e+03
6.5 9.760143e+03 9.705442e+03 9.793678e+03 9.848379e+03
7.5 9.775474e+03 9.741686e+03 9.773468e+03 9.807256e+03
8.5 9.769101e+03 9.793533e+03 9.784189e+03 9.759757e+03
9.5 9.803966e+03 9.831213e+03 9.805903e+03 9.778656e+03
10.5 9.914188e+03 9.849661e+03 9.821749e+03 9.886277e+03
11.5 9.861602e+03 9.855336e+03 9.830036e+03 9.836302e+03
12.5 9.896966e+03 9.854516e+03 9.833237e+03 9.875687e+03
13.5 9.789293e+03 9.851318e+03 9.833522e+03 9.771497e+03
14.5 9.815245e+03 9.848109e+03 9.832494e+03 9.799630e+03
15.5 9.873252e+03 9.846317e+03 9.831225e+03 9.858160e+03
16.5 9.768977e+03 9.850673e+03 9.830225e+03 9.748529e+03
17.5 9.845571e+03 9.865788e+03 9.829595e+03 9.809378e+03
18.5 9.867129e+03 9.880339e+03 9.829253e+03 9.816042e+03
19.5 9.890527e+03 9.888236e+03 9.829079e+03 9.831370e+03
20.5 9.888033e+03 9.890735e+03 9.828991e+03 9.826288e+03
21.5 9.829592e+03 9.885678e+03 9.828942e+03 9.772856e+03
22.5 9.854876e+03 9.869721e+03 9.828907e+03 9.814062e+03
0.5 9.864825e+03 9.857389e+03 9.835611e+03 9.843047e+03
1.5 9.887035e+03 9.857647e+03 9.859676e+03 9.889064e+03
2.5 9.857459e+03 9.825581e+03 9.877206e+03 9.909085e+03
3.5 9.824532e+03 9.779823e+03 9.866403e+03 9.911113e+03
4.5 9.782628e+03 9.748050e+03 9.845690e+03 9.880267e+03
5.5 9.726740e+03 9.727764e+03 9.824139e+03 9.823114e+03
