0.5 1.867959e+03 1.905119e+03 1.901664e+03 1.864503e+03
1.5 1.925183e+03 1.897739e+03 1.901426e+03 1.928869e+03
2.5 1.896161e+03 1.880198e+03 1.901251e+03 1.917215e+03
3.5 1.838750e+03 1.864443e+03 1.901357e+03 1.875664e+03
4.5 1.894587e+03 1.856253e+03 1.901561e+03 1.939895e+03
5.5 1.883918e+03 1.853961e+03 1.901773e+03 1.931730e+03
6.5 1.925100e+03 1.859935e+03 1.902083e+03 1.967248e+03
7.5 1.854801e+03 1.877262e+03 1.902283e+03 1.879822e+03
8.5 1.942648e+03 1.893003e+03 1.902177e+03 1.951822e+03
9.5 1.948491e+03 1.900921e+03 1.901963e+03 1.949533e+03
10.5 1.835329e+03 1.903160e+03 1.901806e+03 1.833975e+03
11.5 1.861517e+03 1.902507e+03 1.901724e+03 1.860733e+03
12.5 1.852043e+03 1.900688e+03 1.901692e+03 1.853047e+03
13.5 1.905477e+03 1.898706e+03 1.901690e+03 1.908460e+03
14.5 1.900438e+03 1.897049e+03 1.901700e+03 1.905089e+03
15.5 1.893096e+03 1.895766e+03 1.901712e+03 1.899042e+03
16.5 1.923334e+03 1.901735e+03 1.901722e+03 1.923321e+03
17.5 1.953778e+03 1.926367e+03 1.901728e+03 1.929139e+03
18.5 1.960753e+03 1.952643e+03 1.901732e+03 1.909842e+03
19.5 1.857893e+03 1.967858e+03 1.901733e+03 1.791768e+03
20.5 1.960321e+03 1.973366e+03 1.901734e+03 1.888689e+03
21.5 1.954998e+03 1.966550e+03 1.901735e+03 1.890183e+03
22.5 1.952817e+03 1.938955e+03 1.901735e+03 1.915596e+03
0.5 1.842439e+03 1.889709e+03 1.901669e+03 1.854400e+03
1.5 1.864255e+03 1.884474e+03 1.901431e+03 1.881212e+03
2.5 1.838226e+03 1.868519e+03 1.901257e+03 1.870964e+03
3.5 1.813802e+03 1.854039e+03 1.901363e+03 1.861126e+03
4.5 1.777832e+03 1.846963e+03 1.901567e+03 1.832435e+03
5.5 1.854544e+03 1.845707e+03 1.901779e+03 1.910615e+03
6.5 1.860337e+03 1.852673e+03 1.902089e+03 1.909754e+03
7.5 1.791955e+03 1.870947e+03 1.902289e+03 1.823297e+03
8.5 1.861935e+03 1.887619e+03 1.902183e+03 1.876500e+03
9.5 1.892508e+03 1.896451e+03 1.901969e+03 1.898026e+03
10.5 1.912113e+03 1.899589e+03 1.901812e+03 1.914336e+03
11.5 1.934738e+03 1.899820e+03 1.901730e+03 1.936648e+03
12.5 1.931294e+03 1.898869e+03 1.901698e+03 1.934123e+03
13.5 1.921540e+03 1.897739e+03 1.901696e+03 1.925496e+03
14.5 1.946298e+03 1.896920e+03 1.901706e+03 1.951083e+03
15.5 1.966228e+03 1.896461e+03 1.901718e+03 1.971486e+03
16.5 1.938644e+03 1.903239e+03 1.901728e+03 1.937134e+03
17.5 1.940906e+03 1.928667e+03 1.901734e+03 1.913973e+03
18.5 2.021882e+03 1.955726e+03 1.901738e+03 1.967893e+03
19.5 1.934934e+03 1.971714e+03 1.901740e+03 1.864960e+03
20.5 2.007051e+03 1.977999e+03 1.901740e+03 1.930793e+03
21.5 2.010564e+03 1.971952e+03 1.901741e+03 1.940353e+03
22.5 1.956602e+03 1.945119e+03 1.901741e+03 1.913224e+03
0.5 1.832569e+03 1.901099e+03 1.901675e+03 1.833145e+03
1.5 1.878123e+03 1.896393e+03 1.901437e+03 1.883167e+03
2.5 1.899534e+03 1.880995e+03 1.901264e+03 1.919803e+03
3.5 1.895954e+03 1.867114e+03 1.901371e+03 1.930211e+03
4.5 1.833700e+03 1.860678e+03 1.901575e+03 1.874597e+03
5.5 1.845912e+03 1.859595e+03 1.901788e+03 1.888105e+03
