0.5 1.893096e+03 1.895766e+03 1.902073e+03 1.899403e+03
1.5 1.923334e+03 1.901735e+03 1.903354e+03 1.924953e+03
2.5 1.953778e+03 1.926367e+03 1.904323e+03 1.931734e+03
3.5 1.960753e+03 1.952643e+03 1.903806e+03 1.911915e+03
4.5 1.857893e+03 1.967858e+03 1.902749e+03 1.792783e+03
5.5 1.960321e+03 1.973366e+03 1.901631e+03 1.888586e+03
6.5 1.954998e+03 1.966550e+03 1.899971e+03 1.888419e+03
7.5 1.952817e+03 1.938955e+03 1.898866e+03 1.912727e+03
8.5 1.913287e+03 1.909341e+03 1.899384e+03 1.903329e+03
9.5 1.958994e+03 1.891309e+03 1.900499e+03 1.968185e+03
10.5 1.856336e+03 1.883834e+03 1.901323e+03 1.873824e+03
11.5 1.865579e+03 1.882477e+03 1.901759e+03 1.884860e+03
12.5 1.898417e+03 1.883942e+03 1.901932e+03 1.916407e+03
13.5 1.899830e+03 1.886201e+03 1.901953e+03 1.915582e+03
14.5 1.871540e+03 1.888180e+03 1.901907e+03 1.885267e+03
15.5 1.858414e+03 1.889452e+03 1.902209e+03 1.871172e+03
16.5 1.922026e+03 1.897030e+03 1.903440e+03 1.928436e+03
17.5 1.984790e+03 1.922646e+03 1.904376e+03 1.966520e+03
18.5 1.907554e+03 1.949560e+03 1.903842e+03 1.861836e+03
19.5 1.965078e+03 1.965241e+03 1.902776e+03 1.902613e+03
20.5 1.962479e+03 1.971137e+03 1.901655e+03 1.892997e+03
21.5 1.928386e+03 1.964674e+03 1.899992e+03 1.863705e+03
22.5 2.000254e+03 1.937414e+03 1.898886e+03 1.961727e+03
0.5 1.858414e+03 1.889452e+03 1.902209e+03 1.871172e+03
1.5 1.922026e+03 1.897030e+03 1.903440e+03 1.928436e+03
2.5 1.984790e+03 1.922646e+03 1.904376e+03 1.966520e+03
3.5 1.907554e+03 1.949560e+03 1.903842e+03 1.861836e+03
4.5 1.965078e+03 1.965241e+03 1.902776e+03 1.902613e+03
5.5 1.962479e+03 1.971137e+03 1.901655e+03 1.892997e+03
6.5 1.928386e+03 1.964674e+03 1.899992e+03 1.863705e+03
7.5 2.000254e+03 1.937414e+03 1.898886e+03 1.961727e+03
8.5 1.872958e+03 1.908121e+03 1.899404e+03 1.864241e+03
9.5 1.789843e+03 1.890401e+03 1.900518e+03 1.799960e+03
10.5 1.823248e+03 1.883230e+03 1.901341e+03 1.841360e+03
11.5 1.794813e+03 1.882168e+03 1.901777e+03 1.814422e+03
12.5 1.880517e+03 1.883918e+03 1.901949e+03 1.898548e+03
13.5 1.803542e+03 1.886455e+03 1.901970e+03 1.819056e+03
14.5 1.928631e+03 1.888700e+03 1.901921e+03 1.941852e+03
15.5 1.842439e+03 1.889709e+03 1.901858e+03 1.854588e+03
16.5 1.864255e+03 1.884474e+03 1.901808e+03 1.881589e+03
17.5 1.838226e+03 1.868519e+03 1.901777e+03 1.871484e+03
18.5 1.813802e+03 1.854039e+03 1.901761e+03 1.861524e+03
19.5 1.777832e+03 1.846963e+03 1.901754e+03 1.832622e+03
20.5 1.854544e+03 1.845707e+03 1.901751e+03 1.910587e+03
21.5 1.860337e+03 1.852673e+03 1.901750e+03 1.909414e+03
22.5 1.791955e+03 1.870947e+03 1.901750e+03 1.822758e+03
0.5 1.966228e+03 1.896461e+03 1.902121e+03 1.971888e+03
1.5 1.938644e+03 1.903239e+03 1.903400e+03 1.938806e+03
2.5 1.940906e+03 1.928667e+03 1.904368e+03 1.916607e+03
3.5 2.021882e+03 1.955726e+03 1.903849e+03 1.970004e+03
4.5 1.934934e+03 1.971714e+03 1.902791e+03 1.866011e+03
5.5 2.007051e+03 1.977999e+03 1.901673e+03 1.930725e+03
6.5 2.010564e+03 1.971952e+03 1.900011e+03 1.938624e+03
7.5 1.956602e+03 1.945119e+03 1.898905e+03 1.910389e+03
8.5 1.963694e+03 1.916259e+03 1.899423e+03 1.946857e+03
9.5 1.880052e+03 1.898973e+03 1.900537e+03 1.881615e+03
10.5 1.975785e+03 1.892243e+03 1.901360e+03 1.984903e+03
11.5 1.889406e+03 1.891628e+03 1.901796e+03 1.899573e+03
12.5 1.946389e+03 1.893838e+03 1.901969e+03 1.954520e+03
13.5 1.912668e+03 1.896849e+03 1.901989e+03 1.917808e+03
14.5 1.855034e+03 1.899582e+03 1.901941e+03 1.857392e+03
15.5 1.832569e+03 1.901099e+03 1.901878e+03 1.833348e+03
16.5 1.878123e+03 1.896393e+03 1.901829e+03 1.883559e+03
17.5 1.899534e+03 1.880995e+03 1.901799e+03 1.920338e+03
18.5 1.895954e+03 1.867114e+03 1.901784e+03 1.930624e+03
19.5 1.833700e+03 1.860678e+03 1.901778e+03 1.874799e+03
20.5 1.845912e+03 1.859595e+03 1.901776e+03 1.888092e+03
