0.5 1.867959e+03 1.905119e+03 1.903460e+03 1.866299e+03
1.5 1.925183e+03 1.897739e+03 1.902145e+03 1.929588e+03
2.5 1.896161e+03 1.880198e+03 1.897556e+03 1.913520e+03
3.5 1.838750e+03 1.864443e+03 1.892788e+03 1.867095e+03
4.5 1.894587e+03 1.856253e+03 1.890041e+03 1.928375e+03
5.5 1.883918e+03 1.853961e+03 1.889039e+03 1.918996e+03
6.5 1.925100e+03 1.859935e+03 1.890277e+03 1.955442e+03
7.5 1.854801e+03 1.877262e+03 1.895199e+03 1.872738e+03
8.5 1.942648e+03 1.893003e+03 1.900387e+03 1.950032e+03
9.5 1.948491e+03 1.900921e+03 1.903475e+03 1.951046e+03
10.5 1.835329e+03 1.903160e+03 1.904702e+03 1.836870e+03
11.5 1.861517e+03 1.902507e+03 1.904864e+03 1.863874e+03
12.5 1.852043e+03 1.900688e+03 1.904545e+03 1.855899e+03
13.5 1.905477e+03 1.898706e+03 1.904097e+03 1.910868e+03
14.5 1.900438e+03 1.897049e+03 1.903709e+03 1.907098e+03
15.5 1.893096e+03 1.895766e+03 1.903441e+03 1.900771e+03
16.5 1.923334e+03 1.901735e+03 1.903281e+03 1.924880e+03
17.5 1.953778e+03 1.926367e+03 1.903195e+03 1.930606e+03
18.5 1.960753e+03 1.952643e+03 1.903149e+03 1.911259e+03
19.5 1.857893e+03 1.967858e+03 1.903125e+03 1.793160e+03
20.5 1.960321e+03 1.973366e+03 1.903111e+03 1.890066e+03
21.5 1.954998e+03 1.966550e+03 1.903101e+03 1.891549e+03
22.5 1.952817e+03 1.938955e+03 1.903094e+03 1.916955e+03
0.5 1.842439e+03 1.889709e+03 1.903367e+03 1.856097e+03
1.5 1.864255e+03 1.884474e+03 1.902101e+03 1.881882e+03
2.5 1.838226e+03 1.868519e+03 1.897565e+03 1.867272e+03
3.5 1.813802e+03 1.854039e+03 1.892854e+03 1.852617e+03
4.5 1.777832e+03 1.846963e+03 1.890167e+03 1.821035e+03
5.5 1.854544e+03 1.845707e+03 1.889226e+03 1.898062e+03
6.5 1.860337e+03 1.852673e+03 1.890526e+03 1.898191e+03
7.5 1.791955e+03 1.870947e+03 1.895509e+03 1.816517e+03
8.5 1.861935e+03 1.887619e+03 1.900759e+03 1.875075e+03
9.5 1.892508e+03 1.896451e+03 1.903910e+03 1.899968e+03
10.5 1.912113e+03 1.899589e+03 1.905201e+03 1.917725e+03
11.5 1.934738e+03 1.899820e+03 1.905430e+03 1.940348e+03
12.5 1.931294e+03 1.898869e+03 1.905178e+03 1.937603e+03
13.5 1.921540e+03 1.897739e+03 1.904799e+03 1.928599e+03
14.5 1.946298e+03 1.896920e+03 1.904481e+03 1.953858e+03
15.5 1.966228e+03 1.896461e+03 1.904284e+03 1.974051e+03
16.5 1.938644e+03 1.903239e+03 1.904197e+03 1.939602e+03
17.5 1.940906e+03 1.928667e+03 1.904184e+03 1.916423e+03
18.5 2.021882e+03 1.955726e+03 1.904214e+03 1.970369e+03
19.5 1.934934e+03 1.971714e+03 1.904266e+03 1.867486e+03
20.5 2.007051e+03 1.977999e+03 1.904331e+03 1.933383e+03
21.5 2.010564e+03 1.971952e+03 1.904402e+03 1.943014e+03
22.5 1.956602e+03 1.945119e+03 1.904477e+03 1.915961e+03
0.5 1.832569e+03 1.901099e+03 1.905235e+03 1.836705e+03
1.5 1.878123e+03 1.896393e+03 1.904058e+03 1.885787e+03
2.5 1.899534e+03 1.880995e+03 1.899618e+03 1.918156e+03
3.5 1.895954e+03 1.867114e+03 1.895011e+03 1.923851e+03
4.5 1.833700e+03 1.860678e+03 1.892439e+03 1.865460e+03
5.5 1.845912e+03 1.859595e+03 1.891623e+03 1.877939e+03
