0.5 9.800916e+03 9.725814e+03 9.752266e+03 9.827368e+03
1.5 9.762550e+03 9.731395e+03 9.746618e+03 9.777774e+03
2.5 9.671152e+03 9.728632e+03 9.726089e+03 9.668609e+03
3.5 9.688715e+03 9.717818e+03 9.704738e+03 9.675635e+03
4.5 9.809539e+03 9.707922e+03 9.692564e+03 9.794181e+03
5.5 9.687606e+03 9.700886e+03 9.688310e+03 9.675030e+03
6.5 9.842682e+03 9.695282e+03 9.694224e+03 9.841623e+03
7.5 9.696001e+03 9.699241e+03 9.716855e+03 9.713615e+03
8.5 9.605955e+03 9.711694e+03 9.740679e+03 9.634940e+03
9.5 9.634617e+03 9.723164e+03 9.754945e+03 9.666398e+03
10.5 9.717469e+03 9.729697e+03 9.760731e+03 9.748503e+03
11.5 9.732820e+03 9.732302e+03 9.761668e+03 9.762187e+03
12.5 9.732857e+03 9.732678e+03 9.760396e+03 9.760575e+03
13.5 9.729034e+03 9.732033e+03 9.758528e+03 9.755529e+03
14.5 9.757706e+03 9.731139e+03 9.756913e+03 9.783480e+03
15.5 9.743318e+03 9.732139e+03 9.755782e+03 9.766961e+03
16.5 9.823839e+03 9.735511e+03 9.749279e+03 9.837606e+03
17.5 9.781968e+03 9.731452e+03 9.728226e+03 9.778742e+03
18.5 9.672802e+03 9.719828e+03 9.706538e+03 9.659511e+03
19.5 9.607432e+03 9.709351e+03 9.694119e+03 9.592200e+03
20.5 9.602743e+03 9.701835e+03 9.689665e+03 9.590573e+03
21.5 9.709734e+03 9.695791e+03 9.695397e+03 9.709340e+03
22.5 9.655684e+03 9.699327e+03 9.717858e+03 9.674215e+03
0.5 9.743318e+03 9.732139e+03 9.755782e+03 9.766961e+03
1.5 9.823839e+03 9.735511e+03 9.749279e+03 9.837606e+03
2.5 9.781968e+03 9.731452e+03 9.728226e+03 9.778742e+03
3.5 9.672802e+03 9.719828e+03 9.706538e+03 9.659511e+03
4.5 9.607432e+03 9.709351e+03 9.694119e+03 9.592200e+03
5.5 9.602743e+03 9.701835e+03 9.689665e+03 9.590573e+03
6.5 9.709734e+03 9.695791e+03 9.695397e+03 9.709340e+03
7.5 9.655684e+03 9.699327e+03 9.717858e+03 9.674215e+03
8.5 9.835908e+03 9.711368e+03 9.741519e+03 9.866059e+03
9.5 9.788859e+03 9.722433e+03 9.755628e+03 9.822054e+03
10.5 9.723501e+03 9.728565e+03 9.761261e+03 9.756197e+03
11.5 9.754970e+03 9.730776e+03 9.762051e+03 9.786246e+03
12.5 9.664311e+03 9.730763e+03 9.760637e+03 9.694186e+03
13.5 9.712234e+03 9.729735e+03 9.758633e+03 9.741131e+03
14.5 9.674205e+03 9.728479e+03 9.756887e+03 9.702612e+03
15.5 9.815486e+03 9.731228e+03 9.755675e+03 9.839933e+03
16.5 9.794711e+03 9.759444e+03 9.754946e+03 9.790213e+03
17.5 9.784537e+03 9.824598e+03 9.754539e+03 9.714478e+03
18.5 9.820583e+03 9.876621e+03 9.754308e+03 9.698270e+03
19.5 9.992007e+03 9.898388e+03 9.754162e+03 9.847781e+03
20.5 1.004311e+04 9.898209e+03 9.754049e+03 9.898954e+03
21.5 9.967920e+03 9.865013e+03 9.753948e+03 9.856854e+03
22.5 9.765895e+03 9.792577e+03 9.753848e+03 9.727165e+03
0.5 9.691538e+03 9.717452e+03 9.752884e+03 9.726970e+03
1.5 9.654673e+03 9.721846e+03 9.746858e+03 9.679685e+03
2.5 9.662620e+03 9.717889e+03 9.725961e+03 9.670692e+03
3.5 9.854657e+03 9.705874e+03 9.704253e+03 9.853035e+03
4.5 9.710095e+03 9.694775e+03 9.691731e+03 9.707051e+03
5.5 9.632660e+03 9.686513e+03 9.687134e+03 9.633282e+03
6.5 9.666318e+03 9.679659e+03 9.692713e+03 9.679372e+03
7.5 9.741913e+03 9.682345e+03 9.715017e+03 9.774585e+03
8.5 9.633844e+03 9.693504e+03 9.738522e+03 9.678861e+03
9.5 9.722335e+03 9.703661e+03 9.752474e+03 9.771148e+03
10.5 9.659798e+03 9.708859e+03 9.757952e+03 9.708891e+03
11.5 9.821596e+03 9.710103e+03 9.758586e+03 9.870080e+03
12.5 9.722410e+03 9.709086e+03 9.757015e+03 9.770339e+03
13.5 9.752986e+03 9.707010e+03 9.754852e+03 9.800828e+03
14.5 9.736914e+03 9.704658e+03 9.752944e+03 9.785200e+03
15.5 9.717817e+03 9.706258e+03 9.751567e+03 9.763126e+03
16.5 9.781114e+03 9.733263e+03 9.750667e+03 9.798518e+03
17.5 9.832701e+03 9.797120e+03 9.750083e+03 9.785664e+03
18.5 9.832159e+03 9.847712e+03 9.749670e+03 9.734117e+03
19.5 9.774477e+03 9.867889e+03 9.749332e+03 9.655920e+03
20.5 9.890859e+03 9.862897e+03 9.749019e+03 9.776982e+03
