0.5 9.849929e+03 9.838937e+03 9.823961e+03 9.834953e+03
1.5 9.873146e+03 9.842409e+03 9.827553e+03 9.858291e+03
2.5 9.903246e+03 9.856633e+03 9.840609e+03 9.887222e+03
3.5 9.855516e+03 9.870286e+03 9.854186e+03 9.839416e+03
4.5 9.871372e+03 9.877268e+03 9.861928e+03 9.856033e+03
5.5 9.888782e+03 9.878837e+03 9.864633e+03 9.874578e+03
6.5 9.892943e+03 9.872846e+03 9.860873e+03 9.880970e+03
7.5 9.930395e+03 9.855947e+03 9.846481e+03 9.920929e+03
8.5 9.854160e+03 9.840024e+03 9.831330e+03 9.845467e+03
9.5 9.795818e+03 9.831374e+03 9.822258e+03 9.786703e+03
10.5 9.738957e+03 9.828275e+03 9.818578e+03 9.729260e+03
11.5 9.784628e+03 9.828113e+03 9.817983e+03 9.774497e+03
12.5 9.835773e+03 9.829203e+03 9.818792e+03 9.825362e+03
13.5 9.820986e+03 9.830550e+03 9.819979e+03 9.810415e+03
14.5 9.751227e+03 9.831663e+03 9.821006e+03 9.740570e+03
15.5 9.743963e+03 9.832837e+03 9.821726e+03 9.732852e+03
16.5 9.827635e+03 9.838754e+03 9.825861e+03 9.814742e+03
17.5 9.980380e+03 9.854413e+03 9.839250e+03 9.965217e+03
18.5 9.939830e+03 9.868910e+03 9.853042e+03 9.923961e+03
19.5 9.846186e+03 9.876435e+03 9.860939e+03 9.830690e+03
20.5 9.762819e+03 9.878411e+03 9.863772e+03 9.748180e+03
21.5 9.773375e+03 9.872769e+03 9.860127e+03 9.760733e+03
22.5 9.919193e+03 9.856195e+03 9.845843e+03 9.908841e+03
0.5 9.743963e+03 9.832837e+03 9.821726e+03 9.732852e+03
1.5 9.827635e+03 9.838754e+03 9.825861e+03 9.814742e+03
2.5 9.980380e+03 9.854413e+03 9.839250e+03 9.965217e+03
3.5 9.939830e+03 9.868910e+03 9.853042e+03 9.923961e+03
4.5 9.846186e+03 9.876435e+03 9.860939e+03 9.830690e+03
5.5 9.762819e+03 9.878411e+03 9.863772e+03 9.748180e+03
6.5 9.773375e+03 9.872769e+03 9.860127e+03 9.760733e+03
7.5 9.919193e+03 9.856195e+03 9.845843e+03 9.908841e+03
8.5 9.876595e+03 9.840588e+03 9.830796e+03 9.866804e+03
9.5 9.903408e+03 9.832247e+03 9.821824e+03 9.892985e+03
10.5 9.790417e+03 9.829454e+03 9.818241e+03 9.779204e+03
11.5 9.729653e+03 9.829595e+03 9.817739e+03 9.717797e+03
12.5 9.840873e+03 9.830983e+03 9.818638e+03 9.828528e+03
13.5 9.825742e+03 9.832624e+03 9.819913e+03 9.813030e+03
14.5 9.915395e+03 9.834047e+03 9.821023e+03 9.902371e+03
15.5 9.823917e+03 9.837941e+03 9.821794e+03 9.807770e+03
16.5 9.804832e+03 9.837300e+03 9.822257e+03 9.789790e+03
17.5 9.801024e+03 9.804288e+03 9.822516e+03 9.819253e+03
18.5 9.718939e+03 9.757505e+03 9.822663e+03 9.784097e+03
19.5 9.660183e+03 9.724635e+03 9.822756e+03 9.758305e+03
20.5 9.705856e+03 9.707087e+03 9.822828e+03 9.821597e+03
21.5 9.760143e+03 9.705442e+03 9.822892e+03 9.877593e+03
22.5 9.775474e+03 9.741686e+03 9.822956e+03 9.856744e+03
0.5 9.873252e+03 9.846317e+03 9.823569e+03 9.850503e+03
1.5 9.768977e+03 9.850673e+03 9.827401e+03 9.745705e+03
2.5 9.845571e+03 9.865788e+03 9.840690e+03 9.820473e+03
3.5 9.867129e+03 9.880339e+03 9.854495e+03 9.841284e+03
4.5 9.890527e+03 9.888236e+03 9.862458e+03 9.864749e+03
5.5 9.888033e+03 9.890735e+03 9.865381e+03 9.862679e+03
6.5 9.829592e+03 9.885678e+03 9.861833e+03 9.805747e+03
7.5 9.854876e+03 9.869721e+03 9.847649e+03 9.832804e+03
8.5 9.898292e+03 9.854751e+03 9.832702e+03 9.876243e+03
9.5 9.843269e+03 9.847073e+03 9.823829e+03 9.820026e+03
10.5 9.925172e+03 9.844969e+03 9.820346e+03 9.900549e+03
11.5 9.826279e+03 9.845828e+03 9.819942e+03 9.800393e+03
12.5 9.874817e+03 9.847966e+03 9.820941e+03 9.847792e+03
13.5 9.825050e+03 9.850392e+03 9.822317e+03 9.796975e+03
14.5 9.860748e+03 9.852636e+03 9.823531e+03 9.831643e+03
15.5 9.864825e+03 9.857389e+03 9.824406e+03 9.831843e+03
16.5 9.887035e+03 9.857647e+03 9.824978e+03 9.854367e+03
17.5 9.857459e+03 9.825581e+03 9.825350e+03 9.857229e+03
18.5 9.824532e+03 9.779823e+03 9.825613e+03 9.870322e+03
19.5 9.782628e+03 9.748050e+03 9.825828e+03 9.860405e+03
20.5 9.726740e+03 9.727764e+03 9.826026e+03 9.825002e+03
