0.5 7.449943e+03 7.300159e+03 7.337198e+03 7.486983e+03
1.5 7.410804e+03 7.306325e+03 7.384572e+03 7.489051e+03
2.5 7.315535e+03 7.289577e+03 7.420395e+03 7.446353e+03
3.5 7.296067e+03 7.256395e+03 7.401258e+03 7.440930e+03
4.5 7.171857e+03 7.229580e+03 7.362174e+03 7.304451e+03
5.5 7.301280e+03 7.212434e+03 7.320846e+03 7.409692e+03
6.5 7.391340e+03 7.202798e+03 7.259445e+03 7.447986e+03
7.5 7.255030e+03 7.220467e+03 7.218582e+03 7.253145e+03
8.5 7.103565e+03 7.256487e+03 7.237747e+03 7.084826e+03
9.5 7.239462e+03 7.286352e+03 7.278987e+03 7.232097e+03
10.5 7.270984e+03 7.302231e+03 7.309448e+03 7.278201e+03
11.5 7.326908e+03 7.307805e+03 7.325573e+03 7.344676e+03
12.5 7.551556e+03 7.307769e+03 7.331978e+03 7.575765e+03
13.5 7.529141e+03 7.305350e+03 7.332756e+03 7.556548e+03
14.5 7.276737e+03 7.302529e+03 7.331070e+03 7.305278e+03
15.5 7.214128e+03 7.303898e+03 7.342233e+03 7.252463e+03
16.5 7.226633e+03 7.307936e+03 7.387726e+03 7.306423e+03
17.5 7.466467e+03 7.290139e+03 7.422367e+03 7.598695e+03
18.5 7.320544e+03 7.256224e+03 7.402591e+03 7.466911e+03
19.5 7.090329e+03 7.228717e+03 7.363195e+03 7.224807e+03
20.5 7.054181e+03 7.210854e+03 7.321722e+03 7.165048e+03
21.5 7.183907e+03 7.200475e+03 7.260250e+03 7.243682e+03
22.5 7.202548e+03 7.217388e+03 7.219346e+03 7.204506e+03
0.5 7.214128e+03 7.303898e+03 7.342233e+03 7.252463e+03
1.5 7.226633e+03 7.307936e+03 7.387726e+03 7.306423e+03
2.5 7.466467e+03 7.290139e+03 7.422367e+03 7.598695e+03
3.5 7.320544e+03 7.256224e+03 7.402591e+03 7.466911e+03
4.5 7.090329e+03 7.228717e+03 7.363195e+03 7.224807e+03
5.5 7.054181e+03 7.210854e+03 7.321722e+03 7.165048e+03
6.5 7.183907e+03 7.200475e+03 7.260250e+03 7.243682e+03
7.5 7.202548e+03 7.217388e+03 7.219346e+03 7.204506e+03
8.5 7.346121e+03 7.252652e+03 7.238481e+03 7.331950e+03
9.5 7.415701e+03 7.281759e+03 7.279696e+03 7.413638e+03
10.5 7.377455e+03 7.296883e+03 7.310133e+03 7.390704e+03
11.5 7.266400e+03 7.301708e+03 7.326234e+03 7.290927e+03
12.5 7.158179e+03 7.300928e+03 7.332615e+03 7.189866e+03
13.5 7.349464e+03 7.297772e+03 7.333368e+03 7.385061e+03
14.5 7.209522e+03 7.294412e+03 7.331552e+03 7.246662e+03
15.5 7.283559e+03 7.319847e+03 7.329227e+03 7.292939e+03
16.5 7.652495e+03 7.451554e+03 7.327389e+03 7.528330e+03
17.5 7.720865e+03 7.647535e+03 7.326249e+03 7.399578e+03
18.5 7.653210e+03 7.733380e+03 7.325652e+03 7.245483e+03
19.5 7.722188e+03 7.723201e+03 7.325382e+03 7.324369e+03
20.5 7.578622e+03 7.661450e+03 7.325278e+03 7.242450e+03
21.5 7.579937e+03 7.497388e+03 7.325250e+03 7.407799e+03
22.5 7.492003e+03 7.277417e+03 7.325250e+03 7.539836e+03
0.5 7.262037e+03 7.273365e+03 7.338950e+03 7.327622e+03
1.5 7.219267e+03 7.277215e+03 7.386275e+03 7.328327e+03
2.5 7.183174e+03 7.258116e+03 7.422051e+03 7.347110e+03
3.5 7.232570e+03 7.222543e+03 7.402868e+03 7.412894e+03
4.5 7.228983e+03 7.193315e+03 7.363749e+03 7.399418e+03
5.5 7.140288e+03 7.173714e+03 7.322391e+03 7.288965e+03
6.5 7.220060e+03 7.161551e+03 7.260953e+03 7.319462e+03
7.5 7.157940e+03 7.176621e+03 7.220056e+03 7.201375e+03
8.5 7.169773e+03 7.209958e+03 7.239189e+03 7.199005e+03
9.5 7.312845e+03 7.237060e+03 7.280401e+03 7.356185e+03
10.5 7.308873e+03 7.250099e+03 7.310837e+03 7.369610e+03
11.5 7.532350e+03 7.252750e+03 7.326941e+03 7.606541e+03
12.5 7.401788e+03 7.249699e+03 7.333328e+03 7.485418e+03
13.5 7.350724e+03 7.244163e+03 7.334092e+03 7.440653e+03
14.5 7.261155e+03 7.238306e+03 7.332291e+03 7.355140e+03
15.5 7.196642e+03 7.261114e+03 7.329986e+03 7.265514e+03
16.5 7.504882e+03 7.390031e+03 7.328172e+03 7.443023e+03
17.5 7.648358e+03 7.582946e+03 7.327060e+03 7.392472e+03
18.5 7.594403e+03 7.665353e+03 7.326497e+03 7.255547e+03
19.5 7.599999e+03 7.651355e+03 7.326264e+03 7.274908e+03
20.5 7.498208e+03 7.575899e+03 7.326204e+03 7.248513e+03
