0.5 6.729678e+03 6.737241e+03 6.735928e+03 6.728365e+03
1.5 6.715489e+03 6.726500e+03 6.739208e+03 6.728197e+03
2.5 6.666856e+03 6.709942e+03 6.750647e+03 6.707561e+03
3.5 6.790425e+03 6.701343e+03 6.762534e+03 6.851616e+03
4.5 6.565947e+03 6.700330e+03 6.769383e+03 6.634999e+03
5.5 6.730820e+03 6.703589e+03 6.771881e+03 6.799112e+03
6.5 6.703237e+03 6.715077e+03 6.768793e+03 6.756954e+03
7.5 6.698188e+03 6.731782e+03 6.756523e+03 6.722929e+03
8.5 6.727220e+03 6.739769e+03 6.743590e+03 6.731041e+03
9.5 6.709693e+03 6.739579e+03 6.735891e+03 6.706004e+03
10.5 6.831893e+03 6.736867e+03 6.732834e+03 6.827860e+03
11.5 6.732620e+03 6.734004e+03 6.732428e+03 6.731044e+03
12.5 6.688573e+03 6.731592e+03 6.733225e+03 6.690206e+03
13.5 6.782618e+03 6.729800e+03 6.734340e+03 6.787158e+03
14.5 6.753512e+03 6.728570e+03 6.735308e+03 6.760250e+03
15.5 6.689313e+03 6.726832e+03 6.735976e+03 6.698457e+03
16.5 6.758357e+03 6.732286e+03 6.736375e+03 6.762445e+03
17.5 6.808127e+03 6.762673e+03 6.736591e+03 6.782044e+03
18.5 6.979190e+03 6.798391e+03 6.736703e+03 6.917503e+03
19.5 6.810191e+03 6.820743e+03 6.736764e+03 6.726213e+03
20.5 6.889933e+03 6.830475e+03 6.736800e+03 6.796258e+03
21.5 6.934264e+03 6.825253e+03 6.736824e+03 6.845835e+03
22.5 6.771751e+03 6.791559e+03 6.736841e+03 6.717034e+03
0.5 6.612971e+03 6.718346e+03 6.736162e+03 6.630786e+03
1.5 6.746951e+03 6.709409e+03 6.739318e+03 6.776860e+03
2.5 6.664144e+03 6.694266e+03 6.750624e+03 6.720502e+03
3.5 6.637172e+03 6.686953e+03 6.762369e+03 6.712588e+03
4.5 6.582746e+03 6.687189e+03 6.769069e+03 6.664627e+03
5.5 6.743959e+03 6.691680e+03 6.771415e+03 6.823694e+03
6.5 6.798135e+03 6.704372e+03 6.768173e+03 6.861936e+03
7.5 6.777693e+03 6.722239e+03 6.755751e+03 6.811205e+03
8.5 6.744714e+03 6.731375e+03 6.742663e+03 6.756002e+03
9.5 6.667567e+03 6.732311e+03 6.734806e+03 6.670062e+03
10.5 6.801894e+03 6.730700e+03 6.731588e+03 6.802781e+03
11.5 6.730702e+03 6.728912e+03 6.731017e+03 6.732807e+03
12.5 6.710194e+03 6.727549e+03 6.731646e+03 6.714291e+03
13.5 6.866171e+03 6.726782e+03 6.732590e+03 6.871979e+03
14.5 6.644925e+03 6.726552e+03 6.733384e+03 6.651758e+03
15.5 6.659202e+03 6.725790e+03 6.733875e+03 6.667287e+03
16.5 6.733880e+03 6.732197e+03 6.734093e+03 6.735776e+03
17.5 6.713627e+03 6.763516e+03 6.734125e+03 6.684236e+03
18.5 6.709513e+03 6.800144e+03 6.734050e+03 6.643418e+03
19.5 6.676127e+03 6.823410e+03 6.733919e+03 6.586635e+03
20.5 6.744834e+03 6.834064e+03 6.733759e+03 6.644528e+03
21.5 6.929895e+03 6.829729e+03 6.733582e+03 6.833748e+03
22.5 6.812592e+03 6.796894e+03 6.733392e+03 6.749090e+03
0.5 6.777135e+03 6.729756e+03 6.731504e+03 6.778883e+03
1.5 6.859625e+03 6.721350e+03 6.734439e+03 6.872713e+03
2.5 6.774488e+03 6.706767e+03 6.745508e+03 6.813228e+03
3.5 6.679011e+03 6.700054e+03 6.756992e+03 6.735949e+03
4.5 6.789934e+03 6.700847e+03 6.763405e+03 6.852492e+03
5.5 6.733127e+03 6.695904e+03 6.765439e+03 6.802662e+03
