0.5 9.836157e+03 9.851641e+03 9.832308e+03 9.816824e+03
1.5 9.814235e+03 9.865052e+03 9.832006e+03 9.781190e+03
2.5 9.891644e+03 9.874192e+03 9.830908e+03 9.848360e+03
3.5 9.878322e+03 9.867038e+03 9.829765e+03 9.841048e+03
4.5 9.944199e+03 9.854508e+03 9.829111e+03 9.918802e+03
5.5 9.888294e+03 9.845666e+03 9.828878e+03 9.871506e+03
6.5 9.897717e+03 9.841105e+03 9.828875e+03 9.885486e+03
7.5 9.887678e+03 9.839285e+03 9.828972e+03 9.877365e+03
8.5 9.876229e+03 9.838970e+03 9.829089e+03 9.866349e+03
9.5 9.876239e+03 9.839309e+03 9.829188e+03 9.866118e+03
10.5 9.826145e+03 9.842552e+03 9.829257e+03 9.812850e+03
11.5 9.835769e+03 9.841366e+03 9.829612e+03 9.824016e+03
12.5 9.769784e+03 9.807748e+03 9.830743e+03 9.792780e+03
13.5 9.734600e+03 9.760261e+03 9.831907e+03 9.806246e+03
14.5 9.745080e+03 9.726613e+03 9.832576e+03 9.851042e+03
15.5 9.718308e+03 9.708244e+03 9.832818e+03 9.842883e+03
16.5 9.644551e+03 9.705755e+03 9.832516e+03 9.771312e+03
17.5 9.690814e+03 9.741173e+03 9.831319e+03 9.780961e+03
18.5 9.805710e+03 9.792186e+03 9.830058e+03 9.843581e+03
19.5 9.774767e+03 9.829023e+03 9.829306e+03 9.775050e+03
20.5 9.766292e+03 9.846620e+03 9.829006e+03 9.748677e+03
21.5 9.779392e+03 9.851439e+03 9.828963e+03 9.756917e+03
22.5 9.813677e+03 9.849756e+03 9.829038e+03 9.792959e+03
23.5 9.886485e+03 9.845690e+03 9.829144e+03 9.869939e+03
24.5 9.838085e+03 9.841607e+03 9.829235e+03 9.825713e+03
25.5 9.849929e+03 9.838937e+03 9.829300e+03 9.840292e+03
26.5 9.873146e+03 9.842409e+03 9.829651e+03 9.860389e+03
27.5 9.903246e+03 9.856633e+03 9.830778e+03 9.877391e+03
0.5 9.718308e+03 9.708244e+03 9.832818e+03 9.842883e+03
1.5 9.644551e+03 9.705755e+03 9.832516e+03 9.771312e+03
2.5 9.690814e+03 9.741173e+03 9.831319e+03 9.780961e+03
3.5 9.805710e+03 9.792186e+03 9.830058e+03 9.843581e+03
4.5 9.774767e+03 9.829023e+03 9.829306e+03 9.775050e+03
5.5 9.766292e+03 9.846620e+03 9.829006e+03 9.748677e+03
6.5 9.779392e+03 9.851439e+03 9.828963e+03 9.756917e+03
7.5 9.813677e+03 9.849756e+03 9.829038e+03 9.792959e+03
8.5 9.886485e+03 9.845690e+03 9.829144e+03 9.869939e+03
9.5 9.838085e+03 9.841607e+03 9.829235e+03 9.825713e+03
10.5 9.849929e+03 9.838937e+03 9.829300e+03 9.840292e+03
11.5 9.873146e+03 9.842409e+03 9.829651e+03 9.860389e+03
12.5 9.903246e+03 9.856633e+03 9.830778e+03 9.877391e+03
13.5 9.855516e+03 9.870286e+03 9.831939e+03 9.817169e+03
14.5 9.871372e+03 9.877268e+03 9.832604e+03 9.826708e+03
15.5 9.888782e+03 9.878837e+03 9.832843e+03 9.842787e+03
16.5 9.892943e+03 9.872846e+03 9.832537e+03 9.852634e+03
17.5 9.930395e+03 9.855947e+03 9.831338e+03 9.905787e+03
18.5 9.854160e+03 9.840024e+03 9.830074e+03 9.844211e+03
19.5 9.795818e+03 9.831374e+03 9.829320e+03 9.793764e+03
20.5 9.738957e+03 9.828275e+03 9.829017e+03 9.739699e+03
21.5 9.784628e+03 9.828113e+03 9.828973e+03 9.785488e+03
22.5 9.835773e+03 9.829203e+03 9.829046e+03 9.835617e+03
23.5 9.820986e+03 9.830550e+03 9.829150e+03 9.819586e+03
24.5 9.751227e+03 9.831663e+03 9.829240e+03 9.748803e+03
25.5 9.743963e+03 9.832837e+03 9.829303e+03 9.740429e+03
26.5 9.827635e+03 9.838754e+03 9.829652e+03 9.818533e+03
27.5 9.980380e+03 9.854413e+03 9.830778e+03 9.956745e+03
0.5 9.888782e+03 9.878837e+03 9.832843e+03 9.842787e+03
1.5 9.892943e+03 9.872846e+03 9.832537e+03 9.852634e+03
2.5 9.930395e+03 9.855947e+03 9.831338e+03 9.905787e+03
3.5 9.854160e+03 9.840024e+03 9.830074e+03 9.844211e+03
4.5 9.795818e+03 9.831374e+03 9.829320e+03 9.793764e+03
5.5 9.738957e+03 9.828275e+03 9.829017e+03 9.739699e+03
6.5 9.784628e+03 9.828113e+03 9.828973e+03 9.785488e+03
7.5 9.835773e+03 9.829203e+03 9.829046e+03 9.835617e+03
8.5 9.820986e+03 9.830550e+03 9.829150e+03 9.819586e+03
9.5 9.751227e+03 9.831663e+03 9.829240e+03 9.748803e+03
10.5 9.743963e+03 9.832837e+03 9.829303e+03 9.740429e+03
11.5 9.827635e+03 9.838754e+03 9.829652e+03 9.818533e+03
12.5 9.980380e+03 9.854413e+03 9.830778e+03 9.956745e+03
13.5 9.939830e+03 9.868910e+03 9.831936e+03 9.902856e+03
14.5 9.846186e+03 9.876435e+03 9.832600e+03 9.802351e+03
15.5 9.762819e+03 9.878411e+03 9.832837e+03 9.717245e+03
16.5 9.773375e+03 9.872769e+03 9.832530e+03 9.733136e+03
17.5 9.919193e+03 9.856195e+03 9.831329e+03 9.894327e+03
18.5 9.876595e+03 9.840588e+03 9.830064e+03 9.866071e+03
19.5 9.903408e+03 9.832247e+03 9.829308e+03 9.900469e+03
20.5 9.790417e+03 9.829454e+03 9.829004e+03 9.789966e+03
21.5 9.729653e+03 9.829595e+03 9.828958e+03 9.729016e+03
22.5 9.840873e+03 9.830983e+03 9.829029e+03 9.838919e+03
23.5 9.825742e+03 9.832624e+03 9.829131e+03 9.822248e+03
24.5 9.915395e+03 9.834047e+03 9.829219e+03 9.910567e+03
25.5 9.823917e+03 9.837941e+03 9.829280e+03 9.815257e+03
26.5 9.804832e+03 9.837300e+03 9.829627e+03 9.797160e+03
27.5 9.801024e+03 9.804288e+03 9.830751e+03 9.827487e+03
0.5 9.762819e+03 9.878411e+03 9.832837e+03 9.717245e+03
1.5 9.773375e+03 9.872769e+03 9.832530e+03 9.733136e+03
2.5 9.919193e+03 9.856195e+03 9.831329e+03 9.894327e+03
3.5 9.876595e+03 9.840588e+03 9.830064e+03 9.866071e+03
4.5 9.903408e+03 9.832247e+03 9.829308e+03 9.900469e+03
5.5 9.790417e+03 9.829454e+03 9.829004e+03 9.789966e+03
6.5 9.729653e+03 9.829595e+03 9.828958e+03 9.729016e+03
7.5 9.840873e+03 9.830983e+03 9.829029e+03 9.838919e+03
8.5 9.825742e+03 9.832624e+03 9.829131e+03 9.822248e+03
9.5 9.915395e+03 9.834047e+03 9.829219e+03 9.910567e+03
10.5 9.823917e+03 9.837941e+03 9.829280e+03 9.815257e+03
11.5 9.804832e+03 9.837300e+03 9.829627e+03 9.797160e+03
12.5 9.801024e+03 9.804288e+03 9.830751e+03 9.827487e+03
13.5 9.718939e+03 9.757505e+03 9.831907e+03 9.793341e+03
14.5 9.660183e+03 9.724635e+03 9.832568e+03 9.768117e+03
15.5 9.705856e+03 9.707087e+03 9.832803e+03 9.831572e+03
16.5 9.760143e+03 9.705442e+03 9.832493e+03 9.887194e+03
17.5 9.775474e+03 9.741686e+03 9.831289e+03 9.865078e+03
18.5 9.769101e+03 9.793533e+03 9.830021e+03 9.805589e+03
19.5 9.803966e+03 9.831213e+03 9.829262e+03 9.802015e+03
20.5 9.914188e+03 9.849661e+03 9.828955e+03 9.893482e+03
21.5 9.861602e+03 9.855336e+03 9.828905e+03 9.835171e+03
22.5 9.896966e+03 9.854516e+03 9.828973e+03 9.871422e+03
23.5 9.789293e+03 9.851318e+03 9.829071e+03 9.767046e+03
24.5 9.815245e+03 9.848109e+03 9.829154e+03 9.796291e+03
25.5 9.873252e+03 9.846317e+03 9.829211e+03 9.856146e+03
26.5 9.768977e+03 9.850673e+03 9.829554e+03 9.747858e+03
27.5 9.845571e+03 9.865788e+03 9.830672e+03 9.810455e+03
0.5 9.705856e+03 9.707087e+03 9.832803e+03 9.831572e+03
1.5 9.760143e+03 9.705442e+03 9.832493e+03 9.887194e+03
2.5 9.775474e+03 9.741686e+03 9.831289e+03 9.865078e+03
3.5 9.769101e+03 9.793533e+03 9.830021e+03 9.805589e+03
4.5 9.803966e+03 9.831213e+03 9.829262e+03 9.802015e+03
5.5 9.914188e+03 9.849661e+03 9.828955e+03 9.893482e+03
6.5 9.861602e+03 9.855336e+03 9.828905e+03 9.835171e+03
7.5 9.896966e+03 9.854516e+03 9.828973e+03 9.871422e+03
8.5 9.789293e+03 9.851318e+03 9.829071e+03 9.767046e+03
9.5 9.815245e+03 9.848109e+03 9.829154e+03 9.796291e+03
10.5 9.873252e+03 9.846317e+03 9.829211e+03 9.856146e+03
11.5 9.768977e+03 9.850673e+03 9.829554e+03 9.747858e+03
12.5 9.845571e+03 9.865788e+03 9.830672e+03 9.810455e+03
13.5 9.867129e+03 9.880339e+03 9.831823e+03 9.818613e+03
14.5 9.890527e+03 9.888236e+03 9.832479e+03 9.834770e+03
15.5 9.888033e+03 9.890735e+03 9.832707e+03 9.830005e+03
16.5 9.829592e+03 9.885678e+03 9.832390e+03 9.776304e+03
17.5 9.854876e+03 9.869721e+03 9.831180e+03 9.816334e+03
18.5 9.898292e+03 9.854751e+03 9.829904e+03 9.873445e+03
19.5 9.843269e+03 9.847073e+03 9.829138e+03 9.825334e+03
20.5 9.925172e+03 9.844969e+03 9.828823e+03 9.909027e+03
21.5 9.826279e+03 9.845828e+03 9.828766e+03 9.809216e+03
22.5 9.874817e+03 9.847966e+03 9.828825e+03 9.855676e+03
23.5 9.825050e+03 9.850392e+03 9.828915e+03 9.803573e+03
24.5 9.860748e+03 9.852636e+03 9.828990e+03 9.837102e+03
25.5 9.864825e+03 9.857389e+03 9.829037e+03 9.836474e+03
26.5 9.887035e+03 9.857647e+03 9.829370e+03 9.858758e+03
27.5 9.857459e+03 9.825581e+03 9.830477e+03 9.862356e+03
0.5 9.888033e+03 9.890735e+03 9.832707e+03 9.830005e+03
1.5 9.829592e+03 9.885678e+03 9.832390e+03 9.776304e+03
2.5 9.854876e+03 9.869721e+03 9.831180e+03 9.816334e+03
3.5 9.898292e+03 9.854751e+03 9.829904e+03 9.873445e+03
4.5 9.843269e+03 9.847073e+03 9.829138e+03 9.825334e+03
5.5 9.925172e+03 9.844969e+03 9.828823e+03 9.909027e+03
6.5 9.826279e+03 9.845828e+03 9.828766e+03 9.809216e+03
7.5 9.874817e+03 9.847966e+03 9.828825e+03 9.855676e+03
8.5 9.825050e+03 9.850392e+03 9.828915e+03 9.803573e+03
9.5 9.860748e+03 9.852636e+03 9.828990e+03 9.837102e+03
10.5 9.864825e+03 9.857389e+03 9.829037e+03 9.836474e+03
11.5 9.887035e+03 9.857647e+03 9.829370e+03 9.858758e+03
12.5 9.857459e+03 9.825581e+03 9.830477e+03 9.862356e+03
13.5 9.824532e+03 9.779823e+03 9.831616e+03 9.876325e+03
14.5 9.782628e+03 9.748050e+03 9.832257e+03 9.866834e+03
15.5 9.726740e+03 9.727764e+03 9.832473e+03 9.831448e+03
