0.5 9.826145e+03 9.842552e+03 9.846216e+03 9.829809e+03
1.5 9.835769e+03 9.841366e+03 9.834192e+03 9.828596e+03
2.5 9.769784e+03 9.807748e+03 9.792250e+03 9.754286e+03
3.5 9.734600e+03 9.760261e+03 9.748665e+03 9.723004e+03
4.5 9.745080e+03 9.726613e+03 9.723554e+03 9.742021e+03
5.5 9.718308e+03 9.708244e+03 9.714396e+03 9.724460e+03
6.5 9.644551e+03 9.705755e+03 9.725716e+03 9.664511e+03
7.5 9.690814e+03 9.741173e+03 9.770707e+03 9.720348e+03
8.5 9.805710e+03 9.792186e+03 9.818126e+03 9.831649e+03
9.5 9.774767e+03 9.829023e+03 9.846354e+03 9.792098e+03
10.5 9.766292e+03 9.846620e+03 9.857562e+03 9.777233e+03
11.5 9.779392e+03 9.851439e+03 9.859050e+03 9.787004e+03
12.5 9.813677e+03 9.849756e+03 9.856127e+03 9.820048e+03
13.5 9.886485e+03 9.845690e+03 9.852038e+03 9.892834e+03
14.5 9.838085e+03 9.841607e+03 9.848491e+03 9.844968e+03
15.5 9.849929e+03 9.838937e+03 9.846039e+03 9.857031e+03
16.5 9.873146e+03 9.842409e+03 9.844579e+03 9.875317e+03
17.5 9.903246e+03 9.856633e+03 9.843788e+03 9.890401e+03
18.5 9.855516e+03 9.870286e+03 9.843374e+03 9.828604e+03
19.5 9.871372e+03 9.877268e+03 9.843152e+03 9.837256e+03
20.5 9.888782e+03 9.878837e+03 9.843019e+03 9.852964e+03
21.5 9.892943e+03 9.872846e+03 9.842932e+03 9.863029e+03
22.5 9.930395e+03 9.855947e+03 9.842869e+03 9.917317e+03
0.5 9.823917e+03 9.837941e+03 9.845361e+03 9.831337e+03
1.5 9.804832e+03 9.837300e+03 9.833788e+03 9.801321e+03
2.5 9.801024e+03 9.804288e+03 9.792334e+03 9.789071e+03
3.5 9.718939e+03 9.757505e+03 9.749272e+03 9.710706e+03
4.5 9.660183e+03 9.724635e+03 9.724704e+03 9.660253e+03
5.5 9.705856e+03 9.707087e+03 9.716105e+03 9.714874e+03
6.5 9.760143e+03 9.705442e+03 9.727991e+03 9.782692e+03
7.5 9.775474e+03 9.741686e+03 9.773536e+03 9.807324e+03
8.5 9.769101e+03 9.793533e+03 9.821522e+03 9.797090e+03
9.5 9.803966e+03 9.831213e+03 9.850331e+03 9.823084e+03
10.5 9.914188e+03 9.849661e+03 9.862131e+03 9.926658e+03
11.5 9.861602e+03 9.855336e+03 9.864223e+03 9.870489e+03
12.5 9.896966e+03 9.854516e+03 9.861916e+03 9.904366e+03
13.5 9.789293e+03 9.851318e+03 9.858454e+03 9.796430e+03
14.5 9.815245e+03 9.848109e+03 9.855545e+03 9.822681e+03
15.5 9.873252e+03 9.846317e+03 9.853744e+03 9.880679e+03
16.5 9.768977e+03 9.850673e+03 9.852946e+03 9.771250e+03
17.5 9.845571e+03 9.865788e+03 9.852829e+03 9.832612e+03
18.5 9.867129e+03 9.880339e+03 9.853104e+03 9.839893e+03
19.5 9.890527e+03 9.888236e+03 9.853583e+03 9.855874e+03
20.5 9.888033e+03 9.890735e+03 9.854171e+03 9.851468e+03
21.5 9.829592e+03 9.885678e+03 9.854820e+03 9.798734e+03
22.5 9.854876e+03 9.869721e+03 9.855514e+03 9.840668e+03
0.5 9.864825e+03 9.857389e+03 9.862437e+03 9.869873e+03
1.5 9.887035e+03 9.857647e+03 9.851678e+03 9.881066e+03
2.5 9.857459e+03 9.825581e+03 9.811093e+03 9.842971e+03
3.5 9.824532e+03 9.779823e+03 9.768985e+03 9.813694e+03
4.5 9.782628e+03 9.748050e+03 9.745472e+03 9.780049e+03
5.5 9.726740e+03 9.727764e+03 9.738016e+03 9.736991e+03
