0.5 1.007539e+03 1.078888e+03 1.079861e+03 1.008512e+03
1.5 1.024208e+03 1.087422e+03 1.050781e+03 9.875670e+02
2.5 1.098909e+03 1.112429e+03 1.028791e+03 1.015271e+03
3.5 1.259940e+03 1.136209e+03 1.040539e+03 1.164270e+03
4.5 1.076308e+03 1.148673e+03 1.064530e+03 9.921649e+02
5.5 1.254229e+03 1.151959e+03 1.089898e+03 1.192168e+03
6.5 1.066555e+03 1.142842e+03 1.127589e+03 1.051302e+03
7.5 1.084138e+03 1.115360e+03 1.152671e+03 1.121449e+03
8.5 1.137530e+03 1.088772e+03 1.140907e+03 1.189665e+03
9.5 1.214338e+03 1.073956e+03 1.115593e+03 1.255975e+03
10.5 1.104016e+03 1.068444e+03 1.096895e+03 1.132467e+03
11.5 9.879796e+02 1.067944e+03 1.086996e+03 1.007032e+03
12.5 1.195905e+03 1.069611e+03 1.083065e+03 1.209360e+03
13.5 1.111132e+03 1.071750e+03 1.082587e+03 1.121969e+03
14.5 1.070277e+03 1.073510e+03 1.083622e+03 1.080389e+03
15.5 1.001125e+03 1.075203e+03 1.076770e+03 1.002693e+03
16.5 1.042077e+03 1.084336e+03 1.048845e+03 1.006586e+03
17.5 1.106229e+03 1.109717e+03 1.027581e+03 1.024093e+03
18.5 1.193439e+03 1.133781e+03 1.039720e+03 1.099379e+03
19.5 1.201764e+03 1.146499e+03 1.063903e+03 1.119168e+03
20.5 1.175591e+03 1.150027e+03 1.089361e+03 1.114925e+03
21.5 1.038855e+03 1.141145e+03 1.127094e+03 1.024804e+03
22.5 1.179644e+03 1.113893e+03 1.152203e+03 1.217953e+03
0.5 1.001125e+03 1.075203e+03 1.076770e+03 1.002693e+03
1.5 1.042077e+03 1.084336e+03 1.048845e+03 1.006586e+03
2.5 1.106229e+03 1.109717e+03 1.027581e+03 1.024093e+03
3.5 1.193439e+03 1.133781e+03 1.039720e+03 1.099379e+03
4.5 1.201764e+03 1.146499e+03 1.063903e+03 1.119168e+03
5.5 1.175591e+03 1.150027e+03 1.089361e+03 1.114925e+03
6.5 1.038855e+03 1.141145e+03 1.127094e+03 1.024804e+03
7.5 1.179644e+03 1.113893e+03 1.152203e+03 1.217953e+03
8.5 9.841540e+02 1.087527e+03 1.140457e+03 1.037084e+03
9.5 1.033237e+03 1.072926e+03 1.115158e+03 1.075468e+03
10.5 1.176723e+03 1.067621e+03 1.096474e+03 1.205576e+03
11.5 1.037623e+03 1.067323e+03 1.086591e+03 1.056891e+03
12.5 1.041634e+03 1.069182e+03 1.082674e+03 1.055126e+03
13.5 9.523241e+02 1.071508e+03 1.082212e+03 9.630278e+02
14.5 1.026288e+03 1.073419e+03 1.083326e+03 1.036195e+03
15.5 1.005100e+03 1.071741e+03 1.084754e+03 1.018113e+03
16.5 1.004173e+03 1.061568e+03 1.085882e+03 1.028487e+03
17.5 1.138703e+03 1.052403e+03 1.086582e+03 1.172881e+03
18.5 1.092369e+03 1.055154e+03 1.086948e+03 1.124163e+03
19.5 9.015352e+02 1.062982e+03 1.087114e+03 9.256668e+02
20.5 1.054559e+03 1.071918e+03 1.087178e+03 1.069818e+03
21.5 1.083730e+03 1.086114e+03 1.087195e+03 1.084811e+03
22.5 1.228012e+03 1.097123e+03 1.087195e+03 1.218084e+03
0.5 1.092218e+03 1.077757e+03 1.078785e+03 1.093247e+03
1.5 1.065056e+03 1.086822e+03 1.049735e+03 1.027970e+03
2.5 1.151650e+03 1.112348e+03 1.027775e+03 1.067077e+03
3.5 1.080891e+03 1.136631e+03 1.039550e+03 9.838102e+02
4.5 1.074299e+03 1.149566e+03 1.063563e+03 9.882952e+02
5.5 1.082067e+03 1.153315e+03 1.088950e+03 1.017701e+03
6.5 1.237433e+03 1.144670e+03 1.126663e+03 1.219425e+03
7.5 1.049376e+03 1.117662e+03 1.151767e+03 1.083480e+03
8.5 1.158694e+03 1.091549e+03 1.140022e+03 1.207167e+03
9.5 9.942670e+02 1.077200e+03 1.114725e+03 1.031792e+03
10.5 1.108214e+03 1.072138e+03 1.096042e+03 1.132118e+03
11.5 1.030058e+03 1.072078e+03 1.086157e+03 1.044138e+03
12.5 9.733879e+02 1.074174e+03 1.082237e+03 9.814504e+02
13.5 1.093795e+03 1.076738e+03 1.081767e+03 1.098824e+03
14.5 1.137636e+03 1.078893e+03 1.082873e+03 1.141616e+03
15.5 1.004872e+03 1.077465e+03 1.084288e+03 1.011695e+03
16.5 1.223389e+03 1.067553e+03 1.085402e+03 1.241237e+03
17.5 1.032830e+03 1.058672e+03 1.086084e+03 1.060242e+03
18.5 1.036710e+03 1.061728e+03 1.086430e+03 1.061412e+03
19.5 1.198179e+03 1.069943e+03 1.086572e+03 1.214808e+03
20.5 1.086987e+03 1.087969e+03 1.086610e+03 1.085627e+03
