0.5 9.999667e+03 9.926347e+03 9.934205e+03 1.000752e+04
1.5 9.907434e+03 9.947997e+03 9.930750e+03 9.890187e+03
2.5 9.937775e+03 9.954669e+03 9.918200e+03 9.901306e+03
3.5 9.938934e+03 9.932832e+03 9.905135e+03 9.911237e+03
4.5 9.839253e+03 9.906516e+03 9.897664e+03 9.830401e+03
5.5 1.000775e+04 9.890701e+03 9.894997e+03 1.001205e+04
6.5 9.844590e+03 9.884553e+03 9.894969e+03 9.855006e+03
7.5 9.895514e+03 9.884116e+03 9.896073e+03 9.907471e+03
8.5 9.902838e+03 9.886489e+03 9.897418e+03 9.913767e+03
9.5 9.976502e+03 9.889788e+03 9.898542e+03 9.985256e+03
10.5 9.849381e+03 9.896083e+03 9.899338e+03 9.852636e+03
11.5 9.912914e+03 9.920678e+03 9.903392e+03 9.895628e+03
12.5 1.005969e+04 9.970036e+03 9.916316e+03 1.000597e+04
13.5 9.976297e+03 1.000770e+04 9.929620e+03 9.898220e+03
14.5 9.957787e+03 1.002312e+04 9.937260e+03 9.871922e+03
15.5 9.940748e+03 1.002292e+04 9.940032e+03 9.857858e+03
16.5 1.001732e+04 9.998757e+03 9.936578e+03 9.955143e+03
17.5 9.955674e+03 9.947740e+03 9.922902e+03 9.930836e+03
18.5 9.839089e+03 9.908392e+03 9.908486e+03 9.839182e+03
19.5 9.855977e+03 9.892153e+03 9.899890e+03 9.863714e+03
20.5 9.884147e+03 9.889337e+03 9.896459e+03 9.891268e+03
21.5 9.970467e+03 9.892270e+03 9.895976e+03 9.974173e+03
22.5 9.821057e+03 9.897047e+03 9.896831e+03 9.820841e+03
23.5 9.778279e+03 9.901579e+03 9.898040e+03 9.774740e+03
24.5 9.804341e+03 9.904995e+03 9.899086e+03 9.798432e+03
25.5 1.004745e+04 9.909201e+03 9.899829e+03 1.003808e+04
26.5 9.913320e+03 9.910699e+03 9.903840e+03 9.906461e+03
27.5 9.817590e+03 9.892209e+03 9.916721e+03 9.842102e+03
0.5 9.940748e+03 1.002292e+04 9.940032e+03 9.857858e+03
1.5 1.001732e+04 9.998757e+03 9.936578e+03 9.955143e+03
2.5 9.955674e+03 9.947740e+03 9.922902e+03 9.930836e+03
3.5 9.839089e+03 9.908392e+03 9.908486e+03 9.839182e+03
4.5 9.855977e+03 9.892153e+03 9.899890e+03 9.863714e+03
5.5 9.884147e+03 9.889337e+03 9.896459e+03 9.891268e+03
6.5 9.970467e+03 9.892270e+03 9.895976e+03 9.974173e+03
7.5 9.821057e+03 9.897047e+03 9.896831e+03 9.820841e+03
8.5 9.778279e+03 9.901579e+03 9.898040e+03 9.774740e+03
9.5 9.804341e+03 9.904995e+03 9.899086e+03 9.798432e+03
10.5 1.004745e+04 9.909201e+03 9.899829e+03 1.003808e+04
11.5 9.913320e+03 9.910699e+03 9.903840e+03 9.906461e+03
12.5 9.817590e+03 9.892209e+03 9.916721e+03 9.842102e+03
13.5 9.864152e+03 9.864195e+03 9.929982e+03 9.929938e+03
14.5 9.917010e+03 9.844011e+03 9.937579e+03 1.001058e+04
15.5 9.831401e+03 9.832892e+03 9.940310e+03 9.938819e+03
16.5 9.967924e+03 9.830846e+03 9.936819e+03 1.007390e+04
17.5 9.847678e+03 9.851843e+03 9.923115e+03 9.918950e+03
18.5 9.765384e+03 9.883319e+03 9.908671e+03 9.790736e+03
19.5 9.798255e+03 9.906701e+03 9.900051e+03 9.791605e+03
20.5 9.982705e+03 9.918309e+03 9.896595e+03 9.960992e+03
21.5 9.883139e+03 9.921941e+03 9.896089e+03 9.857287e+03
22.5 9.875722e+03 9.921448e+03 9.896922e+03 9.851197e+03
23.5 9.912931e+03 9.919374e+03 9.898110e+03 9.891667e+03
24.5 1.001781e+04 9.917211e+03 9.899136e+03 9.999729e+03
25.5 9.933592e+03 9.917551e+03 9.899858e+03 9.915900e+03
26.5 1.003140e+04 9.916649e+03 9.903850e+03 1.001860e+04
27.5 9.941735e+03 9.896716e+03 9.916712e+03 9.961732e+03
0.5 9.831401e+03 9.832892e+03 9.940310e+03 9.938819e+03
1.5 9.967924e+03 9.830846e+03 9.936819e+03 1.007390e+04
2.5 9.847678e+03 9.851843e+03 9.923115e+03 9.918950e+03
3.5 9.765384e+03 9.883319e+03 9.908671e+03 9.790736e+03
4.5 9.798255e+03 9.906701e+03 9.900051e+03 9.791605e+03
5.5 9.982705e+03 9.918309e+03 9.896595e+03 9.960992e+03
6.5 9.883139e+03 9.921941e+03 9.896089e+03 9.857287e+03
7.5 9.875722e+03 9.921448e+03 9.896922e+03 9.851197e+03
8.5 9.912931e+03 9.919374e+03 9.898110e+03 9.891667e+03
9.5 1.001781e+04 9.917211e+03 9.899136e+03 9.999729e+03
10.5 9.933592e+03 9.917551e+03 9.899858e+03 9.915900e+03
11.5 1.003140e+04 9.916649e+03 9.903850e+03 1.001860e+04
12.5 9.941735e+03 9.896716e+03 9.916712e+03 9.961732e+03
13.5 9.796206e+03 9.867781e+03 9.929955e+03 9.858379e+03
14.5 9.734393e+03 9.846932e+03 9.937534e+03 9.824995e+03
15.5 9.755124e+03 9.835260e+03 9.940247e+03 9.860111e+03
16.5 9.923855e+03 9.832712e+03 9.936737e+03 1.002788e+04
17.5 9.788559e+03 9.853231e+03 9.923015e+03 9.858343e+03
18.5 9.967671e+03 9.884244e+03 9.908553e+03 9.991980e+03
19.5 9.946833e+03 9.907174e+03 9.899914e+03 9.939574e+03
20.5 9.909608e+03 9.918339e+03 9.896439e+03 9.887707e+03
21.5 1.000524e+04 9.921540e+03 9.895913e+03 9.979616e+03
22.5 9.830071e+03 9.920624e+03 9.896726e+03 9.806174e+03
23.5 9.960608e+03 9.918137e+03 9.897893e+03 9.940364e+03
24.5 9.850560e+03 9.915581e+03 9.898897e+03 9.833877e+03
25.5 1.002366e+04 9.916770e+03 9.899597e+03 1.000648e+04
26.5 9.978794e+03 9.937505e+03 9.903565e+03 9.944855e+03
27.5 9.938829e+03 9.984063e+03 9.916403e+03 9.871170e+03
0.5 9.755124e+03 9.835260e+03 9.940247e+03 9.860111e+03
1.5 9.923855e+03 9.832712e+03 9.936737e+03 1.002788e+04
2.5 9.788559e+03 9.853231e+03 9.923015e+03 9.858343e+03
3.5 9.967671e+03 9.884244e+03 9.908553e+03 9.991980e+03
4.5 9.946833e+03 9.907174e+03 9.899914e+03 9.939574e+03
5.5 9.909608e+03 9.918339e+03 9.896439e+03 9.887707e+03
6.5 1.000524e+04 9.921540e+03 9.895913e+03 9.979616e+03
7.5 9.830071e+03 9.920624e+03 9.896726e+03 9.806174e+03
8.5 9.960608e+03 9.918137e+03 9.897893e+03 9.940364e+03
9.5 9.850560e+03 9.915581e+03 9.898897e+03 9.833877e+03
10.5 1.002366e+04 9.916770e+03 9.899597e+03 1.000648e+04
11.5 9.978794e+03 9.937505e+03 9.903565e+03 9.944855e+03
12.5 9.938829e+03 9.984063e+03 9.916403e+03 9.871170e+03
13.5 9.931632e+03 1.001962e+04 9.929619e+03 9.841633e+03
14.5 1.013582e+04 1.003333e+04 9.937171e+03 1.003966e+04
15.5 1.017384e+04 1.003161e+04 9.939855e+03 1.008209e+04
16.5 1.008123e+04 1.000602e+04 9.936315e+03 1.001153e+04
17.5 9.937293e+03 9.953649e+03 9.922561e+03 9.906205e+03
18.5 9.952743e+03 9.912974e+03 9.908065e+03 9.947834e+03
19.5 9.977262e+03 9.895422e+03 9.899390e+03 9.981231e+03
20.5 9.794661e+03 9.891305e+03 9.895877e+03 9.799233e+03
21.5 9.897549e+03 9.892948e+03 9.895311e+03 9.899912e+03
22.5 9.823891e+03 9.896447e+03 9.896081e+03 9.823526e+03
23.5 9.836669e+03 9.899713e+03 9.897204e+03 9.834160e+03
24.5 9.828310e+03 9.901872e+03 9.898160e+03 9.824598e+03
25.5 9.865413e+03 9.904832e+03 9.898810e+03 9.859391e+03
26.5 9.857224e+03 9.905093e+03 9.902724e+03 9.854855e+03
27.5 9.803968e+03 9.885374e+03 9.915505e+03 9.834099e+03
0.5 1.017384e+04 1.003161e+04 9.939855e+03 1.008209e+04
1.5 1.008123e+04 1.000602e+04 9.936315e+03 1.001153e+04
2.5 9.937293e+03 9.953649e+03 9.922561e+03 9.906205e+03
3.5 9.952743e+03 9.912974e+03 9.908065e+03 9.947834e+03
4.5 9.977262e+03 9.895422e+03 9.899390e+03 9.981231e+03
5.5 9.794661e+03 9.891305e+03 9.895877e+03 9.799233e+03
6.5 9.897549e+03 9.892948e+03 9.895311e+03 9.899912e+03
7.5 9.823891e+03 9.896447e+03 9.896081e+03 9.823526e+03
8.5 9.836669e+03 9.899713e+03 9.897204e+03 9.834160e+03
9.5 9.828310e+03 9.901872e+03 9.898160e+03 9.824598e+03
10.5 9.865413e+03 9.904832e+03 9.898810e+03 9.859391e+03
11.5 9.857224e+03 9.905093e+03 9.902724e+03 9.854855e+03
12.5 9.803968e+03 9.885374e+03 9.915505e+03 9.834099e+03
13.5 9.991055e+03 9.856137e+03 9.928662e+03 1.006358e+04
14.5 9.852593e+03 9.834753e+03 9.936150e+03 9.953990e+03
15.5 9.768748e+03 9.822422e+03 9.938761e+03 9.885088e+03
16.5 9.841111e+03 9.819146e+03 9.935143e+03 9.957108e+03
17.5 9.863327e+03 9.838901e+03 9.921306e+03 9.945732e+03
18.5 9.787767e+03 9.869123e+03 9.906728e+03 9.825372e+03
19.5 9.989455e+03 9.891247e+03 9.897970e+03 9.996178e+03
20.5 9.808297e+03 9.901594e+03 9.894373e+03 9.801076e+03
21.5 1.002240e+04 9.903958e+03 9.893720e+03 1.001216e+04
22.5 9.870661e+03 9.902181e+03 9.894400e+03 9.862880e+03
23.5 1.001458e+04 9.898803e+03 9.895425e+03 1.001120e+04
24.5 9.884533e+03 9.895319e+03 9.896280e+03 9.885493e+03
25.5 9.985363e+03 9.895540e+03 9.896821e+03 9.986644e+03
26.5 9.923873e+03 9.915261e+03 9.900622e+03 9.909234e+03
27.5 9.958587e+03 9.960735e+03 9.913279e+03 9.911132e+03
0.5 9.768748e+03 9.822422e+03 9.938761e+03 9.885088e+03
1.5 9.841111e+03 9.819146e+03 9.935143e+03 9.957108e+03
2.5 9.863327e+03 9.838901e+03 9.921306e+03 9.945732e+03
3.5 9.787767e+03 9.869123e+03 9.906728e+03 9.825372e+03
4.5 9.989455e+03 9.891247e+03 9.897970e+03 9.996178e+03
5.5 9.808297e+03 9.901594e+03 9.894373e+03 9.801076e+03
6.5 1.002240e+04 9.903958e+03 9.893720e+03 1.001216e+04
7.5 9.870661e+03 9.902181e+03 9.894400e+03 9.862880e+03
8.5 1.001458e+04 9.898803e+03 9.895425e+03 1.001120e+04
9.5 9.884533e+03 9.895319e+03 9.896280e+03 9.885493e+03
10.5 9.985363e+03 9.895540e+03 9.896821e+03 9.986644e+03
11.5 9.923873e+03 9.915261e+03 9.900622e+03 9.909234e+03
12.5 9.958587e+03 9.960735e+03 9.913279e+03 9.911132e+03
13.5 1.005751e+04 9.995107e+03 9.926294e+03 9.988694e+03
14.5 9.938971e+03 1.000748e+04 9.933619e+03 9.865112e+03
15.5 9.991120e+03 9.997541e+03 9.936084e+03 9.929664e+03
