0.5 8.001489e+03 7.878600e+03 7.928196e+03 8.051085e+03
1.5 8.052890e+03 7.874267e+03 7.924097e+03 8.102720e+03
2.5 7.767573e+03 7.851553e+03 7.909198e+03 7.825218e+03
3.5 7.795423e+03 7.826284e+03 7.893703e+03 7.862842e+03
4.5 7.858763e+03 7.811160e+03 7.884868e+03 7.932471e+03
5.5 7.863759e+03 7.805197e+03 7.881780e+03 7.940342e+03
6.5 7.895352e+03 7.810469e+03 7.886072e+03 7.970955e+03
7.5 7.906547e+03 7.835616e+03 7.902497e+03 7.973427e+03
8.5 7.792375e+03 7.863732e+03 7.919787e+03 7.848429e+03
9.5 7.869645e+03 7.881346e+03 7.930140e+03 7.918439e+03
10.5 7.897715e+03 7.888810e+03 7.934339e+03 7.943245e+03
11.5 7.949708e+03 7.890223e+03 7.935019e+03 7.994505e+03
12.5 8.051240e+03 7.888763e+03 7.934096e+03 8.096573e+03
13.5 7.986594e+03 7.886409e+03 7.932740e+03 8.032925e+03
14.5 7.839768e+03 7.884228e+03 7.931569e+03 7.887108e+03
15.5 7.929878e+03 7.882901e+03 7.930747e+03 7.977724e+03
16.5 7.963673e+03 7.876240e+03 7.926028e+03 8.013461e+03
17.5 7.943894e+03 7.852399e+03 7.910749e+03 8.002244e+03
18.5 7.788899e+03 7.826295e+03 7.895009e+03 7.857613e+03
19.5 7.735608e+03 7.810330e+03 7.885997e+03 7.811274e+03
20.5 7.720877e+03 7.803469e+03 7.882763e+03 7.800171e+03
21.5 7.742217e+03 7.807799e+03 7.886924e+03 7.821341e+03
22.5 7.837188e+03 7.831987e+03 7.903225e+03 7.908426e+03
0.5 7.929878e+03 7.882901e+03 7.930747e+03 7.977724e+03
1.5 7.963673e+03 7.876240e+03 7.926028e+03 8.013461e+03
2.5 7.943894e+03 7.852399e+03 7.910749e+03 8.002244e+03
3.5 7.788899e+03 7.826295e+03 7.895009e+03 7.857613e+03
4.5 7.735608e+03 7.810330e+03 7.885997e+03 7.811274e+03
5.5 7.720877e+03 7.803469e+03 7.882763e+03 7.800171e+03
6.5 7.742217e+03 7.807799e+03 7.886924e+03 7.821341e+03
7.5 7.837188e+03 7.831987e+03 7.903225e+03 7.908426e+03
8.5 8.010601e+03 7.859140e+03 7.920397e+03 8.071857e+03
9.5 7.848240e+03 7.875791e+03 7.930636e+03 7.903085e+03
10.5 7.849022e+03 7.882295e+03 7.934724e+03 7.901451e+03
11.5 7.824268e+03 7.882757e+03 7.935298e+03 7.876808e+03
12.5 7.812875e+03 7.880355e+03 7.934271e+03 7.866792e+03
13.5 7.804811e+03 7.877067e+03 7.932816e+03 7.860560e+03
14.5 7.747114e+03 7.874214e+03 7.931549e+03 7.804449e+03
15.5 8.036289e+03 7.904770e+03 7.930670e+03 8.062190e+03
16.5 8.174011e+03 8.063071e+03 7.930141e+03 8.041080e+03
17.5 8.420613e+03 8.307736e+03 7.929845e+03 8.042723e+03
18.5 8.206207e+03 8.425048e+03 7.929678e+03 7.710837e+03
19.5 8.546018e+03 8.423332e+03 7.929572e+03 8.052257e+03
20.5 8.246953e+03 8.355248e+03 7.929490e+03 7.821195e+03
21.5 8.366638e+03 8.160133e+03 7.929416e+03 8.135921e+03
22.5 8.065768e+03 7.886501e+03 7.929344e+03 8.108611e+03
0.5 7.858675e+03 7.845505e+03 7.928645e+03 7.941814e+03
1.5 7.708633e+03 7.838212e+03 7.924271e+03 7.794692e+03
2.5 7.790184e+03 7.812494e+03 7.909105e+03 7.886795e+03
3.5 7.705075e+03 7.784174e+03 7.893351e+03 7.814252e+03
4.5 7.963217e+03 7.765951e+03 7.884263e+03 8.081529e+03
5.5 7.699196e+03 7.756824e+03 7.880927e+03 7.823299e+03
6.5 7.788653e+03 7.758859e+03 7.884976e+03 7.914770e+03
7.5 7.754105e+03 7.780689e+03 7.901163e+03 7.874580e+03
8.5 7.753884e+03 7.805395e+03 7.918221e+03 7.866710e+03
9.5 7.803154e+03 7.819506e+03 7.928347e+03 7.911995e+03
10.5 7.835480e+03 7.823367e+03 7.932323e+03 7.944436e+03
11.5 7.983708e+03 7.821070e+03 7.932783e+03 8.095421e+03
12.5 7.927324e+03 7.815781e+03 7.931643e+03 8.043186e+03
13.5 7.984200e+03 7.809467e+03 7.930073e+03 8.104805e+03
14.5 7.860709e+03 7.803436e+03 7.928688e+03 7.985961e+03
15.5 7.835528e+03 7.830649e+03 7.927689e+03 7.932567e+03
16.5 8.086110e+03 7.985402e+03 7.927035e+03 8.027744e+03
17.5 8.285996e+03 8.226178e+03 7.926612e+03 7.986430e+03
18.5 8.220164e+03 8.339137e+03 7.926311e+03 7.807339e+03
19.5 8.342658e+03 8.332635e+03 7.926066e+03 7.936089e+03
20.5 8.183198e+03 8.254536e+03 7.925840e+03 7.854501e+03
