0.5 1.343438e+04 1.357375e+04 1.348170e+04 1.334232e+04
1.5 1.354833e+04 1.354158e+04 1.353076e+04 1.353752e+04
2.5 1.351064e+04 1.352099e+04 1.370192e+04 1.369157e+04
3.5 1.343744e+04 1.353555e+04 1.387978e+04 1.378167e+04
4.5 1.367526e+04 1.356052e+04 1.398226e+04 1.409699e+04
5.5 1.353835e+04 1.358501e+04 1.401963e+04 1.397297e+04
6.5 1.357479e+04 1.361991e+04 1.397344e+04 1.392831e+04
7.5 1.368325e+04 1.363791e+04 1.378984e+04 1.383518e+04
8.5 1.375611e+04 1.361754e+04 1.359633e+04 1.373490e+04
9.5 1.323863e+04 1.358554e+04 1.348113e+04 1.313422e+04
10.5 1.358155e+04 1.356255e+04 1.343540e+04 1.345440e+04
11.5 1.361763e+04 1.354995e+04 1.342932e+04 1.349701e+04
12.5 1.350105e+04 1.354417e+04 1.344125e+04 1.339813e+04
13.5 1.357883e+04 1.354223e+04 1.345794e+04 1.349454e+04
14.5 1.352336e+04 1.354195e+04 1.347241e+04 1.345382e+04
15.5 1.356235e+04 1.354129e+04 1.348242e+04 1.350348e+04
16.5 1.367245e+04 1.354458e+04 1.348838e+04 1.361624e+04
17.5 1.344167e+04 1.356367e+04 1.349160e+04 1.336961e+04
18.5 1.362160e+04 1.358634e+04 1.349329e+04 1.352855e+04
19.5 1.366387e+04 1.360032e+04 1.349420e+04 1.355775e+04
20.5 1.347041e+04 1.360608e+04 1.349474e+04 1.335907e+04
21.5 1.370786e+04 1.360228e+04 1.349510e+04 1.360068e+04
22.5 1.370427e+04 1.357987e+04 1.349536e+04 1.361976e+04
0.5 1.357726e+04 1.351428e+04 1.348519e+04 1.354816e+04
1.5 1.335698e+04 1.348636e+04 1.353241e+04 1.340303e+04
2.5 1.326060e+04 1.346897e+04 1.370158e+04 1.349321e+04
3.5 1.349052e+04 1.348650e+04 1.387731e+04 1.388133e+04
4.5 1.377560e+04 1.351442e+04 1.397756e+04 1.423874e+04
5.5 1.360575e+04 1.354184e+04 1.401266e+04 1.407657e+04
6.5 1.362119e+04 1.357958e+04 1.396415e+04 1.400576e+04
7.5 1.339900e+04 1.360027e+04 1.377829e+04 1.357702e+04
8.5 1.378672e+04 1.358254e+04 1.358247e+04 1.378665e+04
9.5 1.342208e+04 1.355307e+04 1.346490e+04 1.333392e+04
10.5 1.378889e+04 1.353248e+04 1.341675e+04 1.367315e+04
11.5 1.359434e+04 1.352218e+04 1.340821e+04 1.348037e+04
12.5 1.368653e+04 1.351860e+04 1.341763e+04 1.358556e+04
13.5 1.357003e+04 1.351874e+04 1.343175e+04 1.348304e+04
14.5 1.353701e+04 1.352045e+04 1.344363e+04 1.346018e+04
15.5 1.360660e+04 1.352169e+04 1.345098e+04 1.353589e+04
16.5 1.344872e+04 1.352678e+04 1.345423e+04 1.337617e+04
17.5 1.353950e+04 1.354760e+04 1.345471e+04 1.344661e+04
18.5 1.358919e+04 1.357191e+04 1.345359e+04 1.347087e+04
19.5 1.346369e+04 1.358755e+04 1.345163e+04 1.332778e+04
20.5 1.345850e+04 1.359501e+04 1.344923e+04 1.331272e+04
21.5 1.381486e+04 1.359279e+04 1.344658e+04 1.366865e+04
22.5 1.343207e+04 1.357183e+04 1.344375e+04 1.330399e+04
0.5 1.360925e+04 1.351948e+04 1.341550e+04 1.350527e+04
1.5 1.343517e+04 1.349201e+04 1.345941e+04 1.340257e+04
2.5 1.368403e+04 1.347510e+04 1.362503e+04 1.383396e+04
3.5 1.352715e+04 1.349313e+04 1.379686e+04 1.383088e+04
4.5 1.348556e+04 1.352124e+04 1.389281e+04 1.385713e+04
5.5 1.348723e+04 1.351013e+04 1.392324e+04 1.390034e+04
