0.5 6.729678e+03 6.737241e+03 6.747561e+03 6.739998e+03
1.5 6.715489e+03 6.726500e+03 6.775302e+03 6.764291e+03
2.5 6.666856e+03 6.709942e+03 6.795562e+03 6.752476e+03
3.5 6.790425e+03 6.701343e+03 6.783275e+03 6.872356e+03
4.5 6.565947e+03 6.700330e+03 6.759582e+03 6.625198e+03
5.5 6.730820e+03 6.703589e+03 6.734901e+03 6.762131e+03
6.5 6.703237e+03 6.715077e+03 6.698776e+03 6.686936e+03
7.5 6.698188e+03 6.731782e+03 6.675535e+03 6.641941e+03
8.5 6.727220e+03 6.739769e+03 6.687862e+03 6.675314e+03
9.5 6.709693e+03 6.739579e+03 6.712825e+03 6.682938e+03
10.5 6.831893e+03 6.736867e+03 6.731041e+03 6.826067e+03
11.5 6.732620e+03 6.734004e+03 6.740568e+03 6.739184e+03
12.5 6.688573e+03 6.731592e+03 6.744249e+03 6.701230e+03
13.5 6.782618e+03 6.729800e+03 6.744577e+03 6.797395e+03
14.5 6.753512e+03 6.728570e+03 6.743397e+03 6.768339e+03
15.5 6.689313e+03 6.726832e+03 6.741940e+03 6.704421e+03
16.5 6.758357e+03 6.732286e+03 6.740792e+03 6.766862e+03
17.5 6.808127e+03 6.762673e+03 6.740071e+03 6.785524e+03
18.5 6.979190e+03 6.798391e+03 6.739679e+03 6.920479e+03
19.5 6.810191e+03 6.820743e+03 6.739485e+03 6.728934e+03
20.5 6.889933e+03 6.830475e+03 6.739392e+03 6.798850e+03
21.5 6.934264e+03 6.825253e+03 6.739343e+03 6.848354e+03
22.5 6.771751e+03 6.791559e+03 6.739313e+03 6.719506e+03
0.5 6.612971e+03 6.718346e+03 6.746956e+03 6.641580e+03
1.5 6.746951e+03 6.709409e+03 6.774661e+03 6.812203e+03
2.5 6.664144e+03 6.694266e+03 6.794885e+03 6.764763e+03
3.5 6.637172e+03 6.686953e+03 6.782572e+03 6.732791e+03
4.5 6.582746e+03 6.687189e+03 6.758867e+03 6.654424e+03
5.5 6.743959e+03 6.691680e+03 6.734183e+03 6.786462e+03
6.5 6.798135e+03 6.704372e+03 6.698074e+03 6.791837e+03
7.5 6.777693e+03 6.722239e+03 6.674845e+03 6.730300e+03
8.5 6.744714e+03 6.731375e+03 6.687168e+03 6.700506e+03
9.5 6.667567e+03 6.732311e+03 6.712126e+03 6.647382e+03
10.5 6.801894e+03 6.730700e+03 6.730340e+03 6.801534e+03
11.5 6.730702e+03 6.728912e+03 6.739865e+03 6.741654e+03
12.5 6.710194e+03 6.727549e+03 6.743544e+03 6.726189e+03
13.5 6.866171e+03 6.726782e+03 6.743871e+03 6.883260e+03
14.5 6.644925e+03 6.726552e+03 6.742690e+03 6.661064e+03
15.5 6.659202e+03 6.725790e+03 6.741231e+03 6.674643e+03
16.5 6.733880e+03 6.732197e+03 6.740082e+03 6.741764e+03
17.5 6.713627e+03 6.763516e+03 6.739358e+03 6.689469e+03
18.5 6.709513e+03 6.800144e+03 6.738964e+03 6.648333e+03
19.5 6.676127e+03 6.823410e+03 6.738764e+03 6.591481e+03
20.5 6.744834e+03 6.834064e+03 6.738663e+03 6.649433e+03
21.5 6.929895e+03 6.829729e+03 6.738607e+03 6.838773e+03
22.5 6.812592e+03 6.796894e+03 6.738567e+03 6.754265e+03
0.5 6.777135e+03 6.729756e+03 6.746273e+03 6.793651e+03
1.5 6.859625e+03 6.721350e+03 6.773933e+03 6.912208e+03
2.5 6.774488e+03 6.706767e+03 6.794082e+03 6.861802e+03
3.5 6.679011e+03 6.700054e+03 6.781666e+03 6.760622e+03
4.5 6.789934e+03 6.700847e+03 6.757857e+03 6.846944e+03
5.5 6.733127e+03 6.695904e+03 6.733086e+03 6.770310e+03
