0.5 9.849929e+03 9.838937e+03 9.834529e+03 9.845521e+03
1.5 9.873146e+03 9.842409e+03 9.849905e+03 9.880642e+03
2.5 9.903246e+03 9.856633e+03 9.861532e+03 9.908145e+03
3.5 9.855516e+03 9.870286e+03 9.855320e+03 9.840550e+03
4.5 9.871372e+03 9.877268e+03 9.842635e+03 9.836739e+03
5.5 9.888782e+03 9.878837e+03 9.829221e+03 9.839166e+03
6.5 9.892943e+03 9.872846e+03 9.809292e+03 9.829389e+03
7.5 9.930395e+03 9.855947e+03 9.796029e+03 9.870478e+03
8.5 9.854160e+03 9.840024e+03 9.802250e+03 9.816386e+03
9.5 9.795818e+03 9.831374e+03 9.815635e+03 9.780080e+03
10.5 9.738957e+03 9.828275e+03 9.825522e+03 9.736203e+03
11.5 9.784628e+03 9.828113e+03 9.830756e+03 9.787270e+03
12.5 9.835773e+03 9.829203e+03 9.832834e+03 9.839405e+03
13.5 9.820986e+03 9.830550e+03 9.833087e+03 9.823523e+03
14.5 9.751227e+03 9.831663e+03 9.832540e+03 9.752103e+03
15.5 9.743963e+03 9.832837e+03 9.836163e+03 9.747289e+03
16.5 9.827635e+03 9.838754e+03 9.850928e+03 9.839810e+03
17.5 9.980380e+03 9.854413e+03 9.862172e+03 9.988139e+03
18.5 9.939830e+03 9.868910e+03 9.855753e+03 9.926673e+03
19.5 9.846186e+03 9.876435e+03 9.842966e+03 9.812717e+03
20.5 9.762819e+03 9.878411e+03 9.829505e+03 9.713914e+03
21.5 9.773375e+03 9.872769e+03 9.809553e+03 9.710160e+03
22.5 9.919193e+03 9.856195e+03 9.796277e+03 9.859275e+03
0.5 9.743963e+03 9.832837e+03 9.836163e+03 9.747289e+03
1.5 9.827635e+03 9.838754e+03 9.850928e+03 9.839810e+03
2.5 9.980380e+03 9.854413e+03 9.862172e+03 9.988139e+03
3.5 9.939830e+03 9.868910e+03 9.855753e+03 9.926673e+03
4.5 9.846186e+03 9.876435e+03 9.842966e+03 9.812717e+03
5.5 9.762819e+03 9.878411e+03 9.829505e+03 9.713914e+03
6.5 9.773375e+03 9.872769e+03 9.809553e+03 9.710160e+03
7.5 9.919193e+03 9.856195e+03 9.796277e+03 9.859275e+03
8.5 9.876595e+03 9.840588e+03 9.802488e+03 9.838496e+03
9.5 9.903408e+03 9.832247e+03 9.815865e+03 9.887026e+03
10.5 9.790417e+03 9.829454e+03 9.825744e+03 9.786707e+03
11.5 9.729653e+03 9.829595e+03 9.830970e+03 9.731029e+03
12.5 9.840873e+03 9.830983e+03 9.833041e+03 9.842931e+03
13.5 9.825742e+03 9.832624e+03 9.833286e+03 9.826403e+03
14.5 9.915395e+03 9.834047e+03 9.832696e+03 9.914044e+03
15.5 9.823917e+03 9.837941e+03 9.831941e+03 9.817918e+03
16.5 9.804832e+03 9.837300e+03 9.831345e+03 9.798878e+03
17.5 9.801024e+03 9.804288e+03 9.830975e+03 9.827711e+03
18.5 9.718939e+03 9.757505e+03 9.830781e+03 9.792215e+03
19.5 9.660183e+03 9.724635e+03 9.830693e+03 9.766242e+03
20.5 9.705856e+03 9.707087e+03 9.830660e+03 9.829429e+03
21.5 9.760143e+03 9.705442e+03 9.830650e+03 9.885351e+03
22.5 9.775474e+03 9.741686e+03 9.830651e+03 9.864439e+03
0.5 9.873252e+03 9.846317e+03 9.835097e+03 9.862032e+03
1.5 9.768977e+03 9.850673e+03 9.850458e+03 9.768762e+03
2.5 9.845571e+03 9.865788e+03 9.862069e+03 9.841852e+03
3.5 9.867129e+03 9.880339e+03 9.855843e+03 9.842632e+03
4.5 9.890527e+03 9.888236e+03 9.843146e+03 9.845437e+03
5.5 9.888033e+03 9.890735e+03 9.829723e+03 9.827020e+03
6.5 9.829592e+03 9.885678e+03 9.809782e+03 9.753696e+03
7.5 9.854876e+03 9.869721e+03 9.796508e+03 9.781662e+03
8.5 9.898292e+03 9.854751e+03 9.802718e+03 9.846259e+03
9.5 9.843269e+03 9.847073e+03 9.816094e+03 9.812290e+03
10.5 9.925172e+03 9.844969e+03 9.825972e+03 9.906176e+03
11.5 9.826279e+03 9.845828e+03 9.831199e+03 9.811650e+03
12.5 9.874817e+03 9.847966e+03 9.833272e+03 9.860123e+03
13.5 9.825050e+03 9.850392e+03 9.833521e+03 9.808178e+03
14.5 9.860748e+03 9.852636e+03 9.832936e+03 9.841048e+03
15.5 9.864825e+03 9.857389e+03 9.832188e+03 9.839624e+03
16.5 9.887035e+03 9.857647e+03 9.831599e+03 9.860987e+03
17.5 9.857459e+03 9.825581e+03 9.831238e+03 9.863117e+03
18.5 9.824532e+03 9.779823e+03 9.831055e+03 9.875765e+03
19.5 9.782628e+03 9.748050e+03 9.830980e+03 9.865557e+03
20.5 9.726740e+03 9.727764e+03 9.830960e+03 9.829935e+03
