0.5 1.032442e+03 1.076010e+03 1.079345e+03 1.035777e+03
1.5 1.058521e+03 1.045408e+03 1.048449e+03 1.061563e+03
2.5 9.832578e+02 1.024961e+03 1.025108e+03 9.834049e+02
3.5 1.059007e+03 1.040453e+03 1.037598e+03 1.056152e+03
4.5 1.128923e+03 1.067242e+03 1.063016e+03 1.124697e+03
5.5 1.119704e+03 1.085402e+03 1.081189e+03 1.115491e+03
6.5 1.167278e+03 1.093842e+03 1.090388e+03 1.163824e+03
7.5 9.928489e+02 1.096117e+03 1.093729e+03 9.904602e+02
8.5 1.097681e+03 1.095043e+03 1.093767e+03 1.096405e+03
9.5 1.053103e+03 1.092575e+03 1.092420e+03 1.052948e+03
10.5 1.170545e+03 1.087051e+03 1.099560e+03 1.183053e+03
11.5 1.131578e+03 1.074041e+03 1.129109e+03 1.186647e+03
12.5 9.520416e+02 1.062935e+03 1.151569e+03 1.040676e+03
13.5 1.113697e+03 1.064346e+03 1.138578e+03 1.187929e+03
14.5 9.839327e+02 1.071176e+03 1.112829e+03 1.025586e+03
15.5 1.154568e+03 1.079291e+03 1.085750e+03 1.161027e+03
16.5 1.070889e+03 1.092751e+03 1.045661e+03 1.023799e+03
17.5 1.040937e+03 1.103072e+03 1.019030e+03 9.568939e+02
18.5 1.091901e+03 1.100238e+03 1.031534e+03 1.023197e+03
19.5 1.160872e+03 1.091769e+03 1.058392e+03 1.127495e+03
20.5 1.134642e+03 1.085022e+03 1.078205e+03 1.127825e+03
21.5 1.093078e+03 1.081076e+03 1.088664e+03 1.100666e+03
22.5 1.002338e+03 1.079124e+03 1.092786e+03 1.016000e+03
23.5 1.071323e+03 1.078391e+03 1.093241e+03 1.086174e+03
24.5 1.154054e+03 1.078273e+03 1.092094e+03 1.167876e+03
25.5 1.007539e+03 1.078888e+03 1.099321e+03 1.027972e+03
26.5 1.024208e+03 1.087422e+03 1.128896e+03 1.065681e+03
27.5 1.098909e+03 1.112429e+03 1.151355e+03 1.137834e+03
0.5 1.154568e+03 1.079291e+03 1.085750e+03 1.161027e+03
1.5 1.070889e+03 1.092751e+03 1.045661e+03 1.023799e+03
2.5 1.040937e+03 1.103072e+03 1.019030e+03 9.568939e+02
3.5 1.091901e+03 1.100238e+03 1.031534e+03 1.023197e+03
4.5 1.160872e+03 1.091769e+03 1.058392e+03 1.127495e+03
5.5 1.134642e+03 1.085022e+03 1.078205e+03 1.127825e+03
6.5 1.093078e+03 1.081076e+03 1.088664e+03 1.100666e+03
7.5 1.002338e+03 1.079124e+03 1.092786e+03 1.016000e+03
8.5 1.071323e+03 1.078391e+03 1.093241e+03 1.086174e+03
9.5 1.154054e+03 1.078273e+03 1.092094e+03 1.167876e+03
10.5 1.007539e+03 1.078888e+03 1.099321e+03 1.027972e+03
11.5 1.024208e+03 1.087422e+03 1.128896e+03 1.065681e+03
12.5 1.098909e+03 1.112429e+03 1.151355e+03 1.137834e+03
13.5 1.259940e+03 1.136209e+03 1.138365e+03 1.262096e+03
14.5 1.076308e+03 1.148673e+03 1.112625e+03 1.040260e+03
15.5 1.254229e+03 1.151959e+03 1.085559e+03 1.187829e+03
16.5 1.066555e+03 1.142842e+03 1.045499e+03 9.692120e+02
17.5 1.084138e+03 1.115360e+03 1.018893e+03 9.876699e+02
18.5 1.137530e+03 1.088772e+03 1.031404e+03 1.080162e+03
19.5 1.214338e+03 1.073956e+03 1.058270e+03 1.198652e+03
20.5 1.104016e+03 1.068444e+03 1.078088e+03 1.113661e+03
21.5 9.879796e+02 1.067944e+03 1.088553e+03 1.008589e+03
22.5 1.195905e+03 1.069611e+03 1.092679e+03 1.218974e+03
23.5 1.111132e+03 1.071750e+03 1.093139e+03 1.132521e+03
24.5 1.070277e+03 1.073510e+03 1.091996e+03 1.088762e+03
25.5 1.001125e+03 1.075203e+03 1.099225e+03 1.025148e+03
26.5 1.042077e+03 1.084336e+03 1.128803e+03 1.086544e+03
27.5 1.106229e+03 1.109717e+03 1.151265e+03 1.147776e+03
0.5 1.254229e+03 1.151959e+03 1.085559e+03 1.187829e+03
1.5 1.066555e+03 1.142842e+03 1.045499e+03 9.692120e+02
2.5 1.084138e+03 1.115360e+03 1.018893e+03 9.876699e+02
3.5 1.137530e+03 1.088772e+03 1.031404e+03 1.080162e+03
4.5 1.214338e+03 1.073956e+03 1.058270e+03 1.198652e+03
5.5 1.104016e+03 1.068444e+03 1.078088e+03 1.113661e+03
6.5 9.879796e+02 1.067944e+03 1.088553e+03 1.008589e+03
7.5 1.195905e+03 1.069611e+03 1.092679e+03 1.218974e+03
8.5 1.111132e+03 1.071750e+03 1.093139e+03 1.132521e+03
9.5 1.070277e+03 1.073510e+03 1.091996e+03 1.088762e+03
10.5 1.001125e+03 1.075203e+03 1.099225e+03 1.025148e+03
11.5 1.042077e+03 1.084336e+03 1.128803e+03 1.086544e+03
12.5 1.106229e+03 1.109717e+03 1.151265e+03 1.147776e+03
13.5 1.193439e+03 1.133781e+03 1.138276e+03 1.197934e+03
14.5 1.201764e+03 1.146499e+03 1.112536e+03 1.167801e+03
15.5 1.175591e+03 1.150027e+03 1.085471e+03 1.111035e+03
16.5 1.038855e+03 1.141145e+03 1.045410e+03 9.431196e+02
17.5 1.179644e+03 1.113893e+03 1.018804e+03 1.084555e+03
18.5 9.841540e+02 1.087527e+03 1.031315e+03 9.279417e+02
19.5 1.033237e+03 1.072926e+03 1.058178e+03 1.018489e+03
20.5 1.176723e+03 1.067621e+03 1.077995e+03 1.187097e+03
21.5 1.037623e+03 1.067323e+03 1.088457e+03 1.058758e+03
22.5 1.041634e+03 1.069182e+03 1.092581e+03 1.065032e+03
23.5 9.523241e+02 1.071508e+03 1.093037e+03 9.738531e+02
24.5 1.026288e+03 1.073419e+03 1.091889e+03 1.044758e+03
25.5 1.005100e+03 1.071741e+03 1.099114e+03 1.032473e+03
26.5 1.004173e+03 1.061568e+03 1.128687e+03 1.071292e+03
27.5 1.138703e+03 1.052403e+03 1.151143e+03 1.237442e+03
0.5 1.175591e+03 1.150027e+03 1.085471e+03 1.111035e+03
1.5 1.038855e+03 1.141145e+03 1.045410e+03 9.431196e+02
2.5 1.179644e+03 1.113893e+03 1.018804e+03 1.084555e+03
3.5 9.841540e+02 1.087527e+03 1.031315e+03 9.279417e+02
4.5 1.033237e+03 1.072926e+03 1.058178e+03 1.018489e+03
5.5 1.176723e+03 1.067621e+03 1.077995e+03 1.187097e+03
6.5 1.037623e+03 1.067323e+03 1.088457e+03 1.058758e+03
7.5 1.041634e+03 1.069182e+03 1.092581e+03 1.065032e+03
8.5 9.523241e+02 1.071508e+03 1.093037e+03 9.738531e+02
9.5 1.026288e+03 1.073419e+03 1.091889e+03 1.044758e+03
10.5 1.005100e+03 1.071741e+03 1.099114e+03 1.032473e+03
11.5 1.004173e+03 1.061568e+03 1.128687e+03 1.071292e+03
12.5 1.138703e+03 1.052403e+03 1.151143e+03 1.237442e+03
13.5 1.092369e+03 1.055154e+03 1.138148e+03 1.175363e+03
14.5 9.015352e+02 1.062982e+03 1.112402e+03 9.509550e+02
15.5 1.054559e+03 1.071918e+03 1.085329e+03 1.067970e+03
16.5 1.083730e+03 1.086114e+03 1.045261e+03 1.042877e+03
17.5 1.228012e+03 1.097123e+03 1.018647e+03 1.149536e+03
18.5 1.085336e+03 1.094950e+03 1.031148e+03 1.021534e+03
19.5 1.002879e+03 1.087124e+03 1.058003e+03 9.737572e+02
20.5 1.055800e+03 1.081002e+03 1.077809e+03 1.052607e+03
21.5 1.101182e+03 1.077664e+03 1.088260e+03 1.111777e+03
22.5 1.072317e+03 1.076306e+03 1.092372e+03 1.088383e+03
23.5 1.241481e+03 1.076150e+03 1.092816e+03 1.258147e+03
24.5 9.772056e+02 1.076595e+03 1.091656e+03 9.922670e+02
25.5 1.092218e+03 1.077757e+03 1.098867e+03 1.113329e+03
26.5 1.065056e+03 1.086822e+03 1.128426e+03 1.106660e+03
27.5 1.151650e+03 1.112348e+03 1.150867e+03 1.190169e+03
0.5 1.054559e+03 1.071918e+03 1.085329e+03 1.067970e+03
1.5 1.083730e+03 1.086114e+03 1.045261e+03 1.042877e+03
2.5 1.228012e+03 1.097123e+03 1.018647e+03 1.149536e+03
3.5 1.085336e+03 1.094950e+03 1.031148e+03 1.021534e+03
4.5 1.002879e+03 1.087124e+03 1.058003e+03 9.737572e+02
5.5 1.055800e+03 1.081002e+03 1.077809e+03 1.052607e+03
6.5 1.101182e+03 1.077664e+03 1.088260e+03 1.111777e+03
7.5 1.072317e+03 1.076306e+03 1.092372e+03 1.088383e+03
8.5 1.241481e+03 1.076150e+03 1.092816e+03 1.258147e+03
9.5 9.772056e+02 1.076595e+03 1.091656e+03 9.922670e+02
10.5 1.092218e+03 1.077757e+03 1.098867e+03 1.113329e+03
11.5 1.065056e+03 1.086822e+03 1.128426e+03 1.106660e+03
12.5 1.151650e+03 1.112348e+03 1.150867e+03 1.190169e+03
13.5 1.080891e+03 1.136631e+03 1.137856e+03 1.082116e+03
14.5 1.074299e+03 1.149566e+03 1.112077e+03 1.036810e+03
15.5 1.082067e+03 1.153315e+03 1.084968e+03 1.013720e+03
16.5 1.237433e+03 1.144670e+03 1.044879e+03 1.137642e+03
17.5 1.049376e+03 1.117662e+03 1.018253e+03 9.499667e+02
18.5 1.158694e+03 1.091549e+03 1.030754e+03 1.097899e+03
19.5 9.942670e+02 1.077200e+03 1.057607e+03 9.746745e+02
20.5 1.108214e+03 1.072138e+03 1.077404e+03 1.113479e+03
21.5 1.030058e+03 1.072078e+03 1.087838e+03 1.045819e+03
22.5 9.733879e+02 1.074174e+03 1.091928e+03 9.911416e+02
23.5 1.093795e+03 1.076738e+03 1.092346e+03 1.109403e+03
24.5 1.137636e+03 1.078893e+03 1.091158e+03 1.149902e+03
25.5 1.004872e+03 1.077465e+03 1.098341e+03 1.025748e+03
26.5 1.223389e+03 1.067553e+03 1.127862e+03 1.283698e+03
27.5 1.032830e+03 1.058672e+03 1.150237e+03 1.124395e+03
0.5 1.082067e+03 1.153315e+03 1.084968e+03 1.013720e+03
1.5 1.237433e+03 1.144670e+03 1.044879e+03 1.137642e+03
2.5 1.049376e+03 1.117662e+03 1.018253e+03 9.499667e+02
3.5 1.158694e+03 1.091549e+03 1.030754e+03 1.097899e+03
4.5 9.942670e+02 1.077200e+03 1.057607e+03 9.746745e+02
5.5 1.108214e+03 1.072138e+03 1.077404e+03 1.113479e+03
6.5 1.030058e+03 1.072078e+03 1.087838e+03 1.045819e+03
7.5 9.733879e+02 1.074174e+03 1.091928e+03 9.911416e+02
8.5 1.093795e+03 1.076738e+03 1.092346e+03 1.109403e+03
9.5 1.137636e+03 1.078893e+03 1.091158e+03 1.149902e+03
10.5 1.004872e+03 1.077465e+03 1.098341e+03 1.025748e+03
11.5 1.223389e+03 1.067553e+03 1.127862e+03 1.283698e+03
12.5 1.032830e+03 1.058672e+03 1.150237e+03 1.124395e+03
13.5 1.036710e+03 1.061728e+03 1.137130e+03 1.112113e+03
14.5 1.198179e+03 1.069943e+03 1.111343e+03 1.239578e+03
15.5 1.086987e+03 1.087969e+03 1.092949e+03 1.091966e+03
