0.5 1.004745e+04 9.909201e+03 9.920536e+03 1.005879e+04
1.5 9.913320e+03 9.910699e+03 9.951868e+03 9.954489e+03
2.5 9.817590e+03 9.892209e+03 9.975560e+03 9.900941e+03
3.5 9.864152e+03 9.864195e+03 9.962903e+03 9.962860e+03
4.5 9.917010e+03 9.844011e+03 9.937054e+03 1.001005e+04
5.5 9.831401e+03 9.832892e+03 9.909721e+03 9.908231e+03
6.5 9.967924e+03 9.830846e+03 9.869112e+03 1.000619e+04
7.5 9.847678e+03 9.851843e+03 9.842087e+03 9.837922e+03
8.5 9.765384e+03 9.883319e+03 9.854762e+03 9.736826e+03
9.5 9.798255e+03 9.906701e+03 9.882037e+03 9.773591e+03
10.5 9.982705e+03 9.918309e+03 9.902183e+03 9.966580e+03
11.5 9.883139e+03 9.921941e+03 9.912848e+03 9.874046e+03
12.5 9.875722e+03 9.921448e+03 9.917084e+03 9.871359e+03
13.5 9.912931e+03 9.919374e+03 9.917598e+03 9.911155e+03
14.5 1.001781e+04 9.917211e+03 9.916483e+03 1.001708e+04
15.5 9.933592e+03 9.917551e+03 9.923866e+03 9.939907e+03
16.5 1.003140e+04 9.916649e+03 9.953954e+03 1.006870e+04
17.5 9.941735e+03 9.896716e+03 9.976864e+03 1.002188e+04
18.5 9.796206e+03 9.867781e+03 9.963785e+03 9.892210e+03
19.5 9.734393e+03 9.846932e+03 9.937729e+03 9.825191e+03
20.5 9.755124e+03 9.835260e+03 9.910300e+03 9.830165e+03
21.5 9.923855e+03 9.832712e+03 9.869645e+03 9.960787e+03
22.5 9.788559e+03 9.853231e+03 9.842592e+03 9.777920e+03
0.5 9.933592e+03 9.917551e+03 9.923866e+03 9.939907e+03
1.5 1.003140e+04 9.916649e+03 9.953954e+03 1.006870e+04
2.5 9.941735e+03 9.896716e+03 9.976864e+03 1.002188e+04
3.5 9.796206e+03 9.867781e+03 9.963785e+03 9.892210e+03
4.5 9.734393e+03 9.846932e+03 9.937729e+03 9.825191e+03
5.5 9.755124e+03 9.835260e+03 9.910300e+03 9.830165e+03
6.5 9.923855e+03 9.832712e+03 9.869645e+03 9.960787e+03
7.5 9.788559e+03 9.853231e+03 9.842592e+03 9.777920e+03
8.5 9.967671e+03 9.884244e+03 9.855248e+03 9.938674e+03
9.5 9.946833e+03 9.907174e+03 9.882506e+03 9.922165e+03
10.5 9.909608e+03 9.918339e+03 9.902636e+03 9.893905e+03
11.5 1.000524e+04 9.921540e+03 9.913285e+03 9.996988e+03
12.5 9.830071e+03 9.920624e+03 9.917505e+03 9.826952e+03
13.5 9.960608e+03 9.918137e+03 9.918003e+03 9.960474e+03
14.5 9.850560e+03 9.915581e+03 9.916802e+03 9.851782e+03
15.5 1.002366e+04 9.916770e+03 9.915264e+03 1.002215e+04
16.5 9.978794e+03 9.937505e+03 9.914048e+03 9.955338e+03
17.5 9.938829e+03 9.984063e+03 9.913294e+03 9.868061e+03
18.5 9.931632e+03 1.001962e+04 9.912900e+03 9.824913e+03
19.5 1.013582e+04 1.003333e+04 9.912721e+03 1.001521e+04
20.5 1.017384e+04 1.003161e+04 9.912653e+03 1.005488e+04
21.5 1.008123e+04 1.000602e+04 9.912634e+03 9.987851e+03
22.5 9.937293e+03 9.953649e+03 9.912634e+03 9.896278e+03
0.5 9.865413e+03 9.904832e+03 9.921695e+03 9.882276e+03
1.5 9.857224e+03 9.905093e+03 9.952994e+03 9.905125e+03
2.5 9.803968e+03 9.885374e+03 9.976655e+03 9.895249e+03
3.5 9.991055e+03 9.856137e+03 9.963968e+03 1.009889e+04
4.5 9.852593e+03 9.834753e+03 9.938096e+03 9.955936e+03
5.5 9.768748e+03 9.822422e+03 9.910743e+03 9.857070e+03
6.5 9.841111e+03 9.819146e+03 9.870110e+03 9.892074e+03
7.5 9.863327e+03 9.838901e+03 9.843062e+03 9.867487e+03
8.5 9.787767e+03 9.869123e+03 9.855716e+03 9.774360e+03
9.5 9.989455e+03 9.891247e+03 9.882972e+03 9.981180e+03
10.5 9.808297e+03 9.901594e+03 9.903101e+03 9.809804e+03
11.5 1.002240e+04 9.903958e+03 9.913752e+03 1.003219e+04
12.5 9.870661e+03 9.902181e+03 9.917976e+03 9.886456e+03
13.5 1.001458e+04 9.898803e+03 9.918482e+03 1.003426e+04
14.5 9.884533e+03 9.895319e+03 9.917291e+03 9.906505e+03
15.5 9.985363e+03 9.895540e+03 9.915766e+03 1.000559e+04
16.5 9.923873e+03 9.915261e+03 9.914566e+03 9.923178e+03
17.5 9.958587e+03 9.960735e+03 9.913831e+03 9.911683e+03
18.5 1.005751e+04 9.995107e+03 9.913458e+03 9.975858e+03
19.5 9.938971e+03 1.000748e+04 9.913305e+03 9.844798e+03
20.5 9.991120e+03 9.997541e+03 9.913265e+03 9.906844e+03
