7.272707e+03 7.264748e+03 7.218203e+03 7.319251e+03
7.148106e+03 7.264528e+03 7.227609e+03 7.185025e+03
7.285132e+03 7.264422e+03 7.268038e+03 7.281515e+03
7.342504e+03 7.264422e+03 7.316414e+03 7.290511e+03
7.358462e+03 7.264519e+03 7.326253e+03 7.296727e+03
7.151166e+03 7.264705e+03 7.311956e+03 7.103915e+03
7.222765e+03 7.264972e+03 7.297187e+03 7.190550e+03
7.284161e+03 7.265313e+03 7.287694e+03 7.261779e+03
7.353158e+03 7.265719e+03 7.282704e+03 7.336173e+03
7.404547e+03 7.266184e+03 7.280975e+03 7.389756e+03
7.268098e+03 7.266700e+03 7.281501e+03 7.253297e+03
7.314093e+03 7.267593e+03 7.311234e+03 7.270453e+03
7.559809e+03 7.310692e+03 7.446738e+03 7.423762e+03
7.721657e+03 7.461033e+03 7.645867e+03 7.536824e+03
7.727048e+03 7.617260e+03 7.734339e+03 7.609970e+03
7.648195e+03 7.707270e+03 7.726468e+03 7.628998e+03
7.631387e+03 7.740099e+03 7.666861e+03 7.704625e+03
7.588891e+03 7.699523e+03 7.504834e+03 7.783580e+03
7.343153e+03 7.538254e+03 7.286842e+03 7.594565e+03
7.187543e+03 7.368282e+03 7.187630e+03 7.368195e+03
7.195860e+03 7.267098e+03 7.191139e+03 7.271819e+03
7.148147e+03 7.226925e+03 7.222100e+03 7.152972e+03
7.135715e+03 7.221590e+03 7.251578e+03 7.105727e+03
7.003038e+03 7.232066e+03 7.273637e+03 6.961467e+03
7.124428e+03 7.246723e+03 7.287321e+03 7.083830e+03
7.308843e+03 7.259440e+03 7.294047e+03 7.274237e+03
7.449943e+03 7.268226e+03 7.300159e+03 7.418010e+03
7.410804e+03 7.273460e+03 7.306325e+03 7.377939e+03
7.315535e+03 7.276296e+03 7.289577e+03 7.302254e+03
7.296067e+03 7.277778e+03 7.256395e+03 7.317450e+03
7.171857e+03 7.278577e+03 7.229580e+03 7.220854e+03
7.301280e+03 7.279051e+03 7.212434e+03 7.367896e+03
7.391340e+03 7.279366e+03 7.202798e+03 7.467907e+03
7.255030e+03 7.279592e+03 7.220467e+03 7.314155e+03
7.103565e+03 7.279752e+03 7.256487e+03 7.126831e+03
7.239462e+03 7.279858e+03 7.286352e+03 7.232968e+03
7.270984e+03 7.279913e+03 7.302231e+03 7.248666e+03
7.326908e+03 7.279918e+03 7.307805e+03 7.299020e+03
7.551556e+03 7.279871e+03 7.307769e+03 7.523658e+03
7.529141e+03 7.279772e+03 7.305350e+03 7.503563e+03
7.276737e+03 7.279621e+03 7.302529e+03 7.253830e+03
7.214128e+03 7.279419e+03 7.303898e+03 7.189649e+03
7.226633e+03 7.279164e+03 7.307936e+03 7.197861e+03
7.466467e+03 7.278859e+03 7.290139e+03 7.455186e+03
7.320544e+03 7.278501e+03 7.256224e+03 7.342821e+03
7.090329e+03 7.278093e+03 7.228717e+03 7.139705e+03
7.054181e+03 7.277634e+03 7.210854e+03 7.120961e+03
7.183907e+03 7.277125e+03 7.200475e+03 7.260557e+03
7.202548e+03 7.276566e+03 7.217388e+03 7.261726e+03
7.346121e+03 7.275957e+03 7.252652e+03 7.369426e+03
7.415701e+03 7.275299e+03 7.281759e+03 7.409241e+03
7.377455e+03 7.274591e+03 7.296883e+03 7.355163e+03
7.266400e+03 7.273835e+03 7.301708e+03 7.238528e+03
7.158179e+03 7.273031e+03 7.300928e+03 7.130282e+03
7.349464e+03 7.272178e+03 7.297772e+03 7.323870e+03
7.209522e+03 7.271276e+03 7.294412e+03 7.186386e+03
7.283559e+03 7.270658e+03 7.319847e+03 7.234371e+03
7.652495e+03 7.312141e+03 7.451554e+03 7.513082e+03
7.720865e+03 7.460731e+03 7.647535e+03 7.534060e+03
7.653210e+03 7.615088e+03 7.733380e+03 7.534918e+03
7.722188e+03 7.703147e+03 7.723201e+03 7.702134e+03
7.578622e+03 7.733973e+03 7.661450e+03 7.651145e+03
7.579937e+03 7.691366e+03 7.497388e+03 7.773915e+03
7.492003e+03 7.528113e+03 7.277417e+03 7.742699e+03
7.157002e+03 7.356108e+03 7.176145e+03 7.336966e+03
7.057883e+03 7.252844e+03 7.177563e+03 7.133164e+03
7.049602e+03 7.210548e+03 7.206401e+03 7.053749e+03
7.087739e+03 7.203047e+03 7.233722e+03 7.057064e+03
7.133754e+03 7.211316e+03 7.253595e+03 7.091476e+03
7.073155e+03 7.223725e+03 7.265060e+03 7.031820e+03
7.065675e+03 7.234154e+03 7.269536e+03 7.030293e+03
7.262037e+03 7.240610e+03 7.273365e+03 7.229281e+03
7.219267e+03 7.243470e+03 7.277215e+03 7.185522e+03
7.183174e+03 7.243888e+03 7.258116e+03 7.168947e+03
7.232570e+03 7.242905e+03 7.222543e+03 7.252931e+03
7.228983e+03 7.241187e+03 7.193315e+03 7.276856e+03
7.140288e+03 7.239079e+03 7.173714e+03 7.205653e+03
7.220060e+03 7.236751e+03 7.161551e+03 7.295260e+03
7.157940e+03 7.234266e+03 7.176621e+03 7.215585e+03
7.169773e+03 7.231642e+03 7.209958e+03 7.191457e+03
7.312845e+03 7.228883e+03 7.237060e+03 7.304668e+03
7.308873e+03 7.225986e+03 7.250099e+03 7.284759e+03
7.532350e+03 7.222942e+03 7.252750e+03 7.502542e+03
7.401788e+03 7.219743e+03 7.249699e+03 7.371833e+03
7.350724e+03 7.216379e+03 7.244163e+03 7.322940e+03
7.261155e+03 7.212840e+03 7.238306e+03 7.235689e+03
7.196642e+03 7.209450e+03 7.261114e+03 7.144978e+03
7.504882e+03 7.248014e+03 7.390031e+03 7.362866e+03
7.648358e+03 7.393492e+03 7.582946e+03 7.458904e+03
7.594403e+03 7.544425e+03 7.665353e+03 7.473475e+03
7.599999e+03 7.628706e+03 7.651355e+03 7.577350e+03
7.498208e+03 7.655433e+03 7.575899e+03 7.577742e+03
7.335750e+03 7.608446e+03 7.472019e+03 7.472177e+03
