1.321042e+04 1.355514e+04 1.319453e+04 1.357104e+04
1.330813e+04 1.355072e+04 1.322677e+04 1.363207e+04
1.330271e+04 1.354625e+04 1.340254e+04 1.344642e+04
1.377112e+04 1.354160e+04 1.366138e+04 1.365134e+04
1.360020e+04 1.353681e+04 1.376902e+04 1.336799e+04
1.381986e+04 1.353198e+04 1.374826e+04 1.360358e+04
1.378950e+04 1.352720e+04 1.369810e+04 1.361860e+04
1.374180e+04 1.352251e+04 1.365389e+04 1.361042e+04
1.373363e+04 1.351793e+04 1.362115e+04 1.363041e+04
1.363825e+04 1.351347e+04 1.360007e+04 1.355165e+04
1.346997e+04 1.350913e+04 1.358830e+04 1.339079e+04
1.343438e+04 1.350490e+04 1.357375e+04 1.336552e+04
1.354833e+04 1.350078e+04 1.354158e+04 1.350754e+04
1.351064e+04 1.349679e+04 1.352099e+04 1.348644e+04
1.343744e+04 1.349292e+04 1.353555e+04 1.339481e+04
1.367526e+04 1.348917e+04 1.356052e+04 1.360391e+04
1.353835e+04 1.348555e+04 1.358501e+04 1.343889e+04
1.357479e+04 1.348206e+04 1.361991e+04 1.343694e+04
1.368325e+04 1.347875e+04 1.363791e+04 1.352409e+04
1.375611e+04 1.347556e+04 1.361754e+04 1.361413e+04
1.323863e+04 1.347249e+04 1.358554e+04 1.312558e+04
1.358155e+04 1.346955e+04 1.356255e+04 1.348855e+04
1.361763e+04 1.346674e+04 1.354995e+04 1.353442e+04
1.350105e+04 1.346405e+04 1.354417e+04 1.342092e+04
1.357883e+04 1.346149e+04 1.354223e+04 1.349809e+04
1.352336e+04 1.345905e+04 1.354195e+04 1.344046e+04
1.356235e+04 1.345716e+04 1.354129e+04 1.347822e+04
1.367245e+04 1.350714e+04 1.354458e+04 1.363501e+04
1.344167e+04 1.368883e+04 1.356367e+04 1.356683e+04
1.362160e+04 1.387779e+04 1.358634e+04 1.391305e+04
1.366387e+04 1.398552e+04 1.360032e+04 1.404907e+04
1.347041e+04 1.402317e+04 1.360608e+04 1.388751e+04
1.370786e+04 1.397084e+04 1.360228e+04 1.407642e+04
1.370427e+04 1.377055e+04 1.357987e+04 1.389496e+04
1.328815e+04 1.355970e+04 1.355294e+04 1.329491e+04
1.353386e+04 1.343345e+04 1.353489e+04 1.343242e+04
1.349352e+04 1.338224e+04 1.352637e+04 1.334939e+04
1.331265e+04 1.337395e+04 1.352378e+04 1.316282e+04
1.316390e+04 1.338521e+04 1.352409e+04 1.302502e+04
1.350147e+04 1.340174e+04 1.352539e+04 1.337782e+04
1.349763e+04 1.341603e+04 1.352659e+04 1.338707e+04
1.342539e+04 1.342605e+04 1.352662e+04 1.332482e+04
1.353552e+04 1.348359e+04 1.353043e+04 1.348868e+04
1.361884e+04 1.366992e+04 1.355015e+04 1.373861e+04
1.352621e+04 1.386186e+04 1.357355e+04 1.381451e+04
1.351540e+04 1.397176e+04 1.358835e+04 1.389881e+04
1.362174e+04 1.401119e+04 1.359493e+04 1.403800e+04
1.361228e+04 1.396045e+04 1.359196e+04 1.398078e+04
1.367294e+04 1.376167e+04 1.357033e+04 1.386428e+04
1.346418e+04 1.355227e+04 1.354417e+04 1.347228e+04
1.339646e+04 1.342741e+04 1.352683e+04 1.329703e+04
1.329715e+04 1.337755e+04 1.351900e+04 1.315570e+04
1.362708e+04 1.337056e+04 1.351707e+04 1.348058e+04
1.355247e+04 1.338307e+04 1.351800e+04 1.341755e+04
1.356752e+04 1.340081e+04 1.351988e+04 1.344846e+04
1.353655e+04 1.341627e+04 1.352158e+04 1.343124e+04
1.357726e+04 1.342699e+04 1.351428e+04 1.348996e+04
1.335698e+04 1.343344e+04 1.348636e+04 1.330406e+04
1.326060e+04 1.343705e+04 1.346897e+04 1.322868e+04
1.349052e+04 1.343909e+04 1.348650e+04 1.344311e+04
1.377560e+04 1.344038e+04 1.351442e+04 1.370156e+04
1.360575e+04 1.344138e+04 1.354184e+04 1.350529e+04
1.362119e+04 1.344228e+04 1.357958e+04 1.348389e+04
1.339900e+04 1.344316e+04 1.360027e+04 1.324189e+04
1.378672e+04 1.344406e+04 1.358254e+04 1.364825e+04
1.342208e+04 1.344499e+04 1.355307e+04 1.331400e+04
1.378889e+04 1.344596e+04 1.353248e+04 1.370236e+04
1.359434e+04 1.344695e+04 1.352218e+04 1.351911e+04
1.368653e+04 1.344799e+04 1.351860e+04 1.361592e+04
1.357003e+04 1.344905e+04 1.351874e+04 1.350034e+04
1.353701e+04 1.345015e+04 1.352045e+04 1.346670e+04
1.360660e+04 1.345169e+04 1.352169e+04 1.353660e+04
1.344872e+04 1.350502e+04 1.352678e+04 1.342695e+04
1.353950e+04 1.368996e+04 1.354760e+04 1.368186e+04
1.358919e+04 1.388208e+04 1.357191e+04 1.389936e+04
1.346369e+04 1.399290e+04 1.358755e+04 1.386904e+04
1.345850e+04 1.403358e+04 1.359501e+04 1.389707e+04
1.381486e+04 1.398421e+04 1.359279e+04 1.420627e+04
1.343207e+04 1.378681e+04 1.357183e+04 1.364705e+04
1.368359e+04 1.357880e+04 1.354622e+04 1.371617e+04
1.345738e+04 1.345532e+04 1.352936e+04 1.338334e+04
1.350647e+04 1.340684e+04 1.352198e+04 1.339133e+04
1.362142e+04 1.340122e+04 1.352048e+04 1.350216e+04
1.377168e+04 1.341513e+04 1.352186e+04 1.366495e+04
1.351140e+04 1.343427e+04 1.352418e+04 1.342149e+04
1.361856e+04 1.345116e+04 1.352633e+04 1.354339e+04
1.360925e+04 1.346335e+04 1.351948e+04 1.355312e+04
1.343517e+04 1.347131e+04 1.349201e+04 1.341447e+04
1.368403e+04 1.347648e+04 1.347510e+04 1.368541e+04
1.352715e+04 1.348014e+04 1.349313e+04 1.351416e+04
1.348556e+04 1.348313e+04 1.352124e+04 1.344744e+04
1.348723e+04 1.348589e+04 1.351013e+04 1.346299e+04
1.339604e+04 1.348865e+04 1.343969e+04 1.344500e+04
