6.689671e+03 6.767820e+03 6.699219e+03 6.758272e+03
6.674348e+03 6.767043e+03 6.707719e+03 6.733672e+03
6.794146e+03 6.762070e+03 6.747531e+03 6.808685e+03
6.802612e+03 6.746427e+03 6.793648e+03 6.755390e+03
6.795576e+03 6.730152e+03 6.799515e+03 6.726212e+03
6.778509e+03 6.720408e+03 6.781339e+03 6.717578e+03
6.671007e+03 6.716290e+03 6.763568e+03 6.623729e+03
6.714504e+03 6.715276e+03 6.751765e+03 6.678014e+03
6.801064e+03 6.715609e+03 6.744846e+03 6.771827e+03
6.916896e+03 6.716246e+03 6.741353e+03 6.891789e+03
6.654910e+03 6.716651e+03 6.739910e+03 6.631652e+03
6.729678e+03 6.716696e+03 6.737241e+03 6.709133e+03
6.715489e+03 6.720575e+03 6.726500e+03 6.709564e+03
6.666856e+03 6.734846e+03 6.709942e+03 6.691760e+03
6.790425e+03 6.749587e+03 6.701343e+03 6.838669e+03
6.565947e+03 6.757733e+03 6.700330e+03 6.623350e+03
6.730820e+03 6.760215e+03 6.703589e+03 6.787446e+03
6.703237e+03 6.755447e+03 6.715077e+03 6.743607e+03
6.698188e+03 6.738768e+03 6.731782e+03 6.705174e+03
6.727220e+03 6.721249e+03 6.739769e+03 6.708700e+03
6.709693e+03 6.710560e+03 6.739579e+03 6.680674e+03
6.831893e+03 6.705933e+03 6.736867e+03 6.800959e+03
6.732620e+03 6.704779e+03 6.734004e+03 6.703395e+03
6.688573e+03 6.705216e+03 6.731592e+03 6.662197e+03
6.782618e+03 6.706094e+03 6.729800e+03 6.758912e+03
6.753512e+03 6.706808e+03 6.728570e+03 6.731749e+03
6.689313e+03 6.707278e+03 6.726832e+03 6.669759e+03
6.758357e+03 6.722429e+03 6.732286e+03 6.748499e+03
6.808127e+03 6.775512e+03 6.762673e+03 6.820965e+03
6.979190e+03 6.830561e+03 6.798391e+03 7.011360e+03
6.810191e+03 6.861990e+03 6.820743e+03 6.851439e+03
6.889933e+03 6.873062e+03 6.830475e+03 6.932521e+03
6.934264e+03 6.858028e+03 6.825253e+03 6.967039e+03
6.771751e+03 6.800090e+03 6.791559e+03 6.780282e+03
6.657472e+03 6.739077e+03 6.751594e+03 6.644955e+03
6.751952e+03 6.702576e+03 6.725472e+03 6.729056e+03
6.572622e+03 6.687819e+03 6.713834e+03 6.546608e+03
6.649640e+03 6.685492e+03 6.711073e+03 6.624059e+03
6.659550e+03 6.688822e+03 6.712594e+03 6.635778e+03
6.918295e+03 6.693671e+03 6.715494e+03 6.896472e+03
6.592272e+03 6.697861e+03 6.718173e+03 6.571960e+03
6.668554e+03 6.700802e+03 6.719148e+03 6.650208e+03
6.781264e+03 6.717512e+03 6.726314e+03 6.772463e+03
6.776588e+03 6.771543e+03 6.757768e+03 6.790363e+03
6.874871e+03 6.827195e+03 6.794202e+03 6.907864e+03
6.751539e+03 6.859056e+03 6.817098e+03 6.793497e+03
6.768612e+03 6.870480e+03 6.827295e+03 6.811797e+03
6.719505e+03 6.855759e+03 6.822500e+03 6.752764e+03
6.812727e+03 6.798115e+03 6.789210e+03 6.821632e+03
6.830455e+03 6.737383e+03 6.749635e+03 6.818203e+03
6.766961e+03 6.701152e+03 6.723889e+03 6.744224e+03
6.765185e+03 6.686655e+03 6.712614e+03 6.739226e+03
6.589312e+03 6.684577e+03 6.710206e+03 6.563683e+03
6.580472e+03 6.688146e+03 6.712067e+03 6.556551e+03
6.677780e+03 6.693224e+03 6.715296e+03 6.655708e+03
6.704415e+03 6.697631e+03 6.718282e+03 6.683763e+03
6.612971e+03 6.700693e+03 6.718346e+03 6.595318e+03
6.746951e+03 6.706683e+03 6.709409e+03 6.744225e+03
6.664144e+03 6.722443e+03 6.694266e+03 6.692321e+03
6.637172e+03 6.738319e+03 6.686953e+03 6.688538e+03
6.582746e+03 6.747417e+03 6.687189e+03 6.642975e+03
6.743959e+03 6.750763e+03 6.691680e+03 6.803042e+03
6.798135e+03 6.746814e+03 6.704372e+03 6.840577e+03
6.777693e+03 6.730921e+03 6.722239e+03 6.786375e+03
6.744714e+03 6.714165e+03 6.731375e+03 6.727504e+03
6.667567e+03 6.704219e+03 6.732311e+03 6.639475e+03
6.801894e+03 6.700315e+03 6.730700e+03 6.771508e+03
6.730702e+03 6.699862e+03 6.728912e+03 6.701652e+03
6.710194e+03 6.700979e+03 6.727549e+03 6.683623e+03
6.866171e+03 6.702513e+03 6.726782e+03 6.841902e+03
6.644925e+03 6.703861e+03 6.726552e+03 6.622234e+03
6.659202e+03 6.704943e+03 6.725790e+03 6.638354e+03
6.733880e+03 6.720680e+03 6.732197e+03 6.722363e+03
6.713627e+03 6.774328e+03 6.763516e+03 6.724439e+03
6.709513e+03 6.829917e+03 6.800144e+03 6.739285e+03
6.676127e+03 6.861863e+03 6.823410e+03 6.714580e+03
6.744834e+03 6.873430e+03 6.834064e+03 6.784200e+03
6.929895e+03 6.858868e+03 6.829729e+03 6.959034e+03
6.812592e+03 6.801380e+03 6.796894e+03 6.817078e+03
6.740323e+03 6.740802e+03 6.757759e+03 6.723366e+03
6.756083e+03 6.704721e+03 6.732449e+03 6.728354e+03
6.718753e+03 6.690370e+03 6.721617e+03 6.687506e+03
6.740694e+03 6.688432e+03 6.719663e+03 6.709462e+03
6.675286e+03 6.692136e+03 6.721991e+03 6.645430e+03
6.718610e+03 6.697342e+03 6.725700e+03 6.690252e+03
6.877157e+03 6.701875e+03 6.729181e+03 6.849850e+03
6.777135e+03 6.705058e+03 6.729756e+03 6.752437e+03
6.859625e+03 6.711168e+03 6.721350e+03 6.849443e+03
6.774488e+03 6.727045e+03 6.706767e+03 6.794765e+03
6.679011e+03 6.743024e+03 6.700054e+03 6.721981e+03
6.789934e+03 6.752212e+03 6.700847e+03 6.841299e+03
6.733127e+03 6.755672e+03 6.695904e+03 6.792896e+03
6.662220e+03 6.756006e+03 6.687441e+03 6.730785e+03
