1.899345e+03 1.901660e+03 1.886914e+03 1.914092e+03
1.895377e+03 1.901041e+03 1.886432e+03 1.909986e+03
1.918685e+03 1.900418e+03 1.890151e+03 1.928952e+03
1.888885e+03 1.899772e+03 1.900970e+03 1.887687e+03
1.930977e+03 1.899108e+03 1.910185e+03 1.919899e+03
1.919511e+03 1.898441e+03 1.914021e+03 1.903930e+03
1.975346e+03 1.897782e+03 1.914277e+03 1.958852e+03
2.016513e+03 1.897138e+03 1.912857e+03 2.000794e+03
1.866838e+03 1.896511e+03 1.910842e+03 1.852507e+03
1.897684e+03 1.895901e+03 1.908833e+03 1.884752e+03
1.853455e+03 1.895308e+03 1.907105e+03 1.841659e+03
1.867959e+03 1.894740e+03 1.905119e+03 1.857579e+03
1.925183e+03 1.895099e+03 1.897739e+03 1.922542e+03
1.896161e+03 1.897789e+03 1.880198e+03 1.913752e+03
1.838750e+03 1.900622e+03 1.864443e+03 1.874929e+03
1.894587e+03 1.902044e+03 1.856253e+03 1.940378e+03
1.883918e+03 1.902249e+03 1.853961e+03 1.932207e+03
1.925100e+03 1.900889e+03 1.859935e+03 1.966054e+03
1.854801e+03 1.896948e+03 1.877262e+03 1.874487e+03
1.942648e+03 1.892836e+03 1.893003e+03 1.942481e+03
1.948491e+03 1.890227e+03 1.900921e+03 1.937797e+03
1.835329e+03 1.888951e+03 1.903160e+03 1.821119e+03
1.861517e+03 1.888444e+03 1.902507e+03 1.847454e+03
1.852043e+03 1.888297e+03 1.900688e+03 1.839652e+03
1.905477e+03 1.888258e+03 1.898706e+03 1.895028e+03
1.900438e+03 1.888194e+03 1.897049e+03 1.891583e+03
1.893096e+03 1.888120e+03 1.895766e+03 1.885450e+03
1.923334e+03 1.895179e+03 1.901735e+03 1.916778e+03
1.953778e+03 1.920486e+03 1.926367e+03 1.947897e+03
1.960753e+03 1.946775e+03 1.952643e+03 1.954884e+03
1.857893e+03 1.961763e+03 1.967858e+03 1.851797e+03
1.960321e+03 1.967004e+03 1.973366e+03 1.953959e+03
1.954998e+03 1.959739e+03 1.966550e+03 1.948187e+03
1.952817e+03 1.931913e+03 1.938955e+03 1.945774e+03
1.913287e+03 1.902618e+03 1.909341e+03 1.906564e+03
1.958994e+03 1.885077e+03 1.891309e+03 1.952762e+03
1.856336e+03 1.877963e+03 1.883834e+03 1.850464e+03
1.865579e+03 1.876810e+03 1.882477e+03 1.859912e+03
1.898417e+03 1.878374e+03 1.883942e+03 1.892849e+03
1.899830e+03 1.880669e+03 1.886201e+03 1.894297e+03
1.871540e+03 1.882651e+03 1.888180e+03 1.866011e+03
1.858414e+03 1.884038e+03 1.889452e+03 1.853001e+03
1.922026e+03 1.892030e+03 1.897030e+03 1.917026e+03
1.984790e+03 1.917913e+03 1.922646e+03 1.980057e+03
1.907554e+03 1.944577e+03 1.949560e+03 1.902571e+03
1.965078e+03 1.959839e+03 1.965241e+03 1.959676e+03
1.962479e+03 1.965308e+03 1.971137e+03 1.956650e+03
1.928386e+03 1.958247e+03 1.964674e+03 1.921960e+03
2.000254e+03 1.930614e+03 1.937414e+03 1.993454e+03
1.872958e+03 1.901503e+03 1.908121e+03 1.866340e+03
1.789843e+03 1.884139e+03 1.890401e+03 1.783581e+03
1.823248e+03 1.877196e+03 1.883230e+03 1.817214e+03
1.794813e+03 1.876208e+03 1.882168e+03 1.788853e+03
1.880517e+03 1.877929e+03 1.883918e+03 1.874528e+03
1.803542e+03 1.880376e+03 1.886455e+03 1.797463e+03
1.928631e+03 1.882504e+03 1.888700e+03 1.922435e+03
1.842439e+03 1.883980e+03 1.889709e+03 1.836711e+03
1.864255e+03 1.885772e+03 1.884474e+03 1.865554e+03
1.838226e+03 1.889480e+03 1.868519e+03 1.859187e+03
1.813802e+03 1.893095e+03 1.854039e+03 1.852858e+03
1.777832e+03 1.895176e+03 1.846963e+03 1.826044e+03
1.854544e+03 1.895979e+03 1.845707e+03 1.904815e+03
1.860337e+03 1.895184e+03 1.852673e+03 1.902849e+03
1.791955e+03 1.891784e+03 1.870947e+03 1.812792e+03
1.861935e+03 1.888197e+03 1.887619e+03 1.862513e+03
1.892508e+03 1.886097e+03 1.896451e+03 1.882155e+03
1.912113e+03 1.885319e+03 1.899589e+03 1.897843e+03
1.934738e+03 1.885296e+03 1.899820e+03 1.920213e+03
1.931294e+03 1.885617e+03 1.898869e+03 1.918042e+03
1.921540e+03 1.886033e+03 1.897739e+03 1.909833e+03
1.946298e+03 1.886411e+03 1.896920e+03 1.935788e+03
1.966228e+03 1.886764e+03 1.896461e+03 1.956531e+03
1.938644e+03 1.894236e+03 1.903239e+03 1.929642e+03
1.940906e+03 1.919944e+03 1.928667e+03 1.932183e+03
2.021882e+03 1.946619e+03 1.955726e+03 2.012774e+03
1.934934e+03 1.961980e+03 1.971714e+03 1.925200e+03
2.007051e+03 1.967587e+03 1.977999e+03 1.996640e+03
2.010564e+03 1.960677e+03 1.971952e+03 1.999289e+03
1.956602e+03 1.933194e+03 1.945119e+03 1.944677e+03
1.963694e+03 1.904233e+03 1.916259e+03 1.951668e+03
1.880052e+03 1.887015e+03 1.898973e+03 1.868094e+03
1.975785e+03 1.880216e+03 1.892243e+03 1.963759e+03
1.889406e+03 1.879371e+03 1.891628e+03 1.877148e+03
1.946389e+03 1.881234e+03 1.893838e+03 1.933785e+03
1.912668e+03 1.883822e+03 1.896849e+03 1.899641e+03
1.855034e+03 1.886091e+03 1.899582e+03 1.841543e+03
1.832569e+03 1.887712e+03 1.901099e+03 1.819182e+03
1.878123e+03 1.889650e+03 1.896393e+03 1.871380e+03
1.899534e+03 1.893508e+03 1.880995e+03 1.912047e+03
1.895954e+03 1.897274e+03 1.867114e+03 1.926114e+03
1.833700e+03 1.899509e+03 1.860678e+03 1.872530e+03
1.845912e+03 1.900470e+03 1.859595e+03 1.886786e+03
1.892625e+03 1.899839e+03 1.862224e+03 1.930240e+03
