7.831879e+03 7.883273e+03 7.830050e+03 7.885102e+03
7.778473e+03 7.883158e+03 7.835108e+03 7.826523e+03
7.930532e+03 7.881338e+03 7.855429e+03 7.956442e+03
7.934456e+03 7.875042e+03 7.878043e+03 7.931455e+03
7.813042e+03 7.868567e+03 7.880908e+03 7.800701e+03
7.688615e+03 7.864971e+03 7.872611e+03 7.680974e+03
7.774419e+03 7.863851e+03 7.865085e+03 7.773185e+03
7.921084e+03 7.864115e+03 7.860822e+03 7.924377e+03
7.888225e+03 7.865000e+03 7.859117e+03 7.894108e+03
7.962890e+03 7.866054e+03 7.859151e+03 7.969792e+03
7.818838e+03 7.867039e+03 7.860456e+03 7.825422e+03
8.034336e+03 7.868167e+03 7.895034e+03 8.007469e+03
8.196692e+03 7.905358e+03 8.056934e+03 8.045116e+03
8.411619e+03 8.034480e+03 8.304829e+03 8.141270e+03
8.299679e+03 8.168594e+03 8.425101e+03 8.043171e+03
8.475737e+03 8.245850e+03 8.426180e+03 8.295408e+03
8.298819e+03 8.274020e+03 8.360806e+03 8.212033e+03
8.222338e+03 8.239188e+03 8.168312e+03 8.293214e+03
7.922025e+03 8.100775e+03 7.897240e+03 8.125560e+03
7.819046e+03 7.954892e+03 7.762996e+03 8.010941e+03
7.763404e+03 7.868040e+03 7.755701e+03 7.875744e+03
7.709065e+03 7.833548e+03 7.787147e+03 7.755467e+03
7.669681e+03 7.828954e+03 7.820804e+03 7.677831e+03
7.678479e+03 7.837929e+03 7.847638e+03 7.668771e+03
7.744974e+03 7.850492e+03 7.865220e+03 7.730245e+03
7.850229e+03 7.861390e+03 7.874475e+03 7.837144e+03
8.001489e+03 7.868930e+03 7.878600e+03 7.991819e+03
8.052890e+03 7.875211e+03 7.874267e+03 8.053834e+03
7.767573e+03 7.883987e+03 7.851553e+03 7.800007e+03
7.795423e+03 7.891848e+03 7.826284e+03 7.860987e+03
7.858763e+03 7.896311e+03 7.811160e+03 7.943914e+03
7.863759e+03 7.898068e+03 7.805197e+03 7.956630e+03
7.895352e+03 7.896573e+03 7.810469e+03 7.981456e+03
7.906547e+03 7.889882e+03 7.835616e+03 7.960813e+03
7.792375e+03 7.882767e+03 7.863732e+03 7.811410e+03
7.869645e+03 7.878529e+03 7.881346e+03 7.866828e+03
7.897715e+03 7.876841e+03 7.888810e+03 7.885747e+03
7.949708e+03 7.876590e+03 7.890223e+03 7.936076e+03
8.051240e+03 7.876970e+03 7.888763e+03 8.039447e+03
7.986594e+03 7.877486e+03 7.886409e+03 7.977671e+03
7.839768e+03 7.877877e+03 7.884228e+03 7.833417e+03
7.929878e+03 7.878075e+03 7.882901e+03 7.925051e+03
7.963673e+03 7.879870e+03 7.876240e+03 7.967303e+03
7.943894e+03 7.886073e+03 7.852399e+03 7.977567e+03
7.788899e+03 7.892425e+03 7.826295e+03 7.855029e+03
7.735608e+03 7.895894e+03 7.810330e+03 7.821172e+03
7.720877e+03 7.896880e+03 7.803469e+03 7.814288e+03
7.742217e+03 7.894705e+03 7.807799e+03 7.829122e+03
7.837188e+03 7.887364e+03 7.831987e+03 7.892566e+03
8.010601e+03 7.879613e+03 7.859140e+03 8.031073e+03
7.848240e+03 7.874741e+03 7.875791e+03 7.847191e+03
7.849022e+03 7.872421e+03 7.882295e+03 7.839148e+03
7.824268e+03 7.871541e+03 7.882757e+03 7.813051e+03
7.812875e+03 7.871292e+03 7.880355e+03 7.803813e+03
7.804811e+03 7.871182e+03 7.877067e+03 7.798925e+03
7.747114e+03 7.870950e+03 7.874214e+03 7.743850e+03
8.036289e+03 7.870797e+03 7.904770e+03 8.002317e+03
8.174011e+03 7.906627e+03 8.063071e+03 8.017566e+03
8.420613e+03 8.034277e+03 8.307736e+03 8.147154e+03
8.206207e+03 8.166821e+03 8.425048e+03 7.947979e+03
8.546018e+03 8.242442e+03 8.423332e+03 8.365128e+03
8.246953e+03 8.268934e+03 8.355248e+03 8.160640e+03
8.366638e+03 8.232403e+03 8.160133e+03 8.438907e+03
8.065768e+03 8.092331e+03 7.886501e+03 8.271598e+03
7.640934e+03 7.944749e+03 7.749588e+03 7.836094e+03
7.637678e+03 7.856162e+03 7.739589e+03 7.754251e+03
7.626603e+03 7.819897e+03 7.768293e+03 7.678207e+03
7.731028e+03 7.813494e+03 7.799173e+03 7.745349e+03
7.786392e+03 7.820626e+03 7.823195e+03 7.783824e+03
7.632033e+03 7.831312e+03 7.837930e+03 7.625415e+03
7.701374e+03 7.840298e+03 7.844302e+03 7.697371e+03
7.858675e+03 7.845890e+03 7.845505e+03 7.859060e+03
7.708633e+03 7.850188e+03 7.838212e+03 7.720609e+03
7.790184e+03 7.856941e+03 7.812494e+03 7.834631e+03
7.705075e+03 7.862739e+03 7.784174e+03 7.783640e+03
7.963217e+03 7.865094e+03 7.765951e+03 8.062360e+03
7.699196e+03 7.864685e+03 7.756824e+03 7.807057e+03
7.788653e+03 7.860971e+03 7.758859e+03 7.890765e+03
7.754105e+03 7.852002e+03 7.780689e+03 7.825419e+03
7.753884e+03 7.842548e+03 7.805395e+03 7.791037e+03
7.803154e+03 7.835903e+03 7.819506e+03 7.819551e+03
7.835480e+03 7.831736e+03 7.823367e+03 7.843849e+03
7.983708e+03 7.828925e+03 7.821070e+03 7.991564e+03
7.927324e+03 7.826656e+03 7.815781e+03 7.938199e+03
7.984200e+03 7.824427e+03 7.809467e+03 7.999159e+03
7.860709e+03 7.821969e+03 7.803436e+03 7.879242e+03
7.835528e+03 7.819475e+03 7.830649e+03 7.824354e+03
8.086110e+03 7.852840e+03 7.985402e+03 7.953548e+03
8.285996e+03 7.977861e+03 8.226178e+03 8.037679e+03
8.220164e+03 8.107511e+03 8.339137e+03 7.988538e+03
8.342658e+03 8.179937e+03 8.332635e+03 8.189960e+03
8.183198e+03 8.202975e+03 8.254536e+03 8.131636e+03
7.926994e+03 8.164542e+03 8.139895e+03 7.951641e+03
