9.734848e+03 9.714649e+03 9.743077e+03 9.706419e+03
9.801502e+03 9.714515e+03 9.746800e+03 9.769218e+03
9.717824e+03 9.716853e+03 9.755079e+03 9.679598e+03
9.770970e+03 9.725427e+03 9.751888e+03 9.744508e+03
9.726404e+03 9.734372e+03 9.735352e+03 9.725424e+03
9.662626e+03 9.739515e+03 9.719609e+03 9.682532e+03
9.757515e+03 9.741393e+03 9.711144e+03 9.787764e+03
9.669142e+03 9.741484e+03 9.708474e+03 9.702151e+03
9.765937e+03 9.740814e+03 9.709016e+03 9.797735e+03
9.709741e+03 9.739993e+03 9.710981e+03 9.738754e+03
9.840183e+03 9.739333e+03 9.713286e+03 9.866230e+03
9.665670e+03 9.738977e+03 9.719198e+03 9.685448e+03
9.789818e+03 9.745241e+03 9.749909e+03 9.785149e+03
9.967815e+03 9.767923e+03 9.816999e+03 9.918739e+03
9.814769e+03 9.791580e+03 9.870594e+03 9.735756e+03
9.835403e+03 9.805227e+03 9.893730e+03 9.746900e+03
9.774462e+03 9.810214e+03 9.894818e+03 9.689858e+03
9.810414e+03 9.804069e+03 9.862836e+03 9.751646e+03
9.876227e+03 9.779610e+03 9.791563e+03 9.864273e+03
9.683482e+03 9.753832e+03 9.733876e+03 9.703438e+03
9.674872e+03 9.738496e+03 9.708029e+03 9.705338e+03
9.649414e+03 9.732420e+03 9.701901e+03 9.679932e+03
9.796584e+03 9.731632e+03 9.704730e+03 9.823486e+03
9.652511e+03 9.733243e+03 9.710713e+03 9.675041e+03
9.600211e+03 9.735489e+03 9.716662e+03 9.619038e+03
9.629222e+03 9.737440e+03 9.721165e+03 9.645496e+03
9.800916e+03 9.738774e+03 9.725814e+03 9.813876e+03
9.762550e+03 9.737131e+03 9.731395e+03 9.768287e+03
9.671152e+03 9.728926e+03 9.728632e+03 9.671446e+03
9.688715e+03 9.720178e+03 9.717818e+03 9.691075e+03
9.809539e+03 9.715156e+03 9.707922e+03 9.816773e+03
9.687606e+03 9.713389e+03 9.700886e+03 9.700109e+03
9.842682e+03 9.715840e+03 9.695282e+03 9.863240e+03
9.696001e+03 9.725249e+03 9.699241e+03 9.722009e+03
9.605955e+03 9.735149e+03 9.711694e+03 9.629410e+03
9.634617e+03 9.741061e+03 9.723164e+03 9.652514e+03
9.717469e+03 9.743433e+03 9.729697e+03 9.731205e+03
9.732820e+03 9.743780e+03 9.732302e+03 9.744298e+03
9.732857e+03 9.743201e+03 9.732678e+03 9.743380e+03
9.729034e+03 9.742368e+03 9.732033e+03 9.739369e+03
9.757706e+03 9.741636e+03 9.731139e+03 9.768203e+03
9.743318e+03 9.741100e+03 9.732139e+03 9.752279e+03
9.823839e+03 9.738320e+03 9.735511e+03 9.826647e+03
9.781968e+03 9.729469e+03 9.731452e+03 9.779985e+03
9.672802e+03 9.720348e+03 9.719828e+03 9.673322e+03
9.607432e+03 9.715085e+03 9.709351e+03 9.613166e+03
9.602743e+03 9.713135e+03 9.701835e+03 9.614043e+03
9.709734e+03 9.715426e+03 9.695791e+03 9.729369e+03
9.655684e+03 9.724683e+03 9.699327e+03 9.681040e+03
9.835908e+03 9.734435e+03 9.711368e+03 9.858975e+03
9.788859e+03 9.740199e+03 9.722433e+03 9.806624e+03
9.723501e+03 9.742424e+03 9.728565e+03 9.737360e+03
9.754970e+03 9.742625e+03 9.730776e+03 9.766819e+03
9.664311e+03 9.741901e+03 9.730763e+03 9.675449e+03
9.712234e+03 9.740925e+03 9.729735e+03 9.723423e+03
9.674205e+03 9.740050e+03 9.728479e+03 9.685775e+03
9.815486e+03 9.739442e+03 9.731228e+03 9.823700e+03
9.794711e+03 9.745426e+03 9.759444e+03 9.780693e+03
9.784537e+03 9.767801e+03 9.824598e+03 9.727740e+03
9.820583e+03 9.791125e+03 9.876621e+03 9.735087e+03
9.992007e+03 9.804424e+03 9.898388e+03 9.898043e+03
1.004311e+04 9.809051e+03 9.898209e+03 9.953956e+03
9.967920e+03 9.802539e+03 9.865013e+03 9.905445e+03
9.765895e+03 9.777717e+03 9.792577e+03 9.751034e+03
9.836528e+03 9.751568e+03 9.733726e+03 9.854369e+03
9.716257e+03 9.735850e+03 9.706714e+03 9.745393e+03
9.633956e+03 9.729385e+03 9.699419e+03 9.663922e+03
9.695629e+03 9.728199e+03 9.701077e+03 9.722750e+03
9.667121e+03 9.729406e+03 9.705888e+03 9.690639e+03
9.655499e+03 9.731240e+03 9.710662e+03 9.676077e+03
9.634158e+03 9.732773e+03 9.713986e+03 9.652945e+03
9.691538e+03 9.733682e+03 9.717452e+03 9.707768e+03
9.654673e+03 9.731607e+03 9.721846e+03 9.664434e+03
9.662620e+03 9.722964e+03 9.717889e+03 9.667694e+03
9.854657e+03 9.713770e+03 9.705874e+03 9.862553e+03
9.710095e+03 9.708294e+03 9.694775e+03 9.723614e+03
9.632660e+03 9.706069e+03 9.686513e+03 9.652216e+03
9.666318e+03 9.708052e+03 9.679659e+03 9.694711e+03
9.741913e+03 9.716984e+03 9.682345e+03 9.776552e+03
9.633844e+03 9.726393e+03 9.693504e+03 9.666733e+03
9.722335e+03 9.731798e+03 9.703661e+03 9.750472e+03
9.659798e+03 9.733648e+03 9.708859e+03 9.684586e+03
9.821596e+03 9.733456e+03 9.710103e+03 9.844949e+03
9.722410e+03 9.732321e+03 9.709086e+03 9.745645e+03
9.752986e+03 9.730915e+03 9.707010e+03 9.776891e+03
9.736914e+03 9.729590e+03 9.704658e+03 9.761846e+03
9.717817e+03 9.728510e+03 9.706258e+03 9.740069e+03
9.781114e+03 9.733996e+03 9.733263e+03 9.781847e+03
9.832701e+03 9.755841e+03 9.797120e+03 9.791422e+03
9.832159e+03 9.778586e+03 9.847712e+03 9.763033e+03
9.774477e+03 9.791247e+03 9.867889e+03 9.697835e+03
9.890859e+03 9.795165e+03 9.862897e+03 9.823128e+03
9.707853e+03 9.785459e+03 9.839020e+03 9.654292e+03
