1.173697e+03 1.093109e+03 1.085476e+03 1.181330e+03
1.032442e+03 1.092668e+03 1.076010e+03 1.049100e+03
1.058521e+03 1.091496e+03 1.045408e+03 1.104610e+03
9.832578e+02 1.088464e+03 1.024961e+03 1.046761e+03
1.059007e+03 1.085311e+03 1.040453e+03 1.103865e+03
1.128923e+03 1.083288e+03 1.067242e+03 1.144969e+03
1.119704e+03 1.082243e+03 1.085402e+03 1.116545e+03
1.167278e+03 1.081742e+03 1.093842e+03 1.155178e+03
9.928489e+02 1.081482e+03 1.096117e+03 9.782139e+02
1.097681e+03 1.081283e+03 1.095043e+03 1.083921e+03
1.053103e+03 1.081052e+03 1.092575e+03 1.041579e+03
1.170545e+03 1.080766e+03 1.087051e+03 1.164259e+03
1.131578e+03 1.081152e+03 1.074041e+03 1.138690e+03
9.520416e+02 1.083347e+03 1.062935e+03 9.724545e+02
1.113697e+03 1.085632e+03 1.064346e+03 1.134984e+03
9.839327e+02 1.086783e+03 1.071176e+03 9.995404e+02
1.154568e+03 1.086962e+03 1.079291e+03 1.162239e+03
1.070889e+03 1.085894e+03 1.092751e+03 1.064032e+03
1.040937e+03 1.082775e+03 1.103072e+03 1.020639e+03
1.091901e+03 1.079518e+03 1.100238e+03 1.071182e+03
1.160872e+03 1.077454e+03 1.091769e+03 1.146556e+03
1.134642e+03 1.076448e+03 1.085022e+03 1.126069e+03
1.093078e+03 1.076053e+03 1.081076e+03 1.088055e+03
1.002338e+03 1.075942e+03 1.079124e+03 9.991561e+02
1.071323e+03 1.075916e+03 1.078391e+03 1.068849e+03
1.154054e+03 1.075871e+03 1.078273e+03 1.151652e+03
1.007539e+03 1.075821e+03 1.078888e+03 1.004472e+03
1.024208e+03 1.081915e+03 1.087422e+03 1.018701e+03
1.098909e+03 1.103721e+03 1.112429e+03 1.090200e+03
1.259940e+03 1.126372e+03 1.136209e+03 1.250103e+03
1.076308e+03 1.139294e+03 1.148673e+03 1.066929e+03
1.254229e+03 1.143825e+03 1.151959e+03 1.246095e+03
1.066555e+03 1.137588e+03 1.142842e+03 1.061302e+03
1.084138e+03 1.113650e+03 1.115360e+03 1.082427e+03
1.137530e+03 1.088447e+03 1.088772e+03 1.137205e+03
1.214338e+03 1.073361e+03 1.073956e+03 1.213743e+03
1.104016e+03 1.067251e+03 1.068444e+03 1.102823e+03
9.879796e+02 1.066272e+03 1.067944e+03 9.863072e+02
1.195905e+03 1.067630e+03 1.069611e+03 1.193925e+03
1.111132e+03 1.069618e+03 1.071750e+03 1.109000e+03
1.070277e+03 1.071335e+03 1.073510e+03 1.068102e+03
1.001125e+03 1.072540e+03 1.075203e+03 9.984621e+02
1.042077e+03 1.079429e+03 1.084336e+03 1.037170e+03
1.106229e+03 1.101720e+03 1.109717e+03 1.098232e+03
1.193439e+03 1.124683e+03 1.133781e+03 1.184341e+03
1.201764e+03 1.137830e+03 1.146499e+03 1.193095e+03
1.175591e+03 1.142546e+03 1.150027e+03 1.168110e+03
1.038855e+03 1.136474e+03 1.141145e+03 1.034184e+03
1.179644e+03 1.112692e+03 1.113893e+03 1.178442e+03
9.841540e+02 1.087637e+03 1.087527e+03 9.842645e+02
1.033237e+03 1.072695e+03 1.072926e+03 1.033006e+03
1.176723e+03 1.066723e+03 1.067621e+03 1.175825e+03
1.037623e+03 1.065878e+03 1.067323e+03 1.036178e+03
1.041634e+03 1.067365e+03 1.069182e+03 1.039816e+03
9.523241e+02 1.069476e+03 1.071508e+03 9.502918e+02
1.026288e+03 1.071312e+03 1.073419e+03 1.024180e+03
1.005100e+03 1.072586e+03 1.071741e+03 1.005945e+03
1.004173e+03 1.074072e+03 1.061568e+03 1.016677e+03
1.138703e+03 1.077052e+03 1.052403e+03 1.163352e+03
1.092369e+03 1.079944e+03 1.055154e+03 1.117159e+03
9.015352e+02 1.081610e+03 1.062982e+03 9.201631e+02
1.054559e+03 1.082259e+03 1.071918e+03 1.064899e+03
1.083730e+03 1.081637e+03 1.086114e+03 1.079253e+03
1.228012e+03 1.078945e+03 1.097123e+03 1.209835e+03
1.085336e+03 1.076105e+03 1.094950e+03 1.066490e+03
1.002879e+03 1.074447e+03 1.087124e+03 9.902011e+02
1.055800e+03 1.073837e+03 1.081002e+03 1.048636e+03
1.101182e+03 1.073828e+03 1.077664e+03 1.097345e+03
1.072317e+03 1.074093e+03 1.076306e+03 1.070104e+03
1.241481e+03 1.074433e+03 1.076150e+03 1.239764e+03
9.772056e+02 1.074742e+03 1.076595e+03 9.753534e+02
1.092218e+03 1.075037e+03 1.077757e+03 1.089499e+03
1.065056e+03 1.081464e+03 1.086822e+03 1.059699e+03
1.151650e+03 1.103594e+03 1.112348e+03 1.142896e+03
1.080891e+03 1.126558e+03 1.136631e+03 1.070818e+03
1.074299e+03 1.139784e+03 1.149566e+03 1.064516e+03
1.082067e+03 1.144611e+03 1.153315e+03 1.073362e+03
1.237433e+03 1.138661e+03 1.144670e+03 1.231424e+03
1.049376e+03 1.115002e+03 1.117662e+03 1.046716e+03
1.158694e+03 1.090071e+03 1.091549e+03 1.157216e+03
9.942670e+02 1.075250e+03 1.077200e+03 9.923176e+02
1.108214e+03 1.069399e+03 1.072138e+03 1.105475e+03
1.030058e+03 1.068674e+03 1.072078e+03 1.026655e+03
9.733879e+02 1.070281e+03 1.074174e+03 9.694946e+02
1.093795e+03 1.072512e+03 1.076738e+03 1.089568e+03
1.137636e+03 1.074469e+03 1.078893e+03 1.133212e+03
1.004872e+03 1.075866e+03 1.077465e+03 1.003273e+03
1.223389e+03 1.077477e+03 1.067553e+03 1.233312e+03
1.032830e+03 1.080586e+03 1.058672e+03 1.054744e+03
1.036710e+03 1.083608e+03 1.061728e+03 1.058590e+03
1.198179e+03 1.085407e+03 1.069943e+03 1.213643e+03
1.086987e+03 1.086199e+03 1.087969e+03 1.085216e+03
1.125340e+03 1.086448e+03 1.101669e+03 1.110119e+03
