9.952124e+03 9.819052e+03 9.847914e+03 9.923262e+03
9.836157e+03 9.818784e+03 9.851641e+03 9.803299e+03
9.814235e+03 9.818536e+03 9.865052e+03 9.767719e+03
9.891644e+03 9.818300e+03 9.874192e+03 9.835752e+03
9.878322e+03 9.818075e+03 9.867038e+03 9.829359e+03
9.944199e+03 9.817867e+03 9.854508e+03 9.907558e+03
9.888294e+03 9.817676e+03 9.845666e+03 9.860305e+03
9.897717e+03 9.817505e+03 9.841105e+03 9.874117e+03
9.887678e+03 9.817353e+03 9.839285e+03 9.865747e+03
9.876229e+03 9.817218e+03 9.838970e+03 9.854477e+03
9.876239e+03 9.817099e+03 9.839309e+03 9.854029e+03
9.826145e+03 9.817060e+03 9.842552e+03 9.800653e+03
9.835769e+03 9.825353e+03 9.841366e+03 9.819757e+03
9.769784e+03 9.854808e+03 9.807748e+03 9.816845e+03
9.734600e+03 9.885431e+03 9.760261e+03 9.859769e+03
9.745080e+03 9.902996e+03 9.726613e+03 9.921463e+03
9.718308e+03 9.909288e+03 9.708244e+03 9.919353e+03
9.644551e+03 9.901107e+03 9.705755e+03 9.839903e+03
9.690814e+03 9.869125e+03 9.741173e+03 9.818767e+03
9.805710e+03 9.835433e+03 9.792186e+03 9.848956e+03
9.774767e+03 9.815316e+03 9.829023e+03 9.761061e+03
9.766292e+03 9.807242e+03 9.846620e+03 9.726914e+03
9.779392e+03 9.806046e+03 9.851439e+03 9.734000e+03
9.813677e+03 9.807976e+03 9.849756e+03 9.771898e+03
9.886485e+03 9.810738e+03 9.845690e+03 9.851533e+03
9.838085e+03 9.813123e+03 9.841607e+03 9.809600e+03
9.849929e+03 9.814760e+03 9.838937e+03 9.825751e+03
9.873146e+03 9.818332e+03 9.842409e+03 9.849069e+03
9.903246e+03 9.828123e+03 9.856633e+03 9.874736e+03
9.855516e+03 9.838016e+03 9.870286e+03 9.823246e+03
9.871372e+03 9.843648e+03 9.877268e+03 9.837752e+03
9.888782e+03 9.845654e+03 9.878837e+03 9.855599e+03
9.892943e+03 9.843057e+03 9.872846e+03 9.863155e+03
9.930395e+03 9.832925e+03 9.855947e+03 9.907374e+03
9.854160e+03 9.822244e+03 9.840024e+03 9.836380e+03
9.795818e+03 9.815850e+03 9.831374e+03 9.780294e+03
9.738957e+03 9.813259e+03 9.828275e+03 9.723940e+03
9.784628e+03 9.812838e+03 9.828113e+03 9.769353e+03
9.835773e+03 9.813401e+03 9.829203e+03 9.819972e+03
9.820986e+03 9.814222e+03 9.830550e+03 9.804657e+03
9.751227e+03 9.814918e+03 9.831663e+03 9.734481e+03
9.743963e+03 9.815387e+03 9.832837e+03 9.726513e+03
9.827635e+03 9.818261e+03 9.838754e+03 9.807142e+03
9.980380e+03 9.827667e+03 9.854413e+03 9.953634e+03
9.939830e+03 9.837350e+03 9.868910e+03 9.908269e+03
9.846186e+03 9.842853e+03 9.876435e+03 9.812604e+03
9.762819e+03 9.844766e+03 9.878411e+03 9.729174e+03
9.773375e+03 9.842088e+03 9.872769e+03 9.742694e+03
9.919193e+03 9.831877e+03 9.856195e+03 9.894875e+03
9.876595e+03 9.821117e+03 9.840588e+03 9.857125e+03
9.903408e+03 9.814643e+03 9.832247e+03 9.885805e+03
9.790417e+03 9.811970e+03 9.829454e+03 9.772933e+03
9.729653e+03 9.811466e+03 9.829595e+03 9.711524e+03
9.840873e+03 9.811943e+03 9.830983e+03 9.821833e+03
9.825742e+03 9.812676e+03 9.832624e+03 9.805794e+03
9.915395e+03 9.813284e+03 9.834047e+03 9.894631e+03
9.823917e+03 9.813706e+03 9.837941e+03 9.799683e+03
9.804832e+03 9.822218e+03 9.837300e+03 9.789751e+03
9.801024e+03 9.851713e+03 9.804288e+03 9.848450e+03
9.718939e+03 9.882267e+03 9.757505e+03 9.843701e+03
9.660183e+03 9.899704e+03 9.724635e+03 9.835253e+03
9.705856e+03 9.905836e+03 9.707087e+03 9.904604e+03
9.760143e+03 9.897476e+03 9.705442e+03 9.952177e+03
9.775474e+03 9.865316e+03 9.741686e+03 9.899104e+03
9.769101e+03 9.831431e+03 9.793533e+03 9.806999e+03
9.803966e+03 9.811107e+03 9.831213e+03 9.783860e+03
9.914188e+03 9.802812e+03 9.849661e+03 9.867339e+03
9.861602e+03 9.801383e+03 9.855336e+03 9.807649e+03
9.896966e+03 9.803067e+03 9.854516e+03 9.845517e+03
9.789293e+03 9.805569e+03 9.851318e+03 9.743544e+03
9.815245e+03 9.807682e+03 9.848109e+03 9.774818e+03
9.873252e+03 9.809034e+03 9.846317e+03 9.835969e+03
9.768977e+03 9.812308e+03 9.850673e+03 9.730612e+03
9.845571e+03 9.821787e+03 9.865788e+03 9.801570e+03
9.867129e+03 9.831355e+03 9.880339e+03 9.818144e+03
9.890527e+03 9.836647e+03 9.888236e+03 9.838938e+03
9.888033e+03 9.838298e+03 9.890735e+03 9.835595e+03
9.829592e+03 9.835330e+03 9.885678e+03 9.779244e+03
9.854876e+03 9.824810e+03 9.869721e+03 9.809965e+03
9.898292e+03 9.813723e+03 9.854751e+03 9.857264e+03
9.843269e+03 9.806905e+03 9.847073e+03 9.803102e+03
9.925172e+03 9.803870e+03 9.844969e+03 9.884074e+03
9.826279e+03 9.802984e+03 9.845828e+03 9.783435e+03
9.874817e+03 9.803060e+03 9.847966e+03 9.829910e+03
9.825050e+03 9.803369e+03 9.850392e+03 9.778027e+03
9.860748e+03 9.803529e+03 9.852636e+03 9.811641e+03
9.864825e+03 9.803479e+03 9.857389e+03 9.810916e+03
9.887035e+03 9.811492e+03 9.857647e+03 9.840880e+03
9.857459e+03 9.840452e+03 9.825581e+03 9.872331e+03
9.824532e+03 9.870413e+03 9.779823e+03 9.915122e+03
9.782628e+03 9.887191e+03 9.748050e+03 9.921768e+03
9.726740e+03 9.892604e+03 9.727764e+03 9.891579e+03
9.814329e+03 9.883475e+03 9.732239e+03 9.965565e+03
