9.902195e+03 9.905561e+03 9.918489e+03 9.889266e+03
9.999667e+03 9.904893e+03 9.926347e+03 9.978213e+03
9.907434e+03 9.904234e+03 9.947997e+03 9.863670e+03
9.937775e+03 9.903563e+03 9.954669e+03 9.886669e+03
9.938934e+03 9.902884e+03 9.932832e+03 9.908985e+03
9.839253e+03 9.902211e+03 9.906516e+03 9.834948e+03
1.000775e+04 9.901556e+03 9.890701e+03 1.001861e+04
9.844590e+03 9.900924e+03 9.884553e+03 9.860961e+03
9.895514e+03 9.900316e+03 9.884116e+03 9.911714e+03
9.902838e+03 9.899733e+03 9.886489e+03 9.916082e+03
9.976502e+03 9.899172e+03 9.889788e+03 9.985886e+03
9.849381e+03 9.898678e+03 9.896083e+03 9.851977e+03
9.912914e+03 9.903701e+03 9.920678e+03 9.895937e+03
1.005969e+04 9.922716e+03 9.970036e+03 1.001237e+04
9.976297e+03 9.942515e+03 1.000770e+04 9.911115e+03
9.957787e+03 9.953703e+03 1.002312e+04 9.888366e+03
9.940748e+03 9.957459e+03 1.002292e+04 9.875285e+03
1.001732e+04 9.951667e+03 9.998757e+03 9.970232e+03
9.955674e+03 9.930174e+03 9.947740e+03 9.938108e+03
9.839089e+03 9.907564e+03 9.908392e+03 9.838261e+03
9.855977e+03 9.893936e+03 9.892153e+03 9.857761e+03
9.884147e+03 9.888277e+03 9.889337e+03 9.883086e+03
9.970467e+03 9.887175e+03 9.892270e+03 9.965373e+03
9.821057e+03 9.888152e+03 9.897047e+03 9.812162e+03
9.778279e+03 9.889693e+03 9.901579e+03 9.766392e+03
9.804341e+03 9.890999e+03 9.904995e+03 9.790344e+03
1.004745e+04 9.891870e+03 9.909201e+03 1.003012e+04
9.913320e+03 9.899767e+03 9.910699e+03 9.902388e+03
9.817590e+03 9.926363e+03 9.892209e+03 9.851744e+03
9.864152e+03 9.953832e+03 9.864195e+03 9.953789e+03
9.917010e+03 9.969488e+03 9.844011e+03 1.004249e+04
9.831401e+03 9.974984e+03 9.832892e+03 9.973493e+03
9.967924e+03 9.967471e+03 9.830846e+03 1.010455e+04
9.847678e+03 9.938589e+03 9.851843e+03 9.934424e+03
9.765384e+03 9.908174e+03 9.883319e+03 9.790239e+03
9.798255e+03 9.889963e+03 9.906701e+03 9.781518e+03
9.982705e+03 9.882579e+03 9.918309e+03 9.946976e+03
9.883139e+03 9.881383e+03 9.921941e+03 9.842580e+03
9.875722e+03 9.883002e+03 9.921448e+03 9.837277e+03
9.912931e+03 9.885375e+03 9.919374e+03 9.878932e+03
1.001781e+04 9.887418e+03 9.917211e+03 9.988012e+03
9.933592e+03 9.888837e+03 9.917551e+03 9.904879e+03
1.003140e+04 9.897111e+03 9.916649e+03 1.001186e+04
9.941735e+03 9.923967e+03 9.896716e+03 9.968986e+03
9.796206e+03 9.951627e+03 9.867781e+03 9.880052e+03
9.734393e+03 9.967438e+03 9.846932e+03 9.854899e+03
9.755124e+03 9.973069e+03 9.835260e+03 9.892934e+03
9.923855e+03 9.965680e+03 9.832712e+03 1.005682e+04
9.788559e+03 9.936913e+03 9.853231e+03 9.872241e+03
9.967671e+03 9.906606e+03 9.884244e+03 9.990033e+03
9.946833e+03 9.888497e+03 9.907174e+03 9.928157e+03
9.909608e+03 9.881208e+03 9.918339e+03 9.872477e+03
1.000524e+04 9.880100e+03 9.921540e+03 9.963803e+03
9.830071e+03 9.881802e+03 9.920624e+03 9.791250e+03
9.960608e+03 9.884252e+03 9.918137e+03 9.926722e+03
9.850560e+03 9.886365e+03 9.915581e+03 9.821344e+03
1.002366e+04 9.887832e+03 9.916770e+03 9.994719e+03
9.978794e+03 9.894169e+03 9.937505e+03 9.935458e+03
9.938829e+03 9.914052e+03 9.984063e+03 9.868819e+03
9.931632e+03 9.934461e+03 1.001962e+04 9.846475e+03
1.013582e+04 9.946124e+03 1.003333e+04 1.004861e+04
1.017384e+04 9.950284e+03 1.003161e+04 1.009252e+04
1.008123e+04 9.944861e+03 1.000602e+04 1.002008e+04
9.937293e+03 9.923715e+03 9.953649e+03 9.907360e+03
9.952743e+03 9.901431e+03 9.912974e+03 9.941200e+03
9.977262e+03 9.888109e+03 9.895422e+03 9.969950e+03
9.794661e+03 9.882737e+03 9.891305e+03 9.786093e+03
9.897549e+03 9.881903e+03 9.892948e+03 9.886505e+03
9.823891e+03 9.883130e+03 9.896447e+03 9.810574e+03
9.836669e+03 9.884901e+03 9.899713e+03 9.821857e+03
9.828310e+03 9.886418e+03 9.901872e+03 9.812857e+03
9.865413e+03 9.887482e+03 9.904832e+03 9.848063e+03
9.857224e+03 9.895553e+03 9.905093e+03 9.847683e+03
9.803968e+03 9.922303e+03 9.885374e+03 9.840897e+03
9.991055e+03 9.949907e+03 9.856137e+03 1.008483e+04
9.852593e+03 9.965680e+03 9.834753e+03 9.983520e+03
9.768748e+03 9.971278e+03 9.822422e+03 9.917604e+03
9.841111e+03 9.963847e+03 9.819146e+03 9.985812e+03
9.863327e+03 9.935030e+03 9.838901e+03 9.959455e+03
9.787767e+03 9.904661e+03 9.869123e+03 9.823305e+03
9.989455e+03 9.886478e+03 9.891247e+03 9.984686e+03
9.808297e+03 9.879102e+03 9.901594e+03 9.785805e+03
1.002240e+04 9.877895e+03 9.903958e+03 9.996337e+03
9.870661e+03 9.879485e+03 9.902181e+03 9.847965e+03
1.001458e+04 9.881811e+03 9.898803e+03 9.997587e+03
9.884533e+03 9.883787e+03 9.895319e+03 9.873000e+03
9.985363e+03 9.885104e+03 9.895540e+03 9.974927e+03
9.923873e+03 9.891279e+03 9.915261e+03 9.899891e+03
9.958587e+03 9.910982e+03 9.960735e+03 9.908834e+03
1.005751e+04 9.931179e+03 9.995107e+03 9.993579e+03
9.938971e+03 9.942593e+03 1.000748e+04 9.874086e+03
9.991120e+03 9.946475e+03 9.997541e+03 9.940055e+03
9.839693e+03 9.940750e+03 9.976223e+03 9.804220e+03
