7.831879e+03 7.852078e+03 7.830050e+03 7.853907e+03
7.778473e+03 7.851824e+03 7.835108e+03 7.795189e+03
7.930532e+03 7.851702e+03 7.855429e+03 7.926806e+03
7.934456e+03 7.851702e+03 7.878043e+03 7.908115e+03
7.813042e+03 7.851814e+03 7.880908e+03 7.783948e+03
7.688615e+03 7.852029e+03 7.872611e+03 7.668032e+03
7.774419e+03 7.852337e+03 7.865085e+03 7.761671e+03
7.921084e+03 7.852730e+03 7.860822e+03 7.912992e+03
7.888225e+03 7.853199e+03 7.859117e+03 7.882306e+03
7.962890e+03 7.853735e+03 7.859151e+03 7.957473e+03
7.818838e+03 7.854330e+03 7.860456e+03 7.812713e+03
8.034336e+03 7.855361e+03 7.895034e+03 7.994663e+03
8.196692e+03 7.905080e+03 8.056934e+03 8.044838e+03
8.411619e+03 8.078517e+03 8.304829e+03 8.185307e+03
8.299679e+03 8.258744e+03 8.425101e+03 8.133322e+03
8.475737e+03 8.362582e+03 8.426180e+03 8.412139e+03
8.298819e+03 8.400453e+03 8.360806e+03 8.338466e+03
8.222338e+03 8.353644e+03 8.168312e+03 8.407670e+03
7.922025e+03 8.167601e+03 7.897240e+03 8.192386e+03
7.819046e+03 7.971518e+03 7.762996e+03 8.027568e+03
7.763404e+03 7.854790e+03 7.755701e+03 7.862493e+03
7.709065e+03 7.808446e+03 7.787147e+03 7.730364e+03
7.669681e+03 7.802291e+03 7.820804e+03 7.651167e+03
7.678479e+03 7.814376e+03 7.847638e+03 7.645218e+03
7.744974e+03 7.831285e+03 7.865220e+03 7.711038e+03
7.850229e+03 7.845955e+03 7.874475e+03 7.821709e+03
8.001489e+03 7.856091e+03 7.878600e+03 7.978980e+03
8.052890e+03 7.862129e+03 7.874267e+03 8.040752e+03
7.767573e+03 7.865401e+03 7.851553e+03 7.781421e+03
7.795423e+03 7.867111e+03 7.826284e+03 7.836250e+03
7.858763e+03 7.868032e+03 7.811160e+03 7.915636e+03
7.863759e+03 7.868579e+03 7.805197e+03 7.927140e+03
7.895352e+03 7.868942e+03 7.810469e+03 7.953824e+03
7.906547e+03 7.869203e+03 7.835616e+03 7.940133e+03
7.792375e+03 7.869387e+03 7.863732e+03 7.798030e+03
7.869645e+03 7.869510e+03 7.881346e+03 7.857808e+03
7.897715e+03 7.869574e+03 7.888810e+03 7.878479e+03
7.949708e+03 7.869579e+03 7.890223e+03 7.929065e+03
8.051240e+03 7.869524e+03 7.888763e+03 8.032001e+03
7.986594e+03 7.869410e+03 7.886409e+03 7.969595e+03
7.839768e+03 7.869237e+03 7.884228e+03 7.824776e+03
7.929878e+03 7.869003e+03 7.882901e+03 7.915980e+03
7.963673e+03 7.868710e+03 7.876240e+03 7.956143e+03
7.943894e+03 7.868357e+03 7.852399e+03 7.959852e+03
7.788899e+03 7.867945e+03 7.826295e+03 7.830549e+03
7.735608e+03 7.867474e+03 7.810330e+03 7.792752e+03
7.720877e+03 7.866945e+03 7.803469e+03 7.784353e+03
7.742217e+03 7.866357e+03 7.807799e+03 7.800775e+03
7.837188e+03 7.865712e+03 7.831987e+03 7.870914e+03
8.010601e+03 7.865009e+03 7.859140e+03 8.016470e+03
7.848240e+03 7.864250e+03 7.875791e+03 7.836699e+03
7.849022e+03 7.863434e+03 7.882295e+03 7.830161e+03
7.824268e+03 7.862562e+03 7.882757e+03 7.804073e+03
7.812875e+03 7.861634e+03 7.880355e+03 7.794154e+03
7.804811e+03 7.860649e+03 7.877067e+03 7.788393e+03
7.747114e+03 7.859609e+03 7.874214e+03 7.732509e+03
8.036289e+03 7.858897e+03 7.904770e+03 7.990416e+03
8.174011e+03 7.906752e+03 8.063071e+03 8.017692e+03
8.420613e+03 8.078168e+03 8.307736e+03 8.191046e+03
8.206207e+03 8.256237e+03 8.425048e+03 8.037396e+03
8.546018e+03 8.357825e+03 8.423332e+03 8.480511e+03
8.246953e+03 8.393386e+03 8.355248e+03 8.285091e+03
8.366638e+03 8.344234e+03 8.160133e+03 8.550738e+03
8.065768e+03 8.155901e+03 7.886501e+03 8.335168e+03
7.640934e+03 7.957473e+03 7.749588e+03 7.848818e+03
7.637678e+03 7.838346e+03 7.739589e+03 7.736436e+03
7.626603e+03 7.789552e+03 7.768293e+03 7.647862e+03
7.731028e+03 7.780899e+03 7.799173e+03 7.712754e+03
7.786392e+03 7.790439e+03 7.823195e+03 7.753636e+03
7.632033e+03 7.804754e+03 7.837930e+03 7.598857e+03
7.701374e+03 7.816784e+03 7.844302e+03 7.673857e+03
7.858675e+03 7.824232e+03 7.845505e+03 7.837401e+03
7.708633e+03 7.827532e+03 7.838212e+03 7.697953e+03
7.790184e+03 7.828014e+03 7.812494e+03 7.805704e+03
7.705075e+03 7.826880e+03 7.784174e+03 7.747781e+03
7.963217e+03 7.824898e+03 7.765951e+03 8.022164e+03
7.699196e+03 7.822467e+03 7.756824e+03 7.764839e+03
7.788653e+03 7.819781e+03 7.758859e+03 7.849575e+03
7.754105e+03 7.816914e+03 7.780689e+03 7.790331e+03
7.753884e+03 7.813887e+03 7.805395e+03 7.762376e+03
7.803154e+03 7.810704e+03 7.819506e+03 7.794352e+03
7.835480e+03 7.807362e+03 7.823367e+03 7.819475e+03
7.983708e+03 7.803850e+03 7.821070e+03 7.966489e+03
7.927324e+03 7.800160e+03 7.815781e+03 7.911702e+03
7.984200e+03 7.796279e+03 7.809467e+03 7.971011e+03
7.860709e+03 7.792197e+03 7.803436e+03 7.849470e+03
7.835528e+03 7.788286e+03 7.830649e+03 7.793165e+03
8.086110e+03 7.832774e+03 7.985402e+03 7.933482e+03
8.285996e+03 8.000600e+03 8.226178e+03 8.060418e+03
8.220164e+03 8.174720e+03 8.339137e+03 8.055747e+03
8.342658e+03 8.271949e+03 8.332635e+03 8.281972e+03
8.183198e+03 8.302781e+03 8.254536e+03 8.231442e+03
7.926994e+03 8.248576e+03 8.139895e+03 8.035675e+03
