7.831879e+03 7.872740e+03 7.830050e+03 7.874568e+03
7.778473e+03 7.872303e+03 7.835108e+03 7.815668e+03
7.930532e+03 7.871958e+03 7.855429e+03 7.947062e+03
7.934456e+03 7.871688e+03 7.878043e+03 7.928101e+03
7.813042e+03 7.871489e+03 7.880908e+03 7.803623e+03
7.688615e+03 7.871361e+03 7.872611e+03 7.687365e+03
7.774419e+03 7.871302e+03 7.865085e+03 7.780636e+03
7.921084e+03 7.871308e+03 7.860822e+03 7.931571e+03
7.888225e+03 7.871374e+03 7.859117e+03 7.900482e+03
7.962890e+03 7.871495e+03 7.859151e+03 7.975233e+03
7.818838e+03 7.871664e+03 7.860456e+03 7.830047e+03
8.034336e+03 7.872147e+03 7.895034e+03 8.011449e+03
8.196692e+03 7.907066e+03 8.056934e+03 8.046824e+03
8.411619e+03 8.029473e+03 8.304829e+03 8.136263e+03
8.299679e+03 8.156688e+03 8.425101e+03 8.031265e+03
8.475737e+03 8.229895e+03 8.426180e+03 8.279452e+03
8.298819e+03 8.256464e+03 8.360806e+03 8.194477e+03
8.222338e+03 8.223162e+03 8.168312e+03 8.277188e+03
7.922025e+03 8.091418e+03 7.897240e+03 8.116203e+03
7.819046e+03 7.952582e+03 7.762996e+03 8.008632e+03
7.763404e+03 7.869865e+03 7.755701e+03 7.877568e+03
7.709065e+03 7.836924e+03 7.787147e+03 7.758842e+03
7.669681e+03 7.832408e+03 7.820804e+03 7.681285e+03
7.678479e+03 7.840798e+03 7.847638e+03 7.671640e+03
7.744974e+03 7.852606e+03 7.865220e+03 7.732359e+03
7.850229e+03 7.862838e+03 7.874475e+03 7.838592e+03
8.001489e+03 7.869895e+03 7.878600e+03 7.992785e+03
8.052890e+03 7.877063e+03 7.874267e+03 8.055686e+03
7.767573e+03 7.889912e+03 7.851553e+03 7.805932e+03
7.795423e+03 7.902078e+03 7.826284e+03 7.871217e+03
7.858763e+03 7.908977e+03 7.811160e+03 7.956580e+03
7.863759e+03 7.911546e+03 7.805197e+03 7.970108e+03
7.895352e+03 7.908769e+03 7.810469e+03 7.993651e+03
7.906547e+03 7.897339e+03 7.835616e+03 7.968269e+03
7.792375e+03 7.885243e+03 7.863732e+03 7.813886e+03
7.869645e+03 7.878009e+03 7.881346e+03 7.866308e+03
7.897715e+03 7.875085e+03 7.888810e+03 7.883991e+03
7.949708e+03 7.874608e+03 7.890223e+03 7.934094e+03
8.051240e+03 7.875222e+03 7.888763e+03 8.037699e+03
7.986594e+03 7.876100e+03 7.886409e+03 7.976285e+03
7.839768e+03 7.876806e+03 7.884228e+03 7.832345e+03
7.929878e+03 7.877221e+03 7.882901e+03 7.924198e+03
7.963673e+03 7.880351e+03 7.876240e+03 7.967784e+03
7.943894e+03 7.890906e+03 7.852399e+03 7.982400e+03
7.788899e+03 7.901744e+03 7.826295e+03 7.864348e+03
7.735608e+03 7.907784e+03 7.810330e+03 7.833062e+03
7.720877e+03 7.909696e+03 7.803469e+03 7.827104e+03
7.742217e+03 7.906339e+03 7.807799e+03 7.840756e+03
7.837188e+03 7.894356e+03 7.831987e+03 7.899558e+03
8.010601e+03 7.881717e+03 7.859140e+03 8.033177e+03
7.848240e+03 7.873940e+03 7.875791e+03 7.846389e+03
7.849022e+03 7.870472e+03 7.882295e+03 7.837199e+03
7.824268e+03 7.869450e+03 7.882757e+03 7.810960e+03
7.812875e+03 7.869519e+03 7.880355e+03 7.802039e+03
7.804811e+03 7.869852e+03 7.877067e+03 7.797595e+03
7.747114e+03 7.870012e+03 7.874214e+03 7.742912e+03
8.036289e+03 7.870130e+03 7.904770e+03 8.001649e+03
8.174011e+03 7.904343e+03 8.063071e+03 8.015282e+03
8.420613e+03 8.025762e+03 8.307736e+03 8.138639e+03
8.206207e+03 8.151794e+03 8.425048e+03 7.932953e+03
8.546018e+03 8.223702e+03 8.423332e+03 8.346388e+03
8.246953e+03 8.248906e+03 8.355248e+03 8.140611e+03
8.366638e+03 8.214202e+03 8.160133e+03 8.420706e+03
8.065768e+03 8.081082e+03 7.886501e+03 8.260349e+03
7.640934e+03 7.940824e+03 7.749588e+03 7.832169e+03
7.637678e+03 7.856642e+03 7.739589e+03 7.754732e+03
7.626603e+03 7.822196e+03 7.768293e+03 7.680506e+03
7.731028e+03 7.816135e+03 7.799173e+03 7.747990e+03
7.786392e+03 7.822940e+03 7.823195e+03 7.786138e+03
7.632033e+03 7.833124e+03 7.837930e+03 7.627228e+03
7.701374e+03 7.841695e+03 7.844302e+03 7.698767e+03
7.858675e+03 7.847050e+03 7.845505e+03 7.860220e+03
7.708633e+03 7.852477e+03 7.838212e+03 7.722898e+03
7.790184e+03 7.863541e+03 7.812494e+03 7.841232e+03
7.705075e+03 7.873879e+03 7.784174e+03 7.794781e+03
7.963217e+03 7.878904e+03 7.765951e+03 8.076170e+03
7.699196e+03 7.879544e+03 7.756824e+03 7.821915e+03
7.788653e+03 7.874782e+03 7.758859e+03 7.904576e+03
7.754105e+03 7.861309e+03 7.780689e+03 7.834725e+03
7.753884e+03 7.847106e+03 7.805395e+03 7.795595e+03
7.803154e+03 7.837695e+03 7.819506e+03 7.821343e+03
7.835480e+03 7.832521e+03 7.823367e+03 7.844634e+03
7.983708e+03 7.829712e+03 7.821070e+03 7.992351e+03
7.927324e+03 7.827909e+03 7.815781e+03 7.939452e+03
7.984200e+03 7.826275e+03 7.809467e+03 8.001007e+03
7.860709e+03 7.824368e+03 7.803436e+03 7.881641e+03
7.835528e+03 7.822309e+03 7.830649e+03 7.827188e+03
8.086110e+03 7.854228e+03 7.985402e+03 7.954937e+03
8.285996e+03 7.973199e+03 8.226178e+03 8.033017e+03
8.220164e+03 8.096533e+03 8.339137e+03 7.977560e+03
8.342658e+03 8.165457e+03 8.332635e+03 8.175480e+03
8.183198e+03 8.187419e+03 8.254536e+03 8.116080e+03
7.926994e+03 8.149250e+03 8.139895e+03 7.936349e+03
