0.5 1.114048e+04 9.806449e+03 9.801899e+03 1.113593e+04
1.5 7.952289e+03 9.905121e+03 9.878823e+03 7.925992e+03
2.5 1.030852e+04 1.021754e+04 1.017463e+04 1.026561e+04
3.5 1.109298e+04 1.051827e+04 1.048400e+04 1.105871e+04
4.5 1.252130e+04 1.067524e+04 1.065887e+04 1.250492e+04
5.5 1.133580e+04 1.072145e+04 1.071789e+04 1.133225e+04
6.5 9.442605e+03 1.071049e+04 1.071341e+04 9.445525e+03
7.5 8.066228e+03 1.067655e+04 1.068185e+04 8.071526e+03
8.5 1.232803e+04 1.063259e+04 1.064408e+04 1.233952e+04
9.5 1.095870e+04 1.049367e+04 1.052590e+04 1.099092e+04
10.5 1.190092e+04 1.015052e+04 1.019804e+04 1.194843e+04
11.5 1.063118e+04 9.828179e+03 9.865971e+03 1.066897e+04
12.5 9.799475e+03 9.654836e+03 9.674111e+03 9.818750e+03
13.5 9.276411e+03 9.594987e+03 9.601106e+03 9.282530e+03
14.5 1.006628e+04 9.593867e+03 9.593312e+03 1.006573e+04
15.5 1.090554e+04 9.616760e+03 9.613691e+03 1.090247e+04
16.5 7.257431e+03 9.650420e+03 9.641060e+03 7.248070e+03
17.5 8.566420e+03 9.779644e+03 9.749466e+03 8.536242e+03
18.5 9.133814e+03 1.011363e+04 1.006809e+04 9.088276e+03
19.5 9.580255e+03 1.042728e+04 1.039140e+04 9.544369e+03
20.5 8.776982e+03 1.059239e+04 1.057496e+04 8.759550e+03
21.5 8.299028e+03 1.064443e+04 1.064010e+04 8.294691e+03
22.5 1.124713e+04 1.063815e+04 1.064043e+04 1.124942e+04
23.5 9.865783e+03 1.060823e+04 1.061297e+04 9.870526e+03
24.5 1.260157e+04 1.056789e+04 1.057887e+04 1.261255e+04
25.5 9.364730e+03 1.043235e+04 1.046410e+04 9.396481e+03
0.5 7.257431e+03 9.650420e+03 9.641060e+03 7.248070e+03
1.5 8.566420e+03 9.779644e+03 9.749466e+03 8.536242e+03
2.5 9.133814e+03 1.011363e+04 1.006809e+04 9.088276e+03
3.5 9.580255e+03 1.042728e+04 1.039140e+04 9.544369e+03
4.5 8.776982e+03 1.059239e+04 1.057496e+04 8.759550e+03
5.5 8.299028e+03 1.064443e+04 1.064010e+04 8.294691e+03
6.5 1.124713e+04 1.063815e+04 1.064043e+04 1.124942e+04
7.5 9.865783e+03 1.060823e+04 1.061297e+04 9.870526e+03
8.5 1.260157e+04 1.056789e+04 1.057887e+04 1.261255e+04
9.5 9.364730e+03 1.043235e+04 1.046410e+04 9.396481e+03
10.5 1.243360e+04 1.009240e+04 1.013946e+04 1.248066e+04
11.5 1.101440e+04 9.773115e+03 9.810475e+03 1.105176e+04
12.5 9.407578e+03 9.602711e+03 9.621572e+03 9.426439e+03
13.5 1.137379e+04 9.545683e+03 9.551404e+03 1.137952e+04
14.5 9.215436e+03 9.547283e+03 9.546342e+03 9.214495e+03
15.5 9.021348e+03 9.572828e+03 9.569384e+03 9.017903e+03
16.5 1.053702e+04 9.609069e+03 9.599344e+03 1.052730e+04
17.5 1.250239e+04 9.740777e+03 9.710249e+03 1.247186e+04
18.5 1.041933e+04 1.007713e+04 1.003126e+04 1.037346e+04
19.5 1.075279e+04 1.039305e+04 1.035685e+04 1.071659e+04
20.5 1.194199e+04 1.056031e+04 1.054257e+04 1.192426e+04
21.5 1.139733e+04 1.061439e+04 1.060977e+04 1.139271e+04
22.5 9.459762e+03 1.061003e+04 1.061205e+04 9.461775e+03
23.5 1.211042e+04 1.058191e+04 1.058640e+04 1.211492e+04
24.5 1.176880e+04 1.054325e+04 1.055400e+04 1.177955e+04
25.5 1.111209e+04 1.040929e+04 1.044081e+04 1.114362e+04
0.5 1.053702e+04 9.609069e+03 9.599344e+03 1.052730e+04
1.5 1.250239e+04 9.740777e+03 9.710249e+03 1.247186e+04
2.5 1.041933e+04 1.007713e+04 1.003126e+04 1.037346e+04
3.5 1.075279e+04 1.039305e+04 1.035685e+04 1.071659e+04
4.5 1.194199e+04 1.056031e+04 1.054257e+04 1.192426e+04
5.5 1.139733e+04 1.061439e+04 1.060977e+04 1.139271e+04
6.5 9.459762e+03 1.061003e+04 1.061205e+04 9.461775e+03
7.5 1.211042e+04 1.058191e+04 1.058640e+04 1.211492e+04
8.5 1.176880e+04 1.054325e+04 1.055400e+04 1.177955e+04
9.5 1.111209e+04 1.040929e+04 1.044081e+04 1.114362e+04
10.5 6.754798e+03 1.007083e+04 1.011768e+04 6.801651e+03
11.5 8.099668e+03 9.752955e+03 9.790117e+03 8.136830e+03
12.5 9.196053e+03 9.583885e+03 9.602559e+03 9.214727e+03
13.5 7.719507e+03 9.528118e+03 9.533662e+03 7.725052e+03
14.5 1.241387e+04 9.530915e+03 9.529805e+03 1.241276e+04
15.5 1.045053e+04 9.557603e+03 9.554001e+03 1.044693e+04
16.5 8.181712e+03 9.594877e+03 9.585009e+03 8.171845e+03
17.5 8.677292e+03 9.727524e+03 9.696866e+03 8.646634e+03
18.5 1.022616e+04 1.006474e+04 1.001875e+04 1.018017e+04
19.5 1.094379e+04 1.038144e+04 1.034513e+04 1.090747e+04
20.5 1.067533e+04 1.054941e+04 1.053158e+04 1.065749e+04
21.5 1.227086e+04 1.060414e+04 1.059943e+04 1.226615e+04
22.5 1.095440e+04 1.060039e+04 1.060232e+04 1.095633e+04
23.5 1.003775e+04 1.057284e+04 1.057725e+04 1.004216e+04
24.5 1.202902e+04 1.053476e+04 1.054543e+04 1.203969e+04
25.5 1.016950e+04 1.040135e+04 1.043280e+04 1.020095e+04
0.5 8.181712e+03 9.594877e+03 9.585009e+03 8.171845e+03
1.5 8.677292e+03 9.727524e+03 9.696866e+03 8.646634e+03
2.5 1.022616e+04 1.006474e+04 1.001875e+04 1.018017e+04
3.5 1.094379e+04 1.038144e+04 1.034513e+04 1.090747e+04
4.5 1.067533e+04 1.054941e+04 1.053158e+04 1.065749e+04
5.5 1.227086e+04 1.060414e+04 1.059943e+04 1.226615e+04
6.5 1.095440e+04 1.060039e+04 1.060232e+04 1.095633e+04
7.5 1.003775e+04 1.057284e+04 1.057725e+04 1.004216e+04
8.5 1.202902e+04 1.053476e+04 1.054543e+04 1.203969e+04
9.5 1.016950e+04 1.040135e+04 1.043280e+04 1.020095e+04
10.5 1.111352e+04 1.006342e+04 1.011020e+04 1.116030e+04
11.5 1.058489e+04 9.746027e+03 9.783123e+03 1.062198e+04
12.5 8.006646e+03 9.577402e+03 9.596014e+03 8.025259e+03
13.5 8.213947e+03 9.522039e+03 9.527528e+03 8.219436e+03
14.5 7.194744e+03 9.525186e+03 9.524031e+03 7.193589e+03
15.5 8.466253e+03 9.552136e+03 9.548498e+03 8.462615e+03
16.5 1.030801e+04 9.589635e+03 9.579738e+03 1.029811e+04
17.5 1.005559e+04 9.722465e+03 9.691787e+03 1.002491e+04
18.5 1.067873e+04 1.005977e+04 1.001376e+04 1.063273e+04
19.5 7.890388e+03 1.037653e+04 1.034021e+04 7.854069e+03
20.5 1.059852e+04 1.054453e+04 1.052670e+04 1.058069e+04
21.5 1.153792e+04 1.059927e+04 1.059456e+04 1.153321e+04
22.5 9.833009e+03 1.059548e+04 1.059742e+04 9.834943e+03
23.5 7.559621e+03 1.056788e+04 1.057230e+04 7.564040e+03
24.5 9.597192e+03 1.052971e+04 1.054039e+04 9.607875e+03
25.5 9.267039e+03 1.039617e+04 1.042764e+04 9.298510e+03
0.5 1.030801e+04 9.589635e+03 9.579738e+03 1.029811e+04
1.5 1.005559e+04 9.722465e+03 9.691787e+03 1.002491e+04
2.5 1.067873e+04 1.005977e+04 1.001376e+04 1.063273e+04
3.5 7.890388e+03 1.037653e+04 1.034021e+04 7.854069e+03
4.5 1.059852e+04 1.054453e+04 1.052670e+04 1.058069e+04
5.5 1.153792e+04 1.059927e+04 1.059456e+04 1.153321e+04
6.5 9.833009e+03 1.059548e+04 1.059742e+04 9.834943e+03
7.5 7.559621e+03 1.056788e+04 1.057230e+04 7.564040e+03
8.5 9.597192e+03 1.052971e+04 1.054039e+04 9.607875e+03
9.5 9.267039e+03 1.039617e+04 1.042764e+04 9.298510e+03
10.5 9.806039e+03 1.005808e+04 1.010488e+04 9.852843e+03
11.5 1.157830e+04 9.740501e+03 9.777625e+03 1.161542e+04
12.5 1.170304e+04 9.571652e+03 9.590298e+03 1.172168e+04
13.5 1.260852e+04 9.516043e+03 9.521567e+03 1.261404e+04
14.5 8.722350e+03 9.518941e+03 9.517822e+03 8.721231e+03
15.5 8.865898e+03 9.545629e+03 9.542030e+03 8.862300e+03
16.5 8.468993e+03 9.582829e+03 9.572977e+03 8.459141e+03
17.5 8.836555e+03 9.715311e+03 9.684682e+03 8.805926e+03
18.5 1.006624e+04 1.005226e+04 1.000631e+04 1.002029e+04
19.5 1.223569e+04 1.036861e+04 1.033235e+04 1.219943e+04
20.5 1.211779e+04 1.053611e+04 1.051835e+04 1.210003e+04
21.5 1.018866e+04 1.059028e+04 1.058566e+04 1.018403e+04
22.5 8.290990e+03 1.058584e+04 1.058787e+04 8.293021e+03
23.5 1.007613e+04 1.055751e+04 1.056204e+04 1.008066e+04
24.5 8.235837e+03 1.051855e+04 1.052935e+04 8.246634e+03
25.5 1.122823e+04 1.038418e+04 1.041578e+04 1.125983e+04
0.5 8.468993e+03 9.582829e+03 9.572977e+03 8.459141e+03
1.5 8.836555e+03 9.715311e+03 9.684682e+03 8.805926e+03
2.5 1.006624e+04 1.005226e+04 1.000631e+04 1.002029e+04
3.5 1.223569e+04 1.036861e+04 1.033235e+04 1.219943e+04
4.5 1.211779e+04 1.053611e+04 1.051835e+04 1.210003e+04
5.5 1.018866e+04 1.059028e+04 1.058566e+04 1.018403e+04
6.5 8.290990e+03 1.058584e+04 1.058787e+04 8.293021e+03
7.5 1.007613e+04 1.055751e+04 1.056204e+04 1.008066e+04
8.5 8.235837e+03 1.051855e+04 1.052935e+04 8.246634e+03
9.5 1.122823e+04 1.038418e+04 1.041578e+04 1.125983e+04
10.5 1.105946e+04 1.004520e+04 1.009214e+04 1.110639e+04
11.5 8.558619e+03 9.726683e+03 9.763944e+03 8.595881e+03
12.5 8.526329e+03 9.556835e+03 9.575627e+03 8.545122e+03
13.5 9.014902e+03 9.500153e+03 9.505836e+03 9.020586e+03
14.5 7.207614e+03 9.501871e+03 9.500927e+03 7.206670e+03
15.5 8.992772e+03 9.527264e+03 9.523856e+03 8.989365e+03
16.5 1.068694e+04 9.563068e+03 9.553420e+03 1.067729e+04
17.5 1.057742e+04 9.694062e+03 9.663650e+03 1.054701e+04
18.5 1.187122e+04 1.002944e+04 9.983720e+03 1.182550e+04
19.5 1.210961e+04 1.034412e+04 1.030811e+04 1.207360e+04
20.5 1.267587e+04 1.050988e+04 1.049237e+04 1.265836e+04
21.5 7.928905e+03 1.056223e+04 1.055786e+04 7.924540e+03
22.5 9.885884e+03 1.055594e+04 1.055824e+04 9.888180e+03
23.5 1.180169e+04 1.052574e+04 1.053054e+04 1.180649e+04
24.5 8.737208e+03 1.048485e+04 1.049593e+04 8.748286e+03
25.5 1.224362e+04 1.034846e+04 1.038035e+04 1.227551e+04
0.5 1.068694e+04 9.563068e+03 9.553420e+03 1.067729e+04
1.5 1.057742e+04 9.694062e+03 9.663650e+03 1.054701e+04
2.5 1.187122e+04 1.002944e+04 9.983720e+03 1.182550e+04
3.5 1.210961e+04 1.034412e+04 1.030811e+04 1.207360e+04
4.5 1.267587e+04 1.050988e+04 1.049237e+04 1.265836e+04
5.5 7.928905e+03 1.056223e+04 1.055786e+04 7.924540e+03
6.5 9.885884e+03 1.055594e+04 1.055824e+04 9.888180e+03
7.5 1.180169e+04 1.052574e+04 1.053054e+04 1.180649e+04
8.5 8.737208e+03 1.048485e+04 1.049593e+04 8.748286e+03
9.5 1.224362e+04 1.034846e+04 1.038035e+04 1.227551e+04
10.5 1.090215e+04 1.000735e+04 1.005460e+04 1.094939e+04
11.5 9.976299e+03 9.686582e+03 9.724173e+03 1.001389e+04
12.5 8.968664e+03 9.514351e+03 9.533493e+03 8.987806e+03
13.5 1.046332e+04 9.455109e+03 9.461173e+03 1.046939e+04
14.5 1.049265e+04 9.453995e+03 9.453471e+03 1.049213e+04
15.5 9.222531e+03 9.476270e+03 9.473320e+03 9.219581e+03
16.5 8.197843e+03 9.508716e+03 9.499558e+03 8.188685e+03
17.5 8.454929e+03 9.636158e+03 9.606262e+03 8.425033e+03
18.5 1.121606e+04 9.967811e+03 9.922633e+03 1.117089e+04
19.5 1.182005e+04 1.027860e+04 1.024316e+04 1.178460e+04
20.5 8.525381e+03 1.044032e+04 1.042339e+04 8.508456e+03
21.5 1.067645e+04 1.048852e+04 1.048474e+04 1.067268e+04
22.5 1.109546e+04 1.047817e+04 1.048104e+04 1.109834e+04
23.5 1.064234e+04 1.044398e+04 1.044935e+04 1.064771e+04
24.5 1.070714e+04 1.039909e+04 1.041075e+04 1.071879e+04
0.5 8.197843e+03 9.508716e+03 9.499558e+03 8.188685e+03
1.5 8.454929e+03 9.636158e+03 9.606262e+03 8.425033e+03
2.5 1.121606e+04 9.967811e+03 9.922633e+03 1.117089e+04
3.5 1.182005e+04 1.027860e+04 1.024316e+04 1.178460e+04
4.5 8.525381e+03 1.044032e+04 1.042339e+04 8.508456e+03
5.5 1.067645e+04 1.048852e+04 1.048474e+04 1.067268e+04
6.5 1.109546e+04 1.047817e+04 1.048104e+04 1.109834e+04
7.5 1.064234e+04 1.044398e+04 1.044935e+04 1.064771e+04
8.5 1.070714e+04 1.039909e+04 1.041075e+04 1.071879e+04
