0.5 8.797575e+03 9.728408e+03 9.968456e+03 9.037623e+03
1.5 1.053988e+04 9.807844e+03 9.978385e+03 1.071042e+04
2.5 9.907526e+03 1.008272e+04 9.985970e+03 9.810779e+03
3.5 9.374979e+03 1.035831e+04 9.982024e+03 8.998691e+03
4.5 1.220761e+04 1.050815e+04 9.973854e+03 1.167332e+04
5.5 1.205330e+04 1.055563e+04 9.968002e+03 1.146567e+04
6.5 1.131420e+04 1.054862e+04 9.965046e+03 1.073063e+04
7.5 8.099497e+03 1.051902e+04 9.963959e+03 7.544440e+03
8.5 1.196826e+04 1.048206e+04 9.961133e+03 1.144733e+04
9.5 1.020657e+04 1.036581e+04 9.951666e+03 9.792424e+03
10.5 1.133261e+04 1.006258e+04 9.944686e+03 1.121472e+04
11.5 9.263363e+03 9.766971e+03 9.949124e+03 9.445517e+03
12.5 1.036026e+04 9.602063e+03 9.957578e+03 1.071578e+04
13.5 9.232121e+03 9.542104e+03 9.963584e+03 9.653601e+03
14.5 9.300937e+03 9.538108e+03 9.966632e+03 9.729460e+03
15.5 9.690574e+03 9.557670e+03 9.967779e+03 1.010068e+04
16.5 7.392953e+03 9.585273e+03 9.970652e+03 7.778332e+03
17.5 1.036134e+04 9.692732e+03 9.980157e+03 1.064876e+04
18.5 9.962348e+03 9.987645e+03 9.987170e+03 9.961873e+03
19.5 1.036582e+04 1.027538e+04 9.982762e+03 1.007321e+04
20.5 8.904719e+03 1.043281e+04 9.974337e+03 8.446246e+03
21.5 9.766818e+03 1.048569e+04 9.968358e+03 9.249486e+03
22.5 1.022694e+04 1.048297e+04 9.965336e+03 9.709306e+03
23.5 9.899903e+03 1.045703e+04 9.964213e+03 9.407082e+03
24.5 1.094484e+04 1.042338e+04 9.961364e+03 1.048283e+04
25.5 9.356860e+03 1.031018e+04 9.951882e+03 8.998558e+03
0.5 7.392953e+03 9.585273e+03 9.970652e+03 7.778332e+03
1.5 1.036134e+04 9.692732e+03 9.980157e+03 1.064876e+04
2.5 9.962348e+03 9.987645e+03 9.987170e+03 9.961873e+03
3.5 1.036582e+04 1.027538e+04 9.982762e+03 1.007321e+04
4.5 8.904719e+03 1.043281e+04 9.974337e+03 8.446246e+03
5.5 9.766818e+03 1.048569e+04 9.968358e+03 9.249486e+03
6.5 1.022694e+04 1.048297e+04 9.965336e+03 9.709306e+03
7.5 9.899903e+03 1.045703e+04 9.964213e+03 9.407082e+03
8.5 1.094484e+04 1.042338e+04 9.961364e+03 1.048283e+04
9.5 9.356860e+03 1.031018e+04 9.951882e+03 8.998558e+03
10.5 1.140622e+04 1.000986e+04 9.944892e+03 1.134125e+04
11.5 1.014888e+04 9.717023e+03 9.949321e+03 1.038117e+04
12.5 8.256738e+03 9.554779e+03 9.957767e+03 8.659725e+03
13.5 1.059563e+04 9.497376e+03 9.963766e+03 1.106202e+04
14.5 9.329784e+03 9.495843e+03 9.966808e+03 9.800749e+03
15.5 1.007774e+04 9.517807e+03 9.967951e+03 1.052788e+04
16.5 9.451069e+03 9.547746e+03 9.970818e+03 9.874142e+03
17.5 1.052038e+04 9.657455e+03 9.980316e+03 1.084324e+04
18.5 9.595228e+03 9.954521e+03 9.987322e+03 9.628029e+03
19.5 1.067440e+04 1.024430e+04 9.982907e+03 1.041301e+04
20.5 1.088304e+04 1.040369e+04 9.974475e+03 1.045383e+04
21.5 1.012116e+04 1.045842e+04 9.968489e+03 9.631233e+03
22.5 9.188697e+03 1.045745e+04 9.965459e+03 8.696709e+03
23.5 1.180123e+04 1.043314e+04 9.964327e+03 1.133242e+04
24.5 1.048480e+04 1.040101e+04 9.961471e+03 1.004526e+04
25.5 1.110848e+04 1.028925e+04 9.951983e+03 1.077121e+04
0.5 9.451069e+03 9.547746e+03 9.970818e+03 9.874142e+03
1.5 1.052038e+04 9.657455e+03 9.980316e+03 1.084324e+04
2.5 9.595228e+03 9.954521e+03 9.987322e+03 9.628029e+03
3.5 1.067440e+04 1.024430e+04 9.982907e+03 1.041301e+04
4.5 1.088304e+04 1.040369e+04 9.974475e+03 1.045383e+04
5.5 1.012116e+04 1.045842e+04 9.968489e+03 9.631233e+03
6.5 9.188697e+03 1.045745e+04 9.965459e+03 8.696709e+03
7.5 1.180123e+04 1.043314e+04 9.964327e+03 1.133242e+04
8.5 1.048480e+04 1.040101e+04 9.961471e+03 1.004526e+04
9.5 1.110848e+04 1.028925e+04 9.951983e+03 1.077121e+04
10.5 9.889075e+03 9.990273e+03 9.944987e+03 9.843789e+03
11.5 8.765721e+03 9.698718e+03 9.949411e+03 9.016415e+03
12.5 9.164326e+03 9.537685e+03 9.957852e+03 9.584493e+03
13.5 8.198437e+03 9.481425e+03 9.963847e+03 8.680859e+03
14.5 1.010027e+04 9.480978e+03 9.966885e+03 1.058618e+04
15.5 1.107623e+04 9.503979e+03 9.968023e+03 1.154027e+04
16.5 9.985470e+03 9.534858e+03 9.970883e+03 1.042150e+04
17.5 9.592009e+03 9.645422e+03 9.980375e+03 9.926963e+03
18.5 1.087646e+04 9.943269e+03 9.987376e+03 1.092056e+04
19.5 1.059735e+04 1.023376e+04 9.982957e+03 1.034655e+04
20.5 1.085837e+04 1.039380e+04 9.974520e+03 1.043909e+04
21.5 1.094993e+04 1.044912e+04 9.968530e+03 1.046934e+04
22.5 1.005925e+04 1.044869e+04 9.965498e+03 9.576058e+03
23.5 1.157852e+04 1.042491e+04 9.964365e+03 1.111797e+04
24.5 9.695232e+03 1.039330e+04 9.961508e+03 9.263439e+03
25.5 1.090167e+04 1.028204e+04 9.952019e+03 1.057164e+04
0.5 9.985470e+03 9.534858e+03 9.970883e+03 1.042150e+04
1.5 9.592009e+03 9.645422e+03 9.980375e+03 9.926963e+03
2.5 1.087646e+04 9.943269e+03 9.987376e+03 1.092056e+04
3.5 1.059735e+04 1.023376e+04 9.982957e+03 1.034655e+04
4.5 1.085837e+04 1.039380e+04 9.974520e+03 1.043909e+04
5.5 1.094993e+04 1.044912e+04 9.968530e+03 1.046934e+04
6.5 1.005925e+04 1.044869e+04 9.965498e+03 9.576058e+03
7.5 1.157852e+04 1.042491e+04 9.964365e+03 1.111797e+04
8.5 9.695232e+03 1.039330e+04 9.961508e+03 9.263439e+03
9.5 1.090167e+04 1.028204e+04 9.952019e+03 1.057164e+04
10.5 1.096384e+04 9.983544e+03 9.945020e+03 1.092532e+04
11.5 1.005168e+04 9.692428e+03 9.949442e+03 1.030869e+04
12.5 9.776786e+03 9.531799e+03 9.957880e+03 1.020287e+04
13.5 9.270365e+03 9.475908e+03 9.963872e+03 9.758329e+03
14.5 8.162910e+03 9.475781e+03 9.966906e+03 8.654034e+03
15.5 8.620434e+03 9.499023e+03 9.968039e+03 9.089449e+03
16.5 1.036250e+04 9.530108e+03 9.970897e+03 1.080329e+04
17.5 8.700862e+03 9.640842e+03 9.980385e+03 9.040405e+03
18.5 9.833163e+03 9.938771e+03 9.987382e+03 9.881773e+03
19.5 8.978984e+03 1.022932e+04 9.982960e+03 8.732622e+03
20.5 9.712612e+03 1.038939e+04 9.974522e+03 9.297746e+03
21.5 1.020816e+04 1.044471e+04 9.968529e+03 9.731975e+03
22.5 1.005888e+04 1.044426e+04 9.965495e+03 9.580112e+03
23.5 9.386104e+03 1.042043e+04 9.964361e+03 8.930034e+03
24.5 1.050840e+04 1.038874e+04 9.961501e+03 1.008117e+04
25.5 1.107671e+04 1.027737e+04 9.952010e+03 1.075135e+04
0.5 1.036250e+04 9.530108e+03 9.970897e+03 1.080329e+04
1.5 8.700862e+03 9.640842e+03 9.980385e+03 9.040405e+03
2.5 9.833163e+03 9.938771e+03 9.987382e+03 9.881773e+03
3.5 8.978984e+03 1.022932e+04 9.982960e+03 8.732622e+03
4.5 9.712612e+03 1.038939e+04 9.974522e+03 9.297746e+03
5.5 1.020816e+04 1.044471e+04 9.968529e+03 9.731975e+03
6.5 1.005888e+04 1.044426e+04 9.965495e+03 9.580112e+03
7.5 9.386104e+03 1.042043e+04 9.964361e+03 8.930034e+03
8.5 1.050840e+04 1.038874e+04 9.961501e+03 1.008117e+04
9.5 1.107671e+04 1.027737e+04 9.952010e+03 1.075135e+04
10.5 9.974988e+03 9.978733e+03 9.945009e+03 9.941265e+03
11.5 9.614747e+03 9.687448e+03 9.949429e+03 9.876728e+03
12.5 9.274777e+03 9.526619e+03 9.957865e+03 9.706024e+03
13.5 1.047477e+04 9.470506e+03 9.963856e+03 1.096812e+04
14.5 9.596886e+03 9.470155e+03 9.966889e+03 1.009362e+04
15.5 8.670950e+03 9.493161e+03 9.968021e+03 9.145810e+03
16.5 8.627962e+03 9.523979e+03 9.970876e+03 9.074860e+03
17.5 9.343994e+03 9.634400e+03 9.980362e+03 9.689957e+03
18.5 1.052707e+04 9.932016e+03 9.987357e+03 1.058242e+04
19.5 1.132164e+04 1.022219e+04 9.982931e+03 1.108238e+04
20.5 1.121408e+04 1.038181e+04 9.974488e+03 1.080675e+04
21.5 1.017050e+04 1.043663e+04 9.968490e+03 9.702356e+03
22.5 7.641574e+03 1.043560e+04 9.965451e+03 7.171429e+03
23.5 1.034881e+04 1.041111e+04 9.964312e+03 9.902013e+03
24.5 8.898626e+03 1.037871e+04 9.961449e+03 8.481363e+03
25.5 1.069280e+04 1.026659e+04 9.951954e+03 1.037816e+04
0.5 8.627962e+03 9.523979e+03 9.970876e+03 9.074860e+03
1.5 9.343994e+03 9.634400e+03 9.980362e+03 9.689957e+03
2.5 1.052707e+04 9.932016e+03 9.987357e+03 1.058242e+04
3.5 1.132164e+04 1.022219e+04 9.982931e+03 1.108238e+04
4.5 1.121408e+04 1.038181e+04 9.974488e+03 1.080675e+04
5.5 1.017050e+04 1.043663e+04 9.968490e+03 9.702356e+03
6.5 7.641574e+03 1.043560e+04 9.965451e+03 7.171429e+03
7.5 1.034881e+04 1.041111e+04 9.964312e+03 9.902013e+03
8.5 8.898626e+03 1.037871e+04 9.961449e+03 8.481363e+03
9.5 1.069280e+04 1.026659e+04 9.951954e+03 1.037816e+04
10.5 9.746322e+03 9.967155e+03 9.944950e+03 9.724118e+03
11.5 9.790987e+03 9.675023e+03 9.949366e+03 1.006533e+04
12.5 8.906995e+03 9.513296e+03 9.957798e+03 9.351498e+03
13.5 8.615273e+03 9.456219e+03 9.963783e+03 9.122837e+03
14.5 9.216683e+03 9.454808e+03 9.966809e+03 9.728683e+03
15.5 9.715502e+03 9.476652e+03 9.967934e+03 1.020678e+04
16.5 9.675478e+03 9.506214e+03 9.970783e+03 1.014005e+04
17.5 1.213994e+04 9.615296e+03 9.980263e+03 1.250491e+04
18.5 1.056912e+04 9.911495e+03 9.987252e+03 1.064488e+04
19.5 1.071021e+04 1.020017e+04 9.982820e+03 1.049285e+04
20.5 1.126068e+04 1.035822e+04 9.974372e+03 1.087683e+04
21.5 1.077576e+04 1.041140e+04 9.968371e+03 1.033274e+04
22.5 9.795470e+03 1.040870e+04 9.965330e+03 9.352103e+03
23.5 9.710432e+03 1.038253e+04 9.964188e+03 9.292095e+03
24.5 8.585654e+03 1.034839e+04 9.961321e+03 8.198587e+03
25.5 1.115364e+04 1.023445e+04 9.951820e+03 1.087101e+04
0.5 9.675478e+03 9.506214e+03 9.970783e+03 1.014005e+04
1.5 1.213994e+04 9.615296e+03 9.980263e+03 1.250491e+04
2.5 1.056912e+04 9.911495e+03 9.987252e+03 1.064488e+04
3.5 1.071021e+04 1.020017e+04 9.982820e+03 1.049285e+04
4.5 1.126068e+04 1.035822e+04 9.974372e+03 1.087683e+04
5.5 1.077576e+04 1.041140e+04 9.968371e+03 1.033274e+04
6.5 9.795470e+03 1.040870e+04 9.965330e+03 9.352103e+03
7.5 9.710432e+03 1.038253e+04 9.964188e+03 9.292095e+03
8.5 8.585654e+03 1.034839e+04 9.961321e+03 8.198587e+03
9.5 1.115364e+04 1.023445e+04 9.951820e+03 1.087101e+04
10.5 1.014114e+04 9.933095e+03 9.944808e+03 1.015285e+04
11.5 9.081963e+03 9.638936e+03 9.949216e+03 9.392243e+03
12.5 1.017766e+04 9.475064e+03 9.957639e+03 1.066024e+04
13.5 9.422414e+03 9.415688e+03 9.963610e+03 9.970335e+03
14.5 9.694881e+03 9.411737e+03 9.966618e+03 1.024976e+04
15.5 9.254377e+03 9.430779e+03 9.967725e+03 9.791323e+03
16.5 1.010954e+04 9.457322e+03 9.970560e+03 1.062278e+04
17.5 8.127979e+03 9.563206e+03 9.980027e+03 8.544800e+03
18.5 8.734047e+03 9.856050e+03 9.987005e+03 8.865002e+03
19.5 1.094403e+04 1.014123e+04 9.982563e+03 1.078537e+04
20.5 9.784969e+03 1.029563e+04 9.974105e+03 9.463447e+03
21.5 1.046127e+04 1.034506e+04 9.968103e+03 1.008431e+04
22.5 1.038749e+04 1.033868e+04 9.965067e+03 1.001388e+04
23.5 1.116537e+04 1.030890e+04 9.963928e+03 1.082039e+04
24.5 1.078524e+04 1.027115e+04 9.961057e+03 1.047514e+04
0.5 1.010954e+04 9.457322e+03 9.970560e+03 1.062278e+04
1.5 8.127979e+03 9.563206e+03 9.980027e+03 8.544800e+03
2.5 8.734047e+03 9.856050e+03 9.987005e+03 8.865002e+03
3.5 1.094403e+04 1.014123e+04 9.982563e+03 1.078537e+04
4.5 9.784969e+03 1.029563e+04 9.974105e+03 9.463447e+03
5.5 1.046127e+04 1.034506e+04 9.968103e+03 1.008431e+04
6.5 1.038749e+04 1.033868e+04 9.965067e+03 1.001388e+04
7.5 1.116537e+04 1.030890e+04 9.963928e+03 1.082039e+04
8.5 1.078524e+04 1.027115e+04 9.961057e+03 1.047514e+04
