0.5 9.389002e+02 1.170804e+03 1.153405e+03 9.215014e+02
1.5 1.245679e+03 1.158973e+03 1.155098e+03 1.241804e+03
2.5 8.251953e+02 1.134146e+03 1.167912e+03 8.589609e+02
3.5 1.303851e+03 1.107808e+03 1.201321e+03 1.397364e+03
4.5 1.207840e+03 1.095936e+03 1.252248e+03 1.364152e+03
5.5 1.014516e+03 1.102687e+03 1.309181e+03 1.221010e+03
6.5 1.317635e+03 1.121768e+03 1.361257e+03 1.557124e+03
7.5 9.314998e+02 1.144588e+03 1.402594e+03 1.189506e+03
8.5 1.110774e+03 1.165196e+03 1.431964e+03 1.377542e+03
9.5 1.172856e+03 1.181068e+03 1.450784e+03 1.442572e+03
10.5 9.733964e+02 1.193188e+03 1.461354e+03 1.241562e+03
11.5 1.240020e+03 1.209633e+03 1.464360e+03 1.494747e+03
12.5 1.123522e+03 1.235935e+03 1.452056e+03 1.339643e+03
13.5 1.230995e+03 1.261261e+03 1.416441e+03 1.386175e+03
14.5 1.366860e+03 1.270296e+03 1.361704e+03 1.458268e+03
15.5 1.434764e+03 1.259397e+03 1.300210e+03 1.475577e+03
16.5 1.393745e+03 1.235301e+03 1.243455e+03 1.401898e+03
17.5 1.206035e+03 1.206977e+03 1.197754e+03 1.196812e+03
18.5 1.173529e+03 1.180689e+03 1.164596e+03 1.157436e+03
19.5 1.326316e+03 1.159201e+03 1.142682e+03 1.309797e+03
20.5 1.026462e+03 1.142905e+03 1.129716e+03 1.013273e+03
21.5 1.160373e+03 1.131126e+03 1.123403e+03 1.152651e+03
22.5 1.173911e+03 1.122940e+03 1.121807e+03 1.172778e+03
23.5 9.577206e+02 1.117512e+03 1.123383e+03 9.635918e+02
24.5 1.124471e+03 1.114161e+03 1.126917e+03 1.137227e+03
25.5 9.444376e+02 1.112326e+03 1.131466e+03 9.635781e+02
26.5 9.857055e+02 1.111531e+03 1.136323e+03 1.010497e+03
27.5 9.059987e+02 1.111375e+03 1.140992e+03 9.356163e+02
28.5 9.167998e+02 1.111531e+03 1.145170e+03 9.504382e+02
29.5 1.003757e+03 1.111766e+03 1.148706e+03 1.040697e+03
30.5 1.008372e+03 1.113211e+03 1.151568e+03 1.046729e+03
31.5 1.160765e+03 1.126102e+03 1.153801e+03 1.188464e+03
32.5 1.429023e+03 1.171910e+03 1.155490e+03 1.412604e+03
33.5 1.126507e+03 1.255010e+03 1.156737e+03 1.028235e+03
34.5 1.419879e+03 1.353260e+03 1.157642e+03 1.224261e+03
35.5 1.492571e+03 1.442251e+03 1.158291e+03 1.208612e+03
36.5 1.550334e+03 1.509688e+03 1.158757e+03 1.199403e+03
37.5 1.611483e+03 1.554375e+03 1.159093e+03 1.216201e+03
38.5 1.548862e+03 1.580459e+03 1.159340e+03 1.127742e+03
39.5 1.468456e+03 1.593098e+03 1.159525e+03 1.034883e+03
40.5 1.628747e+03 1.595302e+03 1.159669e+03 1.193115e+03
41.5 1.467125e+03 1.579874e+03 1.159785e+03 1.047036e+03
42.5 1.271842e+03 1.527539e+03 1.159880e+03 9.041840e+02
43.5 1.486803e+03 1.435575e+03 1.159961e+03 1.211189e+03
44.5 1.174976e+03 1.327412e+03 1.160030e+03 1.007595e+03
45.5 1.467629e+03 1.228440e+03 1.160090e+03 1.399279e+03
0.5 1.010230e+03 1.081463e+03 1.155424e+03 1.084191e+03
1.5 1.068798e+03 1.074203e+03 1.156734e+03 1.151329e+03
2.5 9.461180e+02 1.053159e+03 1.169150e+03 1.062109e+03
3.5 8.400233e+02 1.030088e+03 1.202143e+03 1.012078e+03
4.5 7.819666e+02 1.021156e+03 1.252634e+03 1.013445e+03
5.5 1.085827e+03 1.030644e+03 1.309111e+03 1.364293e+03
6.5 1.221054e+03 1.052339e+03 1.360714e+03 1.529428e+03
7.5 1.277859e+03 1.077694e+03 1.401564e+03 1.601730e+03
8.5 8.879340e+02 1.100781e+03 1.430436e+03 1.217589e+03
9.5 1.539688e+03 1.119092e+03 1.448750e+03 1.869346e+03
10.5 1.315338e+03 1.133616e+03 1.458807e+03 1.640530e+03
11.5 1.052918e+03 1.152379e+03 1.461295e+03 1.361834e+03
12.5 1.231415e+03 1.180951e+03 1.448500e+03 1.498964e+03
13.5 1.075396e+03 1.208570e+03 1.412386e+03 1.279212e+03
14.5 1.305347e+03 1.219865e+03 1.357144e+03 1.442626e+03
15.5 1.039932e+03 1.211191e+03 1.295139e+03 1.123880e+03
16.5 9.985409e+02 1.189282e+03 1.237865e+03 1.047124e+03
17.5 1.302654e+03 1.163114e+03 1.191641e+03 1.331181e+03
18.5 1.161019e+03 1.138950e+03 1.157955e+03 1.180023e+03
19.5 8.703789e+02 1.119551e+03 1.135506e+03 8.863340e+02
20.5 9.362213e+02 1.105309e+03 1.122001e+03 9.529130e+02
21.5 9.156056e+02 1.095549e+03 1.115144e+03 9.352004e+02
22.5 1.113002e+03 1.089348e+03 1.112999e+03 1.136653e+03
23.5 1.077886e+03 1.085870e+03 1.114022e+03 1.106038e+03
24.5 7.628243e+02 1.084435e+03 1.116999e+03 7.953885e+02
25.5 1.140372e+03 1.084482e+03 1.120987e+03 1.176876e+03
26.5 9.383546e+02 1.085536e+03 1.125277e+03 9.780960e+02
27.5 1.070767e+03 1.087195e+03 1.129377e+03 1.112950e+03
28.5 1.329719e+03 1.089134e+03 1.132981e+03 1.373567e+03
29.5 1.158698e+03 1.091118e+03 1.135940e+03 1.203521e+03
30.5 1.167375e+03 1.094280e+03 1.138221e+03 1.211316e+03
31.5 1.246946e+03 1.108857e+03 1.139868e+03 1.277957e+03
32.5 1.147066e+03 1.156319e+03 1.140968e+03 1.131714e+03
33.5 1.292417e+03 1.241043e+03 1.141622e+03 1.192996e+03
34.5 1.275250e+03 1.340886e+03 1.141929e+03 1.076293e+03
35.5 1.279258e+03 1.431440e+03 1.141976e+03 9.897941e+02
36.5 1.632519e+03 1.500476e+03 1.141835e+03 1.273878e+03
37.5 1.772224e+03 1.546779e+03 1.141559e+03 1.367005e+03
38.5 1.757045e+03 1.574394e+03 1.141189e+03 1.323839e+03
39.5 1.605216e+03 1.588540e+03 1.140752e+03 1.157428e+03
40.5 1.431671e+03 1.592226e+03 1.140267e+03 9.797117e+02
41.5 1.509136e+03 1.578258e+03 1.139749e+03 1.070627e+03
42.5 1.420058e+03 1.527356e+03 1.139204e+03 1.031906e+03
43.5 1.142961e+03 1.436791e+03 1.138637e+03 8.448077e+02
44.5 1.600210e+03 1.329987e+03 1.138052e+03 1.408275e+03
45.5 1.260879e+03 1.232333e+03 1.137450e+03 1.165997e+03
0.5 1.122696e+03 1.105496e+03 1.126280e+03 1.143481e+03
1.5 9.615375e+02 1.098795e+03 1.126928e+03 9.896709e+02
2.5 1.291266e+03 1.078321e+03 1.138661e+03 1.351606e+03
3.5 1.062830e+03 1.055837e+03 1.170945e+03 1.177938e+03
4.5 1.083627e+03 1.047514e+03 1.220689e+03 1.256802e+03
5.5 1.120976e+03 1.057628e+03 1.276370e+03 1.339719e+03
6.5 1.128991e+03 1.079957e+03 1.327123e+03 1.376157e+03
7.5 9.973250e+02 1.105948e+03 1.367065e+03 1.258442e+03
8.5 1.082073e+03 1.129673e+03 1.394977e+03 1.347377e+03
9.5 9.487784e+02 1.148610e+03 1.412281e+03 1.212450e+03
10.5 1.136158e+03 1.160880e+03 1.421284e+03 1.396561e+03
