0.5 6.468476e+03 6.503645e+03 6.512731e+03 6.477562e+03
1.5 6.472294e+03 6.502581e+03 6.507694e+03 6.477406e+03
2.5 6.472370e+03 6.496969e+03 6.495213e+03 6.470614e+03
3.5 6.500635e+03 6.485826e+03 6.480453e+03 6.495262e+03
4.5 6.479859e+03 6.471901e+03 6.471747e+03 6.479704e+03
5.5 6.471980e+03 6.458657e+03 6.472045e+03 6.485368e+03
6.5 6.529840e+03 6.448119e+03 6.478958e+03 6.560680e+03
7.5 6.466990e+03 6.440759e+03 6.488565e+03 6.514796e+03
8.5 6.427042e+03 6.436175e+03 6.497937e+03 6.488804e+03
9.5 6.417664e+03 6.433703e+03 6.505686e+03 6.489647e+03
10.5 6.422461e+03 6.432875e+03 6.512135e+03 6.501722e+03
11.5 6.401374e+03 6.434484e+03 6.521299e+03 6.488190e+03
12.5 6.465108e+03 6.441179e+03 6.536542e+03 6.560470e+03
13.5 6.445466e+03 6.453703e+03 6.552995e+03 6.544758e+03
14.5 6.479706e+03 6.469132e+03 6.562590e+03 6.573165e+03
15.5 6.517297e+03 6.483869e+03 6.562579e+03 6.596007e+03
16.5 6.529414e+03 6.495793e+03 6.555525e+03 6.589145e+03
17.5 6.487361e+03 6.504378e+03 6.545504e+03 6.528487e+03
18.5 6.497016e+03 6.509998e+03 6.535575e+03 6.522594e+03
19.5 6.503431e+03 6.513319e+03 6.527229e+03 6.517342e+03
20.5 6.513862e+03 6.514974e+03 6.520834e+03 6.519723e+03
21.5 6.451624e+03 6.515467e+03 6.516215e+03 6.452371e+03
22.5 6.480548e+03 6.515182e+03 6.513047e+03 6.478412e+03
23.5 6.477309e+03 6.514412e+03 6.511021e+03 6.473917e+03
24.5 6.474108e+03 6.513385e+03 6.509882e+03 6.470604e+03
25.5 6.474486e+03 6.512274e+03 6.509415e+03 6.471626e+03
26.5 6.461208e+03 6.511203e+03 6.509431e+03 6.459436e+03
27.5 6.451584e+03 6.510249e+03 6.509764e+03 6.451099e+03
28.5 6.463968e+03 6.509450e+03 6.510272e+03 6.464790e+03
29.5 6.493390e+03 6.508818e+03 6.510843e+03 6.495415e+03
30.5 6.499721e+03 6.508360e+03 6.511401e+03 6.502762e+03
31.5 6.545038e+03 6.508494e+03 6.511899e+03 6.548443e+03
32.5 6.520205e+03 6.511274e+03 6.512315e+03 6.521246e+03
33.5 6.502265e+03 6.518490e+03 6.512644e+03 6.496419e+03
34.5 6.506848e+03 6.529224e+03 6.512895e+03 6.490518e+03
35.5 6.558518e+03 6.540973e+03 6.513078e+03 6.530624e+03
36.5 6.550274e+03 6.551536e+03 6.513209e+03 6.511946e+03
37.5 6.573731e+03 6.559801e+03 6.513301e+03 6.527231e+03
38.5 6.578779e+03 6.565595e+03 6.513365e+03 6.526549e+03
39.5 6.570175e+03 6.569251e+03 6.513408e+03 6.514332e+03
40.5 6.574590e+03 6.571236e+03 6.513438e+03 6.516792e+03
41.5 6.568426e+03 6.571568e+03 6.513459e+03 6.510317e+03
42.5 6.529228e+03 6.568537e+03 6.513474e+03 6.474165e+03
43.5 6.577687e+03 6.560620e+03 6.513486e+03 6.530553e+03
44.5 6.539936e+03 6.548935e+03 6.513495e+03 6.504497e+03
45.5 6.578328e+03 6.536138e+03 6.513503e+03 6.555694e+03
0.5 6.505705e+03 6.509341e+03 6.513058e+03 6.509423e+03
1.5 6.479917e+03 6.508301e+03 6.508027e+03 6.479643e+03
2.5 6.490016e+03 6.502735e+03 6.495554e+03 6.482835e+03
3.5 6.461993e+03 6.491645e+03 6.480804e+03 6.451152e+03
4.5 6.435689e+03 6.477772e+03 6.472108e+03 6.430024e+03
5.5 6.408472e+03 6.464576e+03 6.472414e+03 6.416311e+03
6.5 6.447995e+03 6.454081e+03 6.479334e+03 6.473248e+03
7.5 6.464540e+03 6.446761e+03 6.488944e+03 6.506724e+03
8.5 6.436656e+03 6.442215e+03 6.498317e+03 6.492758e+03
9.5 6.477783e+03 6.439782e+03 6.506066e+03 6.544066e+03
10.5 6.474369e+03 6.438995e+03 6.512512e+03 6.547887e+03
11.5 6.416033e+03 6.440648e+03 6.521661e+03 6.497047e+03
12.5 6.456095e+03 6.447383e+03 6.536890e+03 6.545602e+03
13.5 6.440209e+03 6.459953e+03 6.553342e+03 6.533597e+03
14.5 6.458772e+03 6.475434e+03 6.562936e+03 6.546274e+03
15.5 6.466796e+03 6.490229e+03 6.562922e+03 6.539489e+03
16.5 6.441467e+03 6.502218e+03 6.555866e+03 6.495115e+03
17.5 6.493884e+03 6.510872e+03 6.545843e+03 6.528855e+03
18.5 6.521304e+03 6.516567e+03 6.535911e+03 6.540647e+03
19.5 6.468815e+03 6.519969e+03 6.527562e+03 6.476409e+03
20.5 6.528102e+03 6.521709e+03 6.521163e+03 6.527556e+03
21.5 6.492037e+03 6.522294e+03 6.516541e+03 6.486284e+03
22.5 6.483137e+03 6.522105e+03 6.513369e+03 6.474401e+03
23.5 6.490689e+03 6.521435e+03 6.511339e+03 6.480594e+03
24.5 6.481856e+03 6.520513e+03 6.510196e+03 6.471540e+03
25.5 6.509408e+03 6.519511e+03 6.509725e+03 6.499622e+03
26.5 6.510575e+03 6.518553e+03 6.509737e+03 6.501759e+03
27.5 6.486807e+03 6.517717e+03 6.510066e+03 6.479156e+03
28.5 6.549801e+03 6.517040e+03 6.510569e+03 6.543330e+03
29.5 6.536006e+03 6.516532e+03 6.511136e+03 6.530609e+03
30.5 6.514670e+03 6.516204e+03 6.511689e+03 6.510156e+03
31.5 6.542535e+03 6.516470e+03 6.512183e+03 6.538247e+03
32.5 6.546050e+03 6.519387e+03 6.512594e+03 6.539257e+03
33.5 6.540177e+03 6.526742e+03 6.512919e+03 6.526354e+03
34.5 6.546159e+03 6.537619e+03 6.513165e+03 6.521704e+03
35.5 6.545703e+03 6.549514e+03 6.513344e+03 6.509532e+03
36.5 6.584117e+03 6.560218e+03 6.513471e+03 6.537369e+03
37.5 6.582382e+03 6.568618e+03 6.513559e+03 6.527323e+03
38.5 6.539055e+03 6.574558e+03 6.513618e+03 6.478116e+03
39.5 6.560985e+03 6.578363e+03 6.513658e+03 6.496280e+03
40.5 6.560675e+03 6.580499e+03 6.513684e+03 6.493861e+03
41.5 6.565982e+03 6.580984e+03 6.513701e+03 6.498699e+03
42.5 6.576240e+03 6.578111e+03 6.513713e+03 6.511842e+03
43.5 6.565242e+03 6.570357e+03 6.513721e+03 6.508606e+03
44.5 6.612425e+03 6.558842e+03 6.513728e+03 6.567311e+03
45.5 6.539563e+03 6.546223e+03 6.513733e+03 6.507073e+03
0.5 6.537986e+03 6.520243e+03 6.513192e+03 6.530934e+03
1.5 6.492700e+03 6.519418e+03 6.508168e+03 6.481449e+03
2.5 6.525129e+03 6.514074e+03 6.495704e+03 6.506759e+03
3.5 6.512352e+03 6.503216e+03 6.480971e+03 6.490107e+03
4.5 6.483247e+03 6.489589e+03 6.472298e+03 6.465957e+03
5.5 6.472667e+03 6.476653e+03 6.472636e+03 6.468650e+03
6.5 6.474245e+03 6.466436e+03 6.479589e+03 6.487398e+03
7.5 6.412075e+03 6.459409e+03 6.489231e+03 6.441897e+03
8.5 6.413216e+03 6.455172e+03 6.498632e+03 6.456676e+03
9.5 6.425540e+03 6.453062e+03 6.506405e+03 6.478883e+03
10.5 6.459161e+03 6.453086e+03 6.512872e+03 6.518947e+03
