0.5 3.559540e+03 3.506071e+03 3.460427e+03 3.513896e+03
1.5 3.407124e+03 3.513556e+03 3.462631e+03 3.356199e+03
2.5 3.661045e+03 3.548126e+03 3.490348e+03 3.603268e+03
3.5 3.502864e+03 3.619718e+03 3.565295e+03 3.448442e+03
4.5 3.703825e+03 3.713713e+03 3.680411e+03 3.670523e+03
5.5 3.977108e+03 3.807491e+03 3.809302e+03 3.978919e+03
6.5 3.875431e+03 3.885590e+03 3.927070e+03 3.916911e+03
7.5 4.029366e+03 3.942626e+03 4.020233e+03 4.106973e+03
8.5 3.911850e+03 3.979879e+03 4.085984e+03 4.017954e+03
9.5 3.752723e+03 4.001308e+03 4.127577e+03 3.878991e+03
10.5 4.066610e+03 4.010412e+03 4.150289e+03 4.206487e+03
11.5 3.856402e+03 4.003813e+03 4.155696e+03 4.008286e+03
12.5 3.711979e+03 3.964777e+03 4.126112e+03 3.873313e+03
13.5 4.040831e+03 3.885359e+03 4.043112e+03 4.198584e+03
14.5 3.745718e+03 3.781730e+03 3.916305e+03 3.880293e+03
15.5 3.677998e+03 3.677708e+03 3.774042e+03 3.774331e+03
16.5 3.683608e+03 3.589628e+03 3.642676e+03 3.736656e+03
17.5 3.704753e+03 3.523448e+03 3.536693e+03 3.717998e+03
18.5 3.850498e+03 3.478196e+03 3.459505e+03 3.831808e+03
19.5 3.655752e+03 3.450006e+03 3.408133e+03 3.613879e+03
20.5 3.806324e+03 3.434624e+03 3.377314e+03 3.749015e+03
21.5 3.518723e+03 3.428402e+03 3.361788e+03 3.452109e+03
22.5 3.493039e+03 3.428468e+03 3.357113e+03 3.421684e+03
23.5 3.493987e+03 3.432587e+03 3.359750e+03 3.421150e+03
24.5 3.378187e+03 3.439016e+03 3.366917e+03 3.306087e+03
25.5 3.233224e+03 3.446420e+03 3.376449e+03 3.163253e+03
26.5 3.389744e+03 3.453827e+03 3.386725e+03 3.322642e+03
27.5 3.420850e+03 3.460600e+03 3.396613e+03 3.356863e+03
28.5 3.229832e+03 3.466387e+03 3.405412e+03 3.168856e+03
29.5 3.678960e+03 3.471068e+03 3.412781e+03 3.620672e+03
30.5 3.556661e+03 3.475386e+03 3.418658e+03 3.499933e+03
31.5 3.231352e+03 3.486354e+03 3.426700e+03 3.171697e+03
32.5 3.613723e+03 3.523573e+03 3.459011e+03 3.549161e+03
33.5 3.671108e+03 3.597219e+03 3.537541e+03 3.611431e+03
34.5 3.762070e+03 3.692860e+03 3.655457e+03 3.724667e+03
35.5 4.015217e+03 3.788016e+03 3.786566e+03 4.013766e+03
36.5 4.001919e+03 3.867322e+03 3.906133e+03 4.040730e+03
37.5 4.212081e+03 3.925451e+03 4.000802e+03 4.287432e+03
38.5 4.197834e+03 3.963724e+03 4.067855e+03 4.301966e+03
39.5 4.115226e+03 3.986128e+03 4.110613e+03 4.239711e+03
40.5 3.953969e+03 3.996176e+03 4.134398e+03 4.092192e+03
41.5 3.933920e+03 3.990497e+03 4.140815e+03 4.084238e+03
42.5 3.938184e+03 3.952365e+03 4.112197e+03 4.098016e+03
43.5 3.829447e+03 3.873835e+03 4.030134e+03 3.985746e+03
44.5 3.656382e+03 3.771079e+03 3.904238e+03 3.789541e+03
45.5 3.637831e+03 3.667915e+03 3.762867e+03 3.732784e+03
0.5 3.556661e+03 3.475386e+03 3.418658e+03 3.499933e+03
1.5 3.231352e+03 3.486354e+03 3.426700e+03 3.171697e+03
2.5 3.613723e+03 3.523573e+03 3.459011e+03 3.549161e+03
3.5 3.671108e+03 3.597219e+03 3.537541e+03 3.611431e+03
4.5 3.762070e+03 3.692860e+03 3.655457e+03 3.724667e+03
5.5 4.015217e+03 3.788016e+03 3.786566e+03 4.013766e+03
6.5 4.001919e+03 3.867322e+03 3.906133e+03 4.040730e+03
7.5 4.212081e+03 3.925451e+03 4.000802e+03 4.287432e+03
8.5 4.197834e+03 3.963724e+03 4.067855e+03 4.301966e+03
9.5 4.115226e+03 3.986128e+03 4.110613e+03 4.239711e+03
10.5 3.953969e+03 3.996176e+03 4.134398e+03 4.092192e+03
11.5 3.933920e+03 3.990497e+03 4.140815e+03 4.084238e+03
12.5 3.938184e+03 3.952365e+03 4.112197e+03 4.098016e+03
13.5 3.829447e+03 3.873835e+03 4.030134e+03 3.985746e+03
14.5 3.656382e+03 3.771079e+03 3.904238e+03 3.789541e+03
15.5 3.637831e+03 3.667915e+03 3.762867e+03 3.732784e+03
16.5 3.805920e+03 3.580677e+03 3.632375e+03 3.857619e+03
17.5 3.620557e+03 3.515326e+03 3.527249e+03 3.632479e+03
18.5 3.756740e+03 3.470893e+03 3.450906e+03 3.736753e+03
19.5 3.540478e+03 3.443509e+03 3.400365e+03 3.497334e+03
20.5 3.657536e+03 3.428917e+03 3.370363e+03 3.598982e+03
21.5 3.573645e+03 3.423473e+03 3.355640e+03 3.505812e+03
22.5 3.617113e+03 3.424302e+03 3.351754e+03 3.544565e+03
23.5 3.630988e+03 3.429171e+03 3.355167e+03 3.556984e+03
24.5 3.398379e+03 3.436337e+03 3.363095e+03 3.325137e+03
25.5 3.418260e+03 3.444463e+03 3.373375e+03 3.347173e+03
26.5 3.351169e+03 3.452578e+03 3.384385e+03 3.282976e+03
27.5 3.479235e+03 3.460046e+03 3.394991e+03 3.414180e+03
28.5 3.637591e+03 3.466514e+03 3.404495e+03 3.575572e+03
29.5 3.756221e+03 3.471853e+03 3.412554e+03 3.696923e+03
30.5 3.387692e+03 3.474102e+03 3.419095e+03 3.332685e+03
31.5 3.299117e+03 3.460396e+03 3.424217e+03 3.262938e+03
32.5 3.376885e+03 3.416184e+03 3.428119e+03 3.388820e+03
33.5 3.245715e+03 3.353337e+03 3.431034e+03 3.323412e+03
34.5 3.048355e+03 3.300406e+03 3.433189e+03 3.181139e+03
35.5 3.167159e+03 3.272995e+03 3.434785e+03 3.328949e+03
36.5 3.157771e+03 3.269160e+03 3.435987e+03 3.324597e+03
37.5 3.130279e+03 3.279417e+03 3.436918e+03 3.287780e+03
38.5 3.144313e+03 3.295036e+03 3.437670e+03 3.286946e+03
39.5 3.576394e+03 3.310855e+03 3.438307e+03 3.703846e+03
40.5 3.593539e+03 3.326742e+03 3.438876e+03 3.705673e+03
41.5 3.330572e+03 3.355237e+03 3.439406e+03 3.414741e+03
42.5 3.442651e+03 3.411220e+03 3.439915e+03 3.471346e+03
43.5 3.413929e+03 3.483254e+03 3.440417e+03 3.371091e+03
44.5 3.642237e+03 3.543168e+03 3.440918e+03 3.539986e+03
45.5 3.443838e+03 3.575695e+03 3.441423e+03 3.309566e+03
0.5 3.559688e+03 3.499340e+03 3.450041e+03 3.510388e+03
1.5 3.540021e+03 3.508857e+03 3.454269e+03 3.485433e+03
2.5 3.617477e+03 3.545432e+03 3.483983e+03 3.556028e+03
3.5 3.637228e+03 3.619004e+03 3.560898e+03 3.579122e+03
4.5 3.725165e+03 3.714953e+03 3.677955e+03 3.688167e+03
5.5 3.825080e+03 3.810660e+03 3.808759e+03 3.823179e+03
6.5 3.816207e+03 3.890756e+03 3.928412e+03 3.853864e+03
7.5 4.067720e+03 3.949809e+03 4.023456e+03 4.141367e+03
8.5 4.143372e+03 3.988974e+03 4.091062e+03 4.245461e+03
9.5 3.948670e+03 4.012297e+03 4.134488e+03 4.070861e+03
10.5 3.880574e+03 4.023275e+03 4.159009e+03 4.016308e+03
11.5 4.072365e+03 4.018532e+03 4.166202e+03 4.220034e+03
12.5 4.001477e+03 3.981330e+03 4.138381e+03 4.158527e+03
13.5 3.688530e+03 3.903712e+03 4.057123e+03 3.841941e+03
14.5 3.793568e+03 3.801842e+03 3.932037e+03 3.923763e+03
15.5 3.776027e+03 3.699541e+03 3.791475e+03 3.867962e+03
16.5 3.670328e+03 3.613153e+03 3.661791e+03 3.718966e+03
17.5 3.638493e+03 3.548648e+03 3.557471e+03 3.647316e+03
18.5 3.530258e+03 3.505061e+03 3.481929e+03 3.507125e+03
19.5 3.650780e+03 3.478531e+03 3.432185e+03 3.604434e+03
20.5 3.635496e+03 3.464805e+03 3.402980e+03 3.573671e+03
21.5 3.331541e+03 3.460236e+03 3.389052e+03 3.260357e+03
22.5 3.563288e+03 3.461953e+03 3.385962e+03 3.487297e+03
23.5 3.653894e+03 3.467722e+03 3.390172e+03 3.576343e+03
24.5 3.526485e+03 3.475801e+03 3.398900e+03 3.449584e+03
25.5 3.521121e+03 3.484852e+03 3.409983e+03 3.446252e+03
26.5 3.605859e+03 3.493907e+03 3.421802e+03 3.533753e+03
27.5 3.373609e+03 3.502329e+03 3.433224e+03 3.304503e+03
28.5 3.364812e+03 3.509767e+03 3.443551e+03 3.298596e+03
29.5 3.251996e+03 3.516090e+03 3.452443e+03 3.188349e+03
30.5 3.508521e+03 3.519342e+03 3.459827e+03 3.449007e+03
31.5 3.402618e+03 3.506658e+03 3.465805e+03 3.361765e+03
32.5 3.616689e+03 3.463496e+03 3.470576e+03 3.623770e+03
33.5 3.331004e+03 3.401742e+03 3.474375e+03 3.403637e+03
34.5 3.366627e+03 3.349962e+03 3.477431e+03 3.494096e+03
35.5 3.437677e+03 3.323761e+03 3.479945e+03 3.593861e+03
36.5 3.540011e+03 3.321185e+03 3.482085e+03 3.700912e+03
37.5 3.284385e+03 3.332738e+03 3.483975e+03 3.435622e+03
38.5 3.381659e+03 3.349686e+03 3.485708e+03 3.517681e+03
39.5 3.518645e+03 3.366846e+03 3.487351e+03 3.639150e+03
40.5 3.244068e+03 3.379734e+03 3.488951e+03 3.353285e+03
