0.5 9.282095e+03 9.085580e+03 9.170645e+03 9.367160e+03
1.5 9.300606e+03 9.114841e+03 9.172265e+03 9.358030e+03
2.5 9.325290e+03 9.206134e+03 9.184523e+03 9.303679e+03
3.5 9.497842e+03 9.356271e+03 9.216484e+03 9.358054e+03
4.5 9.563422e+03 9.517438e+03 9.265202e+03 9.311186e+03
5.5 9.582198e+03 9.648559e+03 9.319666e+03 9.253305e+03
6.5 9.767682e+03 9.736175e+03 9.369484e+03 9.400990e+03
7.5 9.745336e+03 9.785837e+03 9.409028e+03 9.368527e+03
8.5 9.951781e+03 9.809006e+03 9.437124e+03 9.579899e+03
9.5 9.934525e+03 9.815733e+03 9.455128e+03 9.573920e+03
10.5 9.920841e+03 9.809744e+03 9.465239e+03 9.576336e+03
11.5 9.800283e+03 9.772937e+03 9.468115e+03 9.495461e+03
12.5 9.724863e+03 9.670926e+03 9.456345e+03 9.510282e+03
13.5 9.606648e+03 9.509028e+03 9.422274e+03 9.519894e+03
14.5 9.368559e+03 9.336404e+03 9.369911e+03 9.402066e+03
15.5 9.420219e+03 9.195128e+03 9.311084e+03 9.536175e+03
16.5 9.393176e+03 9.099257e+03 9.256790e+03 9.550709e+03
17.5 9.131515e+03 9.043478e+03 9.213071e+03 9.301108e+03
18.5 9.230395e+03 9.016267e+03 9.181351e+03 9.395479e+03
19.5 9.035688e+03 9.007311e+03 9.160388e+03 9.188764e+03
20.5 9.143359e+03 9.009503e+03 9.147984e+03 9.281841e+03
21.5 9.079507e+03 9.018378e+03 9.141945e+03 9.203073e+03
22.5 8.859837e+03 9.031048e+03 9.140418e+03 8.969207e+03
23.5 9.029549e+03 9.045449e+03 9.141925e+03 9.126025e+03
24.5 8.766414e+03 9.060020e+03 9.145306e+03 8.851700e+03
25.5 9.037171e+03 9.073630e+03 9.149658e+03 9.113199e+03
26.5 8.821418e+03 9.085563e+03 9.154304e+03 8.890159e+03
27.5 8.954423e+03 9.095493e+03 9.158771e+03 9.017701e+03
28.5 8.874202e+03 9.103409e+03 9.162767e+03 8.933561e+03
29.5 8.951104e+03 9.109508e+03 9.166150e+03 9.007746e+03
30.5 9.064598e+03 9.114581e+03 9.168888e+03 9.118905e+03
31.5 9.101236e+03 9.121991e+03 9.171024e+03 9.150270e+03
32.5 9.198532e+03 9.134759e+03 9.172640e+03 9.236413e+03
33.5 9.091572e+03 9.149411e+03 9.173833e+03 9.115995e+03
34.5 8.993459e+03 9.159489e+03 9.174698e+03 9.008668e+03
35.5 9.064068e+03 9.162420e+03 9.175319e+03 9.076968e+03
36.5 9.026089e+03 9.159801e+03 9.175765e+03 9.042052e+03
37.5 9.147403e+03 9.154569e+03 9.176087e+03 9.168921e+03
38.5 9.128893e+03 9.149021e+03 9.176323e+03 9.156194e+03
39.5 9.231503e+03 9.144324e+03 9.176500e+03 9.263679e+03
40.5 9.169278e+03 9.140318e+03 9.176638e+03 9.205598e+03
41.5 9.158713e+03 9.133888e+03 9.176749e+03 9.201574e+03
42.5 9.059476e+03 9.122116e+03 9.176840e+03 9.114200e+03
43.5 9.148938e+03 9.108541e+03 9.176917e+03 9.217313e+03
44.5 9.054908e+03 9.099660e+03 9.176983e+03 9.132231e+03
45.5 9.119013e+03 9.098063e+03 9.177040e+03 9.197990e+03
0.5 9.436338e+03 9.134405e+03 9.172576e+03 9.474509e+03
1.5 9.429076e+03 9.161827e+03 9.173830e+03 9.441079e+03
2.5 9.336466e+03 9.251422e+03 9.185708e+03 9.270751e+03
3.5 9.442775e+03 9.399846e+03 9.217270e+03 9.260200e+03
4.5 9.634202e+03 9.559204e+03 9.265571e+03 9.340569e+03
5.5 9.645676e+03 9.688400e+03 9.319599e+03 9.276874e+03
6.5 9.720042e+03 9.773985e+03 9.368964e+03 9.315021e+03
7.5 9.532858e+03 9.821529e+03 9.408042e+03 9.119372e+03
8.5 9.753433e+03 9.842518e+03 9.435662e+03 9.346577e+03
9.5 1.006472e+04 9.847027e+03 9.453182e+03 9.670876e+03
10.5 1.002060e+04 9.838798e+03 9.462803e+03 9.644610e+03
11.5 9.763349e+03 9.799824e+03 9.465184e+03 9.428708e+03
12.5 9.665437e+03 9.695718e+03 9.452943e+03 9.422661e+03
13.5 9.423134e+03 9.531638e+03 9.418395e+03 9.309891e+03
14.5 9.205994e+03 9.356835e+03 9.365549e+03 9.214708e+03
15.5 9.252245e+03 9.213391e+03 9.306233e+03 9.345087e+03
16.5 8.926658e+03 9.115364e+03 9.251443e+03 9.062737e+03
17.5 8.956239e+03 9.057437e+03 9.207223e+03 9.106025e+03
18.5 9.094979e+03 9.028088e+03 9.174998e+03 9.241888e+03
19.5 8.818385e+03 9.017007e+03 9.153523e+03 8.954901e+03
20.5 8.886336e+03 9.017086e+03 9.140603e+03 9.009853e+03
21.5 8.990479e+03 9.023864e+03 9.134044e+03 9.100659e+03
22.5 9.125601e+03 9.034447e+03 9.131992e+03 9.223145e+03
23.5 9.074329e+03 9.046774e+03 9.132970e+03 9.160525e+03
24.5 8.841587e+03 9.059285e+03 9.135818e+03 8.918120e+03
25.5 8.990702e+03 9.070846e+03 9.139633e+03 9.059489e+03
26.5 8.985768e+03 9.080742e+03 9.143738e+03 9.048763e+03
27.5 9.044045e+03 9.088647e+03 9.147660e+03 9.103057e+03
28.5 9.066060e+03 9.094549e+03 9.151107e+03 9.122618e+03
29.5 9.054909e+03 9.098644e+03 9.153938e+03 9.110203e+03
30.5 9.021857e+03 9.101724e+03 9.156120e+03 9.076254e+03
31.5 9.072552e+03 9.107149e+03 9.157696e+03 9.123098e+03
32.5 9.071632e+03 9.117942e+03 9.158748e+03 9.112437e+03
33.5 8.962885e+03 9.130627e+03 9.159373e+03 8.991631e+03
34.5 9.104415e+03 9.138746e+03 9.159667e+03 9.125336e+03
35.5 9.190587e+03 9.139724e+03 9.159712e+03 9.210575e+03
36.5 9.167583e+03 9.135069e+03 9.159577e+03 9.192091e+03
37.5 9.257576e+03 9.127756e+03 9.159313e+03 9.289133e+03
38.5 9.144490e+03 9.120210e+03 9.158959e+03 9.183239e+03
39.5 8.988244e+03 9.113513e+03 9.158541e+03 9.033272e+03
40.5 9.026784e+03 9.107505e+03 9.158077e+03 9.077357e+03
41.5 9.010154e+03 9.099071e+03 9.157581e+03 9.068665e+03
42.5 9.037948e+03 9.085297e+03 9.157060e+03 9.109711e+03
43.5 9.101777e+03 9.069735e+03 9.156518e+03 9.188561e+03
44.5 9.023297e+03 9.058890e+03 9.155958e+03 9.120365e+03
45.5 9.073705e+03 9.055353e+03 9.155382e+03 9.173735e+03
0.5 9.163995e+03 9.067615e+03 9.144697e+03 9.241077e+03
1.5 9.156272e+03 9.093405e+03 9.145317e+03 9.208184e+03
2.5 9.297635e+03 9.181313e+03 9.156541e+03 9.272863e+03
3.5 9.365238e+03 9.327960e+03 9.187425e+03 9.224703e+03
4.5 9.594318e+03 9.485417e+03 9.235012e+03 9.343913e+03
5.5 9.613807e+03 9.612572e+03 9.288278e+03 9.289513e+03
6.5 9.879691e+03 9.695980e+03 9.336829e+03 9.520540e+03
7.5 9.820974e+03 9.741229e+03 9.375040e+03 9.454785e+03
8.5 9.686684e+03 9.759821e+03 9.401741e+03 9.328604e+03
9.5 9.590169e+03 9.761857e+03 9.418295e+03 9.246607e+03
10.5 9.510419e+03 9.755632e+03 9.426907e+03 9.181694e+03
