0.5 5.669740e+03 5.616083e+03 5.629607e+03 5.683264e+03
1.5 5.642244e+03 5.622530e+03 5.635235e+03 5.654950e+03
2.5 5.715034e+03 5.643742e+03 5.649180e+03 5.720472e+03
3.5 5.703983e+03 5.678534e+03 5.665671e+03 5.691120e+03
4.5 5.674887e+03 5.715365e+03 5.675399e+03 5.634920e+03
5.5 5.776609e+03 5.744672e+03 5.675065e+03 5.707003e+03
6.5 5.726035e+03 5.763587e+03 5.667341e+03 5.629789e+03
7.5 5.761757e+03 5.773683e+03 5.656608e+03 5.644682e+03
8.5 5.797716e+03 5.777793e+03 5.646136e+03 5.666060e+03
9.5 5.760120e+03 5.778310e+03 5.637478e+03 5.619289e+03
10.5 5.774887e+03 5.776053e+03 5.630273e+03 5.629107e+03
11.5 5.738979e+03 5.766603e+03 5.620034e+03 5.592410e+03
12.5 5.785830e+03 5.741894e+03 5.603004e+03 5.646940e+03
13.5 5.728676e+03 5.703514e+03 5.584621e+03 5.609784e+03
14.5 5.643425e+03 5.663263e+03 5.573900e+03 5.554062e+03
15.5 5.693850e+03 5.630900e+03 5.573913e+03 5.636864e+03
16.5 5.581708e+03 5.609405e+03 5.581795e+03 5.554097e+03
17.5 5.571387e+03 5.597245e+03 5.592991e+03 5.567133e+03
18.5 5.629309e+03 5.591560e+03 5.604084e+03 5.641833e+03
19.5 5.654350e+03 5.589895e+03 5.613409e+03 5.677863e+03
20.5 5.587695e+03 5.590607e+03 5.620554e+03 5.617642e+03
21.5 5.606485e+03 5.592700e+03 5.625715e+03 5.639500e+03
22.5 5.558361e+03 5.595544e+03 5.629255e+03 5.592072e+03
23.5 5.610716e+03 5.598695e+03 5.631518e+03 5.643539e+03
24.5 5.594274e+03 5.601822e+03 5.632791e+03 5.625242e+03
25.5 5.589906e+03 5.604684e+03 5.633313e+03 5.618534e+03
26.5 5.560166e+03 5.607135e+03 5.633294e+03 5.586326e+03
27.5 5.552408e+03 5.609113e+03 5.632922e+03 5.576217e+03
28.5 5.561080e+03 5.610628e+03 5.632355e+03 5.582808e+03
29.5 5.586912e+03 5.611732e+03 5.631716e+03 5.606897e+03
30.5 5.567985e+03 5.612674e+03 5.631093e+03 5.586404e+03
31.5 5.575125e+03 5.614589e+03 5.630537e+03 5.591074e+03
32.5 5.588585e+03 5.618418e+03 5.630073e+03 5.600239e+03
33.5 5.606760e+03 5.622812e+03 5.629704e+03 5.613652e+03
34.5 5.590658e+03 5.625491e+03 5.629424e+03 5.594592e+03
35.5 5.637900e+03 5.625633e+03 5.629219e+03 5.641487e+03
36.5 5.603147e+03 5.623891e+03 5.629073e+03 5.608329e+03
37.5 5.571689e+03 5.621351e+03 5.628970e+03 5.579309e+03
38.5 5.631614e+03 5.618830e+03 5.628899e+03 5.641683e+03
39.5 5.633509e+03 5.616724e+03 5.628851e+03 5.645635e+03
40.5 5.592007e+03 5.614952e+03 5.628818e+03 5.605873e+03
41.5 5.626045e+03 5.612404e+03 5.628794e+03 5.642435e+03
42.5 5.608954e+03 5.608120e+03 5.628777e+03 5.629612e+03
43.5 5.628859e+03 5.603426e+03 5.628764e+03 5.654197e+03
44.5 5.601729e+03 5.600581e+03 5.628754e+03 5.629901e+03
45.5 5.565851e+03 5.600384e+03 5.628744e+03 5.594211e+03
0.5 5.673870e+03 5.611302e+03 5.629242e+03 5.691810e+03
1.5 5.639325e+03 5.617838e+03 5.634863e+03 5.656351e+03
2.5 5.670158e+03 5.639077e+03 5.648799e+03 5.679880e+03
3.5 5.730498e+03 5.673847e+03 5.665279e+03 5.721931e+03
4.5 5.724788e+03 5.710617e+03 5.674995e+03 5.689166e+03
5.5 5.787760e+03 5.739835e+03 5.674653e+03 5.722577e+03
6.5 5.725479e+03 5.758643e+03 5.666922e+03 5.633758e+03
7.5 5.788355e+03 5.768616e+03 5.656184e+03 5.675923e+03
8.5 5.746538e+03 5.772594e+03 5.645712e+03 5.619655e+03
9.5 5.764023e+03 5.772971e+03 5.637054e+03 5.628106e+03
10.5 5.800513e+03 5.770567e+03 5.629852e+03 5.659798e+03
11.5 5.796226e+03 5.760979e+03 5.619630e+03 5.654877e+03
12.5 5.764276e+03 5.736139e+03 5.602615e+03 5.630752e+03
13.5 5.774242e+03 5.697608e+03 5.584234e+03 5.660868e+03
14.5 5.662276e+03 5.657200e+03 5.573515e+03 5.578591e+03
15.5 5.651254e+03 5.624674e+03 5.573530e+03 5.600110e+03
16.5 5.576330e+03 5.603011e+03 5.581414e+03 5.554733e+03
17.5 5.560632e+03 5.590677e+03 5.592612e+03 5.562568e+03
18.5 5.581576e+03 5.584813e+03 5.603709e+03 5.600472e+03
19.5 5.571398e+03 5.582964e+03 5.613037e+03 5.601471e+03
20.5 5.611168e+03 5.583488e+03 5.620186e+03 5.647867e+03
21.5 5.588106e+03 5.585388e+03 5.625351e+03 5.628069e+03
22.5 5.562277e+03 5.588034e+03 5.628895e+03 5.603138e+03
23.5 5.580713e+03 5.590983e+03 5.631162e+03 5.620891e+03
24.5 5.586084e+03 5.593904e+03 5.632440e+03 5.624620e+03
25.5 5.571262e+03 5.596556e+03 5.632966e+03 5.607672e+03
26.5 5.654728e+03 5.598791e+03 5.632952e+03 5.688889e+03
27.5 5.554668e+03 5.600551e+03 5.632585e+03 5.586702e+03
28.5 5.568329e+03 5.601842e+03 5.632023e+03 5.598510e+03
29.5 5.588957e+03 5.602720e+03 5.631390e+03 5.617626e+03
30.5 5.576077e+03 5.603431e+03 5.630771e+03 5.603417e+03
31.5 5.592312e+03 5.605111e+03 5.630220e+03 5.617421e+03
32.5 5.615891e+03 5.608702e+03 5.629761e+03 5.636950e+03
33.5 5.618953e+03 5.612853e+03 5.629398e+03 5.635498e+03
34.5 5.574593e+03 5.615285e+03 5.629123e+03 5.588431e+03
35.5 5.594914e+03 5.615176e+03 5.628923e+03 5.608661e+03
36.5 5.583945e+03 5.613179e+03 5.628781e+03 5.599547e+03
37.5 5.621289e+03 5.610383e+03 5.628683e+03 5.639589e+03
38.5 5.600831e+03 5.607602e+03 5.628616e+03 5.621846e+03
39.5 5.594396e+03 5.605231e+03 5.628572e+03 5.617737e+03
40.5 5.627953e+03 5.603189e+03 5.628543e+03 5.653307e+03
41.5 5.635806e+03 5.600368e+03 5.628524e+03 5.663962e+03
42.5 5.579243e+03 5.595806e+03 5.628510e+03 5.611947e+03
43.5 5.583871e+03 5.590830e+03 5.628501e+03 5.621542e+03
44.5 5.555551e+03 5.587696e+03 5.628494e+03 5.596349e+03
45.5 5.569023e+03 5.587205e+03 5.628487e+03 5.610306e+03
0.5 5.643320e+03 5.595813e+03 5.629093e+03 5.676599e+03
1.5 5.583458e+03 5.602002e+03 5.634706e+03 5.616162e+03
2.5 5.619330e+03 5.622881e+03 5.648632e+03 5.645080e+03
3.5 5.666937e+03 5.657268e+03 5.665093e+03 5.674762e+03
4.5 5.740226e+03 5.693627e+03 5.674782e+03 5.721381e+03
5.5 5.775431e+03 5.722399e+03 5.674405e+03 5.727437e+03
6.5 5.734192e+03 5.740729e+03 5.666637e+03 5.660099e+03
7.5 5.769482e+03 5.750198e+03 5.655864e+03 5.675148e+03
8.5 5.701164e+03 5.753646e+03 5.645360e+03 5.592878e+03
9.5 5.692378e+03 5.753472e+03 5.636676e+03 5.575581e+03
10.5 5.697257e+03 5.750543e+03 5.629450e+03 5.576164e+03
