0.5 6.468476e+03 6.503645e+03 6.534026e+03 6.498856e+03
1.5 6.472294e+03 6.502581e+03 6.533049e+03 6.502761e+03
2.5 6.472370e+03 6.496969e+03 6.525657e+03 6.501058e+03
3.5 6.500635e+03 6.485826e+03 6.506385e+03 6.521194e+03
4.5 6.479859e+03 6.471901e+03 6.477007e+03 6.484965e+03
5.5 6.471980e+03 6.458657e+03 6.444165e+03 6.457488e+03
6.5 6.529840e+03 6.448119e+03 6.414124e+03 6.495846e+03
7.5 6.466990e+03 6.440759e+03 6.390279e+03 6.416510e+03
8.5 6.427042e+03 6.436175e+03 6.373337e+03 6.364204e+03
9.5 6.417664e+03 6.433703e+03 6.362480e+03 6.346441e+03
10.5 6.422461e+03 6.432875e+03 6.356383e+03 6.345969e+03
11.5 6.401374e+03 6.434484e+03 6.354649e+03 6.321539e+03
12.5 6.465108e+03 6.441179e+03 6.361746e+03 6.385675e+03
13.5 6.445466e+03 6.453703e+03 6.382291e+03 6.374054e+03
14.5 6.479706e+03 6.469132e+03 6.413867e+03 6.424441e+03
15.5 6.517297e+03 6.483869e+03 6.449340e+03 6.482768e+03
16.5 6.529414e+03 6.495793e+03 6.482080e+03 6.515700e+03
17.5 6.487361e+03 6.504378e+03 6.508443e+03 6.491426e+03
18.5 6.497016e+03 6.509998e+03 6.527570e+03 6.514588e+03
19.5 6.503431e+03 6.513319e+03 6.540211e+03 6.530323e+03
20.5 6.513862e+03 6.514974e+03 6.547691e+03 6.546580e+03
21.5 6.451624e+03 6.515467e+03 6.551332e+03 6.487489e+03
22.5 6.480548e+03 6.515182e+03 6.552253e+03 6.517619e+03
23.5 6.477309e+03 6.514412e+03 6.551344e+03 6.514241e+03
24.5 6.474108e+03 6.513385e+03 6.549306e+03 6.510028e+03
25.5 6.474486e+03 6.512274e+03 6.546681e+03 6.508893e+03
26.5 6.461208e+03 6.511203e+03 6.543880e+03 6.493885e+03
27.5 6.451584e+03 6.510249e+03 6.541186e+03 6.482521e+03
28.5 6.463968e+03 6.509450e+03 6.538776e+03 6.493294e+03
29.5 6.493390e+03 6.508818e+03 6.536737e+03 6.521308e+03
30.5 6.499721e+03 6.508360e+03 6.535085e+03 6.526446e+03
31.5 6.545038e+03 6.508494e+03 6.533797e+03 6.570341e+03
32.5 6.520205e+03 6.511274e+03 6.532823e+03 6.541754e+03
33.5 6.502265e+03 6.518490e+03 6.532104e+03 6.515878e+03
34.5 6.506848e+03 6.529224e+03 6.531582e+03 6.509205e+03
35.5 6.558518e+03 6.540973e+03 6.531207e+03 6.548753e+03
36.5 6.550274e+03 6.551536e+03 6.530939e+03 6.529676e+03
37.5 6.573731e+03 6.559801e+03 6.530744e+03 6.544674e+03
38.5 6.578779e+03 6.565595e+03 6.530602e+03 6.543786e+03
39.5 6.570175e+03 6.569251e+03 6.530495e+03 6.531419e+03
40.5 6.574590e+03 6.571236e+03 6.530412e+03 6.533766e+03
41.5 6.568426e+03 6.571568e+03 6.530345e+03 6.527204e+03
42.5 6.529228e+03 6.568537e+03 6.530290e+03 6.490981e+03
43.5 6.577687e+03 6.560620e+03 6.530244e+03 6.547311e+03
44.5 6.539936e+03 6.548935e+03 6.530204e+03 6.521206e+03
45.5 6.578328e+03 6.536138e+03 6.530170e+03 6.572360e+03
0.5 6.505705e+03 6.509341e+03 6.532861e+03 6.529226e+03
1.5 6.479917e+03 6.508301e+03 6.532105e+03 6.503721e+03
2.5 6.490016e+03 6.502735e+03 6.524943e+03 6.512224e+03
3.5 6.461993e+03 6.491645e+03 6.505911e+03 6.476258e+03
4.5 6.435689e+03 6.477772e+03 6.476785e+03 6.434701e+03
5.5 6.408472e+03 6.464576e+03 6.444206e+03 6.388102e+03
6.5 6.447995e+03 6.454081e+03 6.414438e+03 6.408352e+03
7.5 6.464540e+03 6.446761e+03 6.390873e+03 6.408653e+03
8.5 6.436656e+03 6.442215e+03 6.374218e+03 6.368659e+03
9.5 6.477783e+03 6.439782e+03 6.363653e+03 6.401654e+03
10.5 6.474369e+03 6.438995e+03 6.357852e+03 6.393226e+03
11.5 6.416033e+03 6.440648e+03 6.356416e+03 6.331802e+03
12.5 6.456095e+03 6.447383e+03 6.363798e+03 6.372510e+03
13.5 6.440209e+03 6.459953e+03 6.384630e+03 6.364886e+03
14.5 6.458772e+03 6.475434e+03 6.416497e+03 6.399835e+03
15.5 6.466796e+03 6.490229e+03 6.452265e+03 6.428833e+03
16.5 6.441467e+03 6.502218e+03 6.485304e+03 6.424553e+03
17.5 6.493884e+03 6.510872e+03 6.511969e+03 6.494981e+03
18.5 6.521304e+03 6.516567e+03 6.531401e+03 6.536138e+03
19.5 6.468815e+03 6.519969e+03 6.544351e+03 6.493198e+03
20.5 6.528102e+03 6.521709e+03 6.552141e+03 6.558534e+03
21.5 6.492037e+03 6.522294e+03 6.556097e+03 6.525841e+03
22.5 6.483137e+03 6.522105e+03 6.557334e+03 6.518367e+03
23.5 6.490689e+03 6.521435e+03 6.556744e+03 6.525999e+03
24.5 6.481856e+03 6.520513e+03 6.555027e+03 6.516371e+03
25.5 6.509408e+03 6.519511e+03 6.552727e+03 6.542623e+03
26.5 6.510575e+03 6.518553e+03 6.550251e+03 6.542273e+03
27.5 6.486807e+03 6.517717e+03 6.547886e+03 6.516977e+03
28.5 6.549801e+03 6.517040e+03 6.545807e+03 6.578569e+03
29.5 6.536006e+03 6.516532e+03 6.544101e+03 6.563574e+03
30.5 6.514670e+03 6.516204e+03 6.542785e+03 6.541251e+03
31.5 6.542535e+03 6.516470e+03 6.541835e+03 6.567899e+03
32.5 6.546050e+03 6.519387e+03 6.541200e+03 6.567863e+03
33.5 6.540177e+03 6.526742e+03 6.540823e+03 6.554258e+03
34.5 6.546159e+03 6.537619e+03 6.540646e+03 6.549186e+03
35.5 6.545703e+03 6.549514e+03 6.540619e+03 6.536807e+03
36.5 6.584117e+03 6.560218e+03 6.540700e+03 6.564599e+03
37.5 6.582382e+03 6.568618e+03 6.540859e+03 6.554624e+03
38.5 6.539055e+03 6.574558e+03 6.541073e+03 6.505571e+03
39.5 6.560985e+03 6.578363e+03 6.541325e+03 6.523947e+03
40.5 6.560675e+03 6.580499e+03 6.541604e+03 6.521781e+03
41.5 6.565982e+03 6.580984e+03 6.541904e+03 6.526902e+03
42.5 6.576240e+03 6.578111e+03 6.542218e+03 6.540347e+03
43.5 6.565242e+03 6.570357e+03 6.542545e+03 6.537429e+03
44.5 6.612425e+03 6.558842e+03 6.542882e+03 6.596466e+03
45.5 6.539563e+03 6.546223e+03 6.543229e+03 6.536569e+03
0.5 6.537986e+03 6.520243e+03 6.549673e+03 6.567415e+03
1.5 6.492700e+03 6.519418e+03 6.549299e+03 6.522581e+03
2.5 6.525129e+03 6.514074e+03 6.542531e+03 6.553586e+03
3.5 6.512352e+03 6.503216e+03 6.523908e+03 6.533044e+03
4.5 6.483247e+03 6.489589e+03 6.495212e+03 6.488871e+03
5.5 6.472667e+03 6.476653e+03 6.463092e+03 6.459106e+03
6.5 6.474245e+03 6.466436e+03 6.433815e+03 6.441625e+03
7.5 6.412075e+03 6.459409e+03 6.410774e+03 6.363440e+03
8.5 6.413216e+03 6.455172e+03 6.394673e+03 6.352717e+03
9.5 6.425540e+03 6.453062e+03 6.384691e+03 6.357169e+03
10.5 6.459161e+03 6.453086e+03 6.379498e+03 6.385573e+03
