0.5 9.090171e+03 9.116313e+03 9.172107e+03 9.145965e+03
1.5 9.084203e+03 9.118747e+03 9.171520e+03 9.136976e+03
2.5 9.134769e+03 9.124061e+03 9.164135e+03 9.174843e+03
3.5 9.161075e+03 9.131484e+03 9.144167e+03 9.173759e+03
4.5 9.148955e+03 9.138350e+03 9.113497e+03 9.124103e+03
5.5 9.161552e+03 9.142941e+03 9.079157e+03 9.097769e+03
6.5 9.164409e+03 9.145168e+03 9.047781e+03 9.067022e+03
7.5 9.155682e+03 9.145762e+03 9.022960e+03 9.032880e+03
8.5 9.153431e+03 9.145509e+03 9.005442e+03 9.013365e+03
9.5 9.177294e+03 9.144929e+03 8.994361e+03 9.026725e+03
10.5 9.169105e+03 9.144104e+03 8.988310e+03 9.013311e+03
11.5 9.162798e+03 9.141895e+03 8.986869e+03 9.007771e+03
12.5 9.125920e+03 9.136721e+03 8.994751e+03 8.983951e+03
13.5 9.121578e+03 9.129417e+03 9.016864e+03 9.009025e+03
14.5 9.126458e+03 9.122702e+03 9.050649e+03 9.054405e+03
15.5 9.106357e+03 9.118321e+03 9.088552e+03 9.076588e+03
16.5 9.140738e+03 9.116378e+03 9.123551e+03 9.147910e+03
17.5 9.133200e+03 9.116140e+03 9.151788e+03 9.168848e+03
18.5 9.110575e+03 9.116809e+03 9.172352e+03 9.166119e+03
19.5 9.107221e+03 9.117844e+03 9.186039e+03 9.175416e+03
20.5 9.133273e+03 9.118965e+03 9.194250e+03 9.208559e+03
21.5 9.121826e+03 9.120049e+03 9.198387e+03 9.200164e+03
22.5 9.113527e+03 9.121049e+03 9.199632e+03 9.192110e+03
23.5 9.132735e+03 9.121939e+03 9.198930e+03 9.209726e+03
24.5 9.143338e+03 9.122705e+03 9.197020e+03 9.217654e+03
25.5 9.124237e+03 9.123339e+03 9.194481e+03 9.195378e+03
26.5 9.105624e+03 9.123844e+03 9.191743e+03 9.173522e+03
27.5 9.095547e+03 9.124234e+03 9.189109e+03 9.160422e+03
28.5 9.099465e+03 9.124526e+03 9.186764e+03 9.161703e+03
29.5 9.089186e+03 9.124745e+03 9.184801e+03 9.149243e+03
30.5 9.079905e+03 9.125094e+03 9.183235e+03 9.138046e+03
31.5 9.068888e+03 9.126833e+03 9.181093e+03 9.123148e+03
32.5 9.119354e+03 9.131595e+03 9.172484e+03 9.160244e+03
33.5 9.138366e+03 9.138567e+03 9.151562e+03 9.151361e+03
34.5 9.146747e+03 9.145050e+03 9.120146e+03 9.121843e+03
35.5 9.159158e+03 9.149304e+03 9.085215e+03 9.095070e+03
36.5 9.155105e+03 9.151222e+03 9.053359e+03 9.057243e+03
37.5 9.126469e+03 9.151527e+03 9.028137e+03 9.003079e+03
38.5 9.154953e+03 9.150997e+03 9.010272e+03 9.014229e+03
39.5 9.145826e+03 9.150150e+03 8.998881e+03 8.994557e+03
40.5 9.096222e+03 9.149064e+03 8.992544e+03 8.939702e+03
41.5 9.168127e+03 9.146600e+03 8.990834e+03 9.012360e+03
42.5 9.186068e+03 9.141176e+03 8.998458e+03 9.043351e+03
43.5 9.163565e+03 9.133627e+03 9.020322e+03 9.050261e+03
44.5 9.158905e+03 9.126670e+03 9.053864e+03 9.086098e+03
45.5 9.103197e+03 9.122053e+03 9.091529e+03 9.072673e+03
0.5 9.079905e+03 9.125094e+03 9.183235e+03 9.138046e+03
1.5 9.068888e+03 9.126833e+03 9.181093e+03 9.123148e+03
2.5 9.119354e+03 9.131595e+03 9.172484e+03 9.160244e+03
3.5 9.138366e+03 9.138567e+03 9.151562e+03 9.151361e+03
4.5 9.146747e+03 9.145050e+03 9.120146e+03 9.121843e+03
5.5 9.159158e+03 9.149304e+03 9.085215e+03 9.095070e+03
6.5 9.155105e+03 9.151222e+03 9.053359e+03 9.057243e+03
7.5 9.126469e+03 9.151527e+03 9.028137e+03 9.003079e+03
8.5 9.154953e+03 9.150997e+03 9.010272e+03 9.014229e+03
9.5 9.145826e+03 9.150150e+03 8.998881e+03 8.994557e+03
10.5 9.096222e+03 9.149064e+03 8.992544e+03 8.939702e+03
11.5 9.168127e+03 9.146600e+03 8.990834e+03 9.012360e+03
12.5 9.186068e+03 9.141176e+03 8.998458e+03 9.043351e+03
13.5 9.163565e+03 9.133627e+03 9.020322e+03 9.050261e+03
14.5 9.158905e+03 9.126670e+03 9.053864e+03 9.086098e+03
15.5 9.103197e+03 9.122053e+03 9.091529e+03 9.072673e+03
16.5 9.111877e+03 9.119879e+03 9.126296e+03 9.118293e+03
17.5 9.113780e+03 9.119413e+03 9.154304e+03 9.148671e+03
18.5 9.067578e+03 9.119858e+03 9.174644e+03 9.122363e+03
19.5 9.114529e+03 9.120674e+03 9.188109e+03 9.181964e+03
20.5 9.101226e+03 9.121579e+03 9.196102e+03 9.175749e+03
21.5 9.123496e+03 9.122453e+03 9.200025e+03 9.201069e+03
22.5 9.100811e+03 9.123245e+03 9.201060e+03 9.178627e+03
23.5 9.088727e+03 9.123932e+03 9.200151e+03 9.164946e+03
24.5 9.098696e+03 9.124498e+03 9.198038e+03 9.172237e+03
25.5 9.092197e+03 9.124936e+03 9.195300e+03 9.162560e+03
26.5 9.134271e+03 9.125250e+03 9.192366e+03 9.201387e+03
27.5 9.156157e+03 9.125451e+03 9.189541e+03 9.220246e+03
28.5 9.159590e+03 9.125559e+03 9.187009e+03 9.221039e+03
29.5 9.198670e+03 9.125598e+03 9.184861e+03 9.257933e+03
30.5 9.192282e+03 9.126296e+03 9.183119e+03 9.249105e+03
31.5 9.171261e+03 9.132696e+03 9.181754e+03 9.220319e+03
32.5 9.180594e+03 9.152665e+03 9.180715e+03 9.208644e+03
33.5 9.173410e+03 9.184691e+03 9.179938e+03 9.168657e+03
34.5 9.217099e+03 9.217880e+03 9.179364e+03 9.178582e+03
35.5 9.249112e+03 9.243576e+03 9.178939e+03 9.184475e+03
36.5 9.258165e+03 9.259500e+03 9.178618e+03 9.177283e+03
37.5 9.344042e+03 9.267410e+03 9.178370e+03 9.255002e+03
38.5 9.316433e+03 9.270075e+03 9.178170e+03 9.224527e+03
39.5 9.324701e+03 9.269729e+03 9.178000e+03 9.232972e+03
40.5 9.337921e+03 9.267062e+03 9.177849e+03 9.248707e+03
41.5 9.284745e+03 9.257834e+03 9.177707e+03 9.204619e+03
42.5 9.221339e+03 9.234647e+03 9.177572e+03 9.164264e+03
43.5 9.149949e+03 9.199328e+03 9.177438e+03 9.128059e+03
44.5 9.107125e+03 9.163008e+03 9.177305e+03 9.121422e+03
45.5 9.098524e+03 9.134510e+03 9.177170e+03 9.141185e+03
0.5 9.122422e+03 9.121241e+03 9.174874e+03 9.176055e+03
1.5 9.113068e+03 9.123078e+03 9.173747e+03 9.163738e+03
2.5 9.101974e+03 9.127802e+03 9.165831e+03 9.140003e+03
3.5 9.085156e+03 9.134644e+03 9.145339e+03 9.095851e+03
4.5 9.137111e+03 9.140936e+03 9.114152e+03 9.110327e+03
5.5 9.130803e+03 9.144960e+03 9.079302e+03 9.065145e+03
6.5 9.119159e+03 9.146610e+03 9.047423e+03 9.019972e+03
7.5 9.141716e+03 9.146612e+03 9.022101e+03 9.017206e+03
8.5 9.153617e+03 9.145784e+03 9.004089e+03 9.011922e+03
9.5 9.131556e+03 9.144636e+03 8.992520e+03 8.979440e+03
10.5 9.136698e+03 9.143245e+03 8.985987e+03 8.979440e+03
11.5 9.095504e+03 9.140474e+03 8.984070e+03 8.939100e+03
12.5 9.135550e+03 9.134741e+03 8.991483e+03 8.992291e+03
13.5 9.121872e+03 9.126888e+03 9.013132e+03 9.008115e+03
14.5 9.080658e+03 9.119633e+03 9.046458e+03 9.007483e+03
15.5 9.129531e+03 9.114725e+03 9.083907e+03 9.098713e+03
16.5 9.127320e+03 9.112266e+03 9.118458e+03 9.133512e+03
17.5 9.079432e+03 9.111521e+03 9.146252e+03 9.114164e+03
18.5 9.073292e+03 9.111690e+03 9.166378e+03 9.127980e+03
19.5 9.048883e+03 9.112231e+03 9.179631e+03 9.116283e+03
20.5 9.102495e+03 9.112860e+03 9.187412e+03 9.177047e+03
21.5 9.100836e+03 9.113456e+03 9.191123e+03 9.178504e+03
22.5 9.088249e+03 9.113967e+03 9.191946e+03 9.166229e+03
23.5 9.112631e+03 9.114369e+03 9.190825e+03 9.189087e+03
24.5 9.140861e+03 9.114646e+03 9.188499e+03 9.214714e+03
25.5 9.159561e+03 9.114790e+03 9.185546e+03 9.230317e+03
26.5 9.157033e+03 9.114804e+03 9.182398e+03 9.224627e+03
27.5 9.134196e+03 9.114699e+03 9.179355e+03 9.198851e+03
28.5 9.138166e+03 9.114496e+03 9.176603e+03 9.200273e+03
29.5 9.125483e+03 9.114217e+03 9.174234e+03 9.185500e+03
30.5 9.138452e+03 9.114591e+03 9.172267e+03 9.196128e+03
31.5 9.118544e+03 9.120660e+03 9.170674e+03 9.168558e+03
32.5 9.146644e+03 9.140287e+03 9.169403e+03 9.175761e+03
33.5 9.210922e+03 9.171954e+03 9.168391e+03 9.207359e+03
34.5 9.262254e+03 9.204760e+03 9.167577e+03 9.225070e+03
35.5 9.259767e+03 9.230045e+03 9.166907e+03 9.196628e+03
36.5 9.297687e+03 9.245534e+03 9.166337e+03 9.218490e+03
37.5 9.267462e+03 9.252986e+03 9.165833e+03 9.180309e+03
38.5 9.195940e+03 9.255176e+03 9.165371e+03 9.106135e+03
39.5 9.175161e+03 9.254342e+03 9.164934e+03 9.085753e+03
40.5 9.118700e+03 9.252066e+03 9.164507e+03 9.031141e+03
