0.5 8.791004e+03 8.785341e+03 8.860687e+03 8.866350e+03
1.5 8.806752e+03 8.792237e+03 8.859727e+03 8.874242e+03
2.5 8.806525e+03 8.808100e+03 8.852465e+03 8.850890e+03
3.5 8.846983e+03 8.830713e+03 8.833529e+03 8.849799e+03
4.5 8.865203e+03 8.851959e+03 8.804664e+03 8.817908e+03
5.5 8.893234e+03 8.866452e+03 8.772396e+03 8.799178e+03
6.5 8.928075e+03 8.873725e+03 8.742880e+03 8.797230e+03
7.5 8.933868e+03 8.875881e+03 8.719451e+03 8.777438e+03
8.5 8.898094e+03 8.875263e+03 8.702804e+03 8.725636e+03
9.5 8.872780e+03 8.873474e+03 8.692138e+03 8.691444e+03
10.5 8.878132e+03 8.870799e+03 8.686147e+03 8.693480e+03
11.5 8.824217e+03 8.863824e+03 8.684443e+03 8.644836e+03
12.5 8.862865e+03 8.847657e+03 8.691416e+03 8.706625e+03
13.5 8.860779e+03 8.824700e+03 8.711603e+03 8.747682e+03
14.5 8.851093e+03 8.803188e+03 8.742627e+03 8.790532e+03
15.5 8.898211e+03 8.788597e+03 8.777480e+03 8.887093e+03
16.5 8.894117e+03 8.781441e+03 8.809648e+03 8.922325e+03
17.5 8.865351e+03 8.779622e+03 8.835551e+03 8.921280e+03
18.5 8.904052e+03 8.780770e+03 8.854344e+03 8.977625e+03
19.5 8.875690e+03 8.783236e+03 8.866764e+03 8.959217e+03
20.5 8.869757e+03 8.786133e+03 8.874113e+03 8.957738e+03
21.5 8.819107e+03 8.789054e+03 8.877691e+03 8.907744e+03
22.5 8.816096e+03 8.791820e+03 8.878596e+03 8.902872e+03
23.5 8.776795e+03 8.794329e+03 8.877703e+03 8.860169e+03
24.5 8.734878e+03 8.796514e+03 8.875700e+03 8.814063e+03
25.5 8.731061e+03 8.798336e+03 8.873121e+03 8.805846e+03
26.5 8.684165e+03 8.799793e+03 8.870369e+03 8.754741e+03
27.5 8.675874e+03 8.800912e+03 8.867722e+03 8.742684e+03
28.5 8.694298e+03 8.801747e+03 8.865355e+03 8.757906e+03
29.5 8.703577e+03 8.802361e+03 8.863350e+03 8.764566e+03
30.5 8.741098e+03 8.803042e+03 8.861728e+03 8.799784e+03
31.5 8.806387e+03 8.805845e+03 8.860462e+03 8.861004e+03
32.5 8.817155e+03 8.815774e+03 8.859505e+03 8.860886e+03
33.5 8.867665e+03 8.834816e+03 8.858798e+03 8.891647e+03
34.5 8.895586e+03 8.858723e+03 8.858286e+03 8.895149e+03
35.5 8.920869e+03 8.881781e+03 8.857918e+03 8.897006e+03
36.5 8.916117e+03 8.900468e+03 8.857654e+03 8.873303e+03
37.5 8.944864e+03 8.913829e+03 8.857463e+03 8.888498e+03
38.5 8.949269e+03 8.922433e+03 8.857323e+03 8.884159e+03
39.5 8.955457e+03 8.927355e+03 8.857218e+03 8.885320e+03
40.5 8.930482e+03 8.929408e+03 8.857136e+03 8.858210e+03
41.5 8.908819e+03 8.927419e+03 8.857071e+03 8.838471e+03
42.5 8.880949e+03 8.917042e+03 8.857017e+03 8.820923e+03
43.5 8.875483e+03 8.896787e+03 8.856971e+03 8.835667e+03
44.5 8.852848e+03 8.871280e+03 8.856932e+03 8.838500e+03
45.5 8.882814e+03 8.846517e+03 8.856898e+03 8.893194e+03
0.5 8.871177e+03 8.809081e+03 8.859543e+03 8.921638e+03
1.5 8.819591e+03 8.814680e+03 8.858800e+03 8.863711e+03
2.5 8.835931e+03 8.829453e+03 8.851763e+03 8.858241e+03
3.5 8.818227e+03 8.851137e+03 8.833063e+03 8.800154e+03
4.5 8.824101e+03 8.871575e+03 8.804446e+03 8.756972e+03
5.5 8.835420e+03 8.885351e+03 8.772435e+03 8.722504e+03
6.5 8.881648e+03 8.891976e+03 8.743188e+03 8.732860e+03
7.5 8.962165e+03 8.893535e+03 8.720034e+03 8.788664e+03
8.5 8.958976e+03 8.892359e+03 8.703670e+03 8.770286e+03
9.5 8.984533e+03 8.890043e+03 8.693290e+03 8.787780e+03
10.5 8.971067e+03 8.886866e+03 8.687590e+03 8.771791e+03
11.5 8.888929e+03 8.879420e+03 8.686180e+03 8.695688e+03
12.5 8.835936e+03 8.862808e+03 8.693432e+03 8.666560e+03
13.5 8.776421e+03 8.839408e+03 8.713901e+03 8.650913e+03
14.5 8.724018e+03 8.817467e+03 8.745211e+03 8.651761e+03
15.5 8.728521e+03 8.802461e+03 8.780354e+03 8.706414e+03
16.5 8.723530e+03 8.794902e+03 8.812816e+03 8.741444e+03
17.5 8.760209e+03 8.792691e+03 8.839015e+03 8.806533e+03
18.5 8.811537e+03 8.793460e+03 8.858108e+03 8.876185e+03
19.5 8.845676e+03 8.795557e+03 8.870832e+03 8.920950e+03
20.5 8.862999e+03 8.798095e+03 8.878486e+03 8.943389e+03
21.5 8.822961e+03 8.800669e+03 8.882372e+03 8.904665e+03
22.5 8.816338e+03 8.803097e+03 8.883588e+03 8.896830e+03
23.5 8.769620e+03 8.805278e+03 8.883009e+03 8.847351e+03
24.5 8.760819e+03 8.807143e+03 8.881321e+03 8.834997e+03
25.5 8.742328e+03 8.808656e+03 8.879061e+03 8.812734e+03
26.5 8.732987e+03 8.809811e+03 8.876629e+03 8.799805e+03
27.5 8.740639e+03 8.810637e+03 8.874305e+03 8.804308e+03
28.5 8.801439e+03 8.811187e+03 8.872263e+03 8.862515e+03
29.5 8.840500e+03 8.811524e+03 8.870586e+03 8.899562e+03
30.5 8.839893e+03 8.811935e+03 8.869293e+03 8.897250e+03
31.5 8.843036e+03 8.814475e+03 8.868359e+03 8.896920e+03
32.5 8.837123e+03 8.824149e+03 8.867736e+03 8.880710e+03
33.5 8.831383e+03 8.842942e+03 8.867365e+03 8.855806e+03
34.5 8.875458e+03 8.866607e+03 8.867192e+03 8.876043e+03
35.5 8.904763e+03 8.889428e+03 8.867165e+03 8.882500e+03
36.5 8.930094e+03 8.907876e+03 8.867245e+03 8.889463e+03
37.5 8.937381e+03 8.920982e+03 8.867401e+03 8.883800e+03
38.5 8.908437e+03 8.929340e+03 8.867611e+03 8.846708e+03
39.5 8.915231e+03 8.934021e+03 8.867859e+03 8.849068e+03
40.5 8.901364e+03 8.935837e+03 8.868133e+03 8.833660e+03
41.5 8.876682e+03 8.933613e+03 8.868427e+03 8.811496e+03
42.5 8.881135e+03 8.923004e+03 8.868736e+03 8.826868e+03
43.5 8.889665e+03 8.902522e+03 8.869057e+03 8.856199e+03
44.5 8.897659e+03 8.876798e+03 8.869389e+03 8.890249e+03
45.5 8.862244e+03 8.851832e+03 8.869730e+03 8.880142e+03
0.5 8.818105e+03 8.809710e+03 8.876061e+03 8.884456e+03
1.5 8.796904e+03 8.815236e+03 8.875694e+03 8.857362e+03
2.5 8.866945e+03 8.829932e+03 8.869043e+03 8.906056e+03
3.5 8.911473e+03 8.851532e+03 8.850745e+03 8.910686e+03
4.5 8.956307e+03 8.871875e+03 8.822551e+03 8.906984e+03
5.5 8.955809e+03 8.885544e+03 8.790992e+03 8.861257e+03
6.5 8.942037e+03 8.892051e+03 8.762227e+03 8.812213e+03
7.5 8.867095e+03 8.893487e+03 8.739588e+03 8.713196e+03
8.5 8.800212e+03 8.892183e+03 8.723768e+03 8.631797e+03
9.5 8.769881e+03 8.889740e+03 8.713960e+03 8.594101e+03
10.5 8.750876e+03 8.886918e+03 8.708858e+03 8.572816e+03
