0.5 9.384504e+03 9.414366e+03 9.408262e+03 9.378400e+03
1.5 9.348119e+03 9.405917e+03 9.407875e+03 9.350077e+03
2.5 9.318966e+03 9.377504e+03 9.400685e+03 9.342147e+03
3.5 9.290150e+03 9.332157e+03 9.380904e+03 9.338897e+03
4.5 9.281013e+03 9.286310e+03 9.350407e+03 9.345110e+03
5.5 9.287009e+03 9.252342e+03 9.316221e+03 9.350887e+03
6.5 9.283547e+03 9.232927e+03 9.284976e+03 9.335597e+03
7.5 9.219583e+03 9.224940e+03 9.260268e+03 9.254911e+03
8.5 9.234616e+03 9.224056e+03 9.242846e+03 9.253406e+03
9.5 9.236932e+03 9.226962e+03 9.231850e+03 9.241820e+03
10.5 9.199529e+03 9.231692e+03 9.225872e+03 9.193709e+03
11.5 9.217027e+03 9.237213e+03 9.223549e+03 9.203363e+03
12.5 9.211960e+03 9.242964e+03 9.223759e+03 9.192755e+03
13.5 9.179043e+03 9.248583e+03 9.225626e+03 9.156086e+03
14.5 9.204585e+03 9.253800e+03 9.228472e+03 9.179257e+03
15.5 9.250883e+03 9.258428e+03 9.231777e+03 9.224231e+03
16.5 9.240417e+03 9.262372e+03 9.235153e+03 9.213198e+03
17.5 9.273353e+03 9.265623e+03 9.238333e+03 9.246063e+03
18.5 9.268074e+03 9.268242e+03 9.241156e+03 9.240989e+03
19.5 9.302054e+03 9.270334e+03 9.243549e+03 9.275270e+03
20.5 9.347891e+03 9.272718e+03 9.245508e+03 9.320681e+03
21.5 9.323491e+03 9.280499e+03 9.248014e+03 9.291007e+03
22.5 9.339763e+03 9.301501e+03 9.256959e+03 9.295220e+03
23.5 9.327368e+03 9.334193e+03 9.278192e+03 9.271367e+03
24.5 9.367998e+03 9.367793e+03 9.309897e+03 9.310102e+03
25.5 9.401966e+03 9.393816e+03 9.345103e+03 9.353253e+03
26.5 9.385546e+03 9.410117e+03 9.377225e+03 9.352655e+03
27.5 9.437818e+03 9.418512e+03 9.402707e+03 9.422013e+03
28.5 9.416823e+03 9.421779e+03 9.420824e+03 9.415869e+03
29.5 9.432791e+03 9.422131e+03 9.432461e+03 9.443120e+03
30.5 9.414069e+03 9.420237e+03 9.439032e+03 9.432864e+03
31.5 9.396481e+03 9.411846e+03 9.440966e+03 9.425601e+03
32.5 9.381044e+03 9.389665e+03 9.433543e+03 9.424923e+03
33.5 9.388549e+03 9.355631e+03 9.411880e+03 9.444797e+03
34.5 9.349545e+03 9.320774e+03 9.378536e+03 9.407307e+03
35.5 9.353426e+03 9.293763e+03 9.341061e+03 9.400724e+03
36.5 9.318555e+03 9.276851e+03 9.306470e+03 9.348173e+03
37.5 9.335365e+03 9.268255e+03 9.278621e+03 9.345730e+03
38.5 9.356474e+03 9.265175e+03 9.258423e+03 9.349722e+03
39.5 9.310642e+03 9.265334e+03 9.245083e+03 9.290392e+03
40.5 9.330418e+03 9.267286e+03 9.237201e+03 9.300333e+03
41.5 9.332920e+03 9.270197e+03 9.233376e+03 9.296099e+03
42.5 9.279751e+03 9.273567e+03 9.232427e+03 9.238610e+03
43.5 9.259604e+03 9.277053e+03 9.233410e+03 9.215962e+03
44.5 9.255398e+03 9.280400e+03 9.235587e+03 9.210585e+03
45.5 9.270336e+03 9.283428e+03 9.238380e+03 9.225289e+03
46.5 9.235042e+03 9.286033e+03 9.241359e+03 9.190368e+03
47.5 9.237312e+03 9.288183e+03 9.244222e+03 9.193350e+03
48.5 9.227502e+03 9.289903e+03 9.246783e+03 9.184382e+03
49.5 9.207958e+03 9.291251e+03 9.248952e+03 9.165659e+03
50.5 9.281645e+03 9.292441e+03 9.250711e+03 9.239915e+03
51.5 9.259010e+03 9.294322e+03 9.253036e+03 9.217723e+03
52.5 9.309616e+03 9.297135e+03 9.261810e+03 9.274291e+03
53.5 9.321918e+03 9.299250e+03 9.282877e+03 9.305545e+03
54.5 9.304558e+03 9.298979e+03 9.314418e+03 9.319997e+03
55.5 9.295121e+03 9.296294e+03 9.349461e+03 9.348287e+03
0.5 9.414069e+03 9.420237e+03 9.439032e+03 9.432864e+03
1.5 9.396481e+03 9.411846e+03 9.440966e+03 9.425601e+03
2.5 9.381044e+03 9.389665e+03 9.433543e+03 9.424923e+03
3.5 9.388549e+03 9.355631e+03 9.411880e+03 9.444797e+03
4.5 9.349545e+03 9.320774e+03 9.378536e+03 9.407307e+03
5.5 9.353426e+03 9.293763e+03 9.341061e+03 9.400724e+03
6.5 9.318555e+03 9.276851e+03 9.306470e+03 9.348173e+03
7.5 9.335365e+03 9.268255e+03 9.278621e+03 9.345730e+03
8.5 9.356474e+03 9.265175e+03 9.258423e+03 9.349722e+03
9.5 9.310642e+03 9.265334e+03 9.245083e+03 9.290392e+03
10.5 9.330418e+03 9.267286e+03 9.237201e+03 9.300333e+03
11.5 9.332920e+03 9.270197e+03 9.233376e+03 9.296099e+03
12.5 9.279751e+03 9.273567e+03 9.232427e+03 9.238610e+03
13.5 9.259604e+03 9.277053e+03 9.233410e+03 9.215962e+03
14.5 9.255398e+03 9.280400e+03 9.235587e+03 9.210585e+03
15.5 9.270336e+03 9.283428e+03 9.238380e+03 9.225289e+03
16.5 9.235042e+03 9.286033e+03 9.241359e+03 9.190368e+03
17.5 9.237312e+03 9.288183e+03 9.244222e+03 9.193350e+03
18.5 9.227502e+03 9.289903e+03 9.246783e+03 9.184382e+03
19.5 9.207958e+03 9.291251e+03 9.248952e+03 9.165659e+03
20.5 9.281645e+03 9.292441e+03 9.250711e+03 9.239915e+03
21.5 9.259010e+03 9.294322e+03 9.253036e+03 9.217723e+03
22.5 9.309616e+03 9.297135e+03 9.261810e+03 9.274291e+03
23.5 9.321918e+03 9.299250e+03 9.282877e+03 9.305545e+03
24.5 9.304558e+03 9.298979e+03 9.314418e+03 9.319997e+03
25.5 9.295121e+03 9.296294e+03 9.349461e+03 9.348287e+03
26.5 9.315970e+03 9.292337e+03 9.381421e+03 9.405053e+03
27.5 9.287327e+03 9.288322e+03 9.406742e+03 9.405748e+03
28.5 9.289451e+03 9.284984e+03 9.424703e+03 9.429169e+03
29.5 9.319352e+03 9.282567e+03 9.436185e+03 9.472971e+03
30.5 9.312388e+03 9.280875e+03 9.442608e+03 9.474121e+03
31.5 9.308443e+03 9.278963e+03 9.444397e+03 9.473877e+03
32.5 9.283949e+03 9.276479e+03 9.436851e+03 9.444322e+03
33.5 9.267279e+03 9.274956e+03 9.415068e+03 9.407391e+03
34.5 9.293003e+03 9.276003e+03 9.381608e+03 9.398609e+03
35.5 9.257753e+03 9.279581e+03 9.344019e+03 9.322191e+03
36.5 9.310943e+03 9.284492e+03 9.309319e+03 9.335770e+03
37.5 9.301276e+03 9.289473e+03 9.281363e+03 9.293166e+03
38.5 9.283135e+03 9.293752e+03 9.261061e+03 9.250444e+03
39.5 9.280857e+03 9.297058e+03 9.247621e+03 9.231420e+03
40.5 9.319770e+03 9.299432e+03 9.239641e+03 9.259979e+03
41.5 9.283859e+03 9.301036e+03 9.235721e+03 9.218545e+03
42.5 9.283065e+03 9.302047e+03 9.234679e+03 9.215697e+03
43.5 9.307478e+03 9.302620e+03 9.235573e+03 9.240432e+03
44.5 9.325299e+03 9.302876e+03 9.237662e+03 9.260085e+03
45.5 9.305555e+03 9.302916e+03 9.240371e+03 9.243010e+03
46.5 9.280942e+03 9.302820e+03 9.243267e+03 9.221389e+03
47.5 9.291578e+03 9.302653e+03 9.246050e+03 9.234975e+03
48.5 9.299952e+03 9.302463e+03 9.248533e+03 9.246022e+03
49.5 9.288369e+03 9.302285e+03 9.250626e+03 9.236710e+03
50.5 9.261571e+03 9.302277e+03 9.252312e+03 9.211605e+03
51.5 9.246669e+03 9.303225e+03 9.254564e+03 9.198008e+03
52.5 9.299360e+03 9.305306e+03 9.263268e+03 9.257322e+03
53.5 9.311366e+03 9.306835e+03 9.284267e+03 9.288798e+03
54.5 9.313187e+03 9.306080e+03 9.315742e+03 9.322849e+03
55.5 9.306757e+03 9.302981e+03 9.350720e+03 9.354496e+03
0.5 9.312388e+03 9.280875e+03 9.442608e+03 9.474121e+03
1.5 9.308443e+03 9.278963e+03 9.444397e+03 9.473877e+03
2.5 9.283949e+03 9.276479e+03 9.436851e+03 9.444322e+03
3.5 9.267279e+03 9.274956e+03 9.415068e+03 9.407391e+03
4.5 9.293003e+03 9.276003e+03 9.381608e+03 9.398609e+03
5.5 9.257753e+03 9.279581e+03 9.344019e+03 9.322191e+03
6.5 9.310943e+03 9.284492e+03 9.309319e+03 9.335770e+03
7.5 9.301276e+03 9.289473e+03 9.281363e+03 9.293166e+03
8.5 9.283135e+03 9.293752e+03 9.261061e+03 9.250444e+03
9.5 9.280857e+03 9.297058e+03 9.247621e+03 9.231420e+03
10.5 9.319770e+03 9.299432e+03 9.239641e+03 9.259979e+03
11.5 9.283859e+03 9.301036e+03 9.235721e+03 9.218545e+03
12.5 9.283065e+03 9.302047e+03 9.234679e+03 9.215697e+03
13.5 9.307478e+03 9.302620e+03 9.235573e+03 9.240432e+03
14.5 9.325299e+03 9.302876e+03 9.237662e+03 9.260085e+03
15.5 9.305555e+03 9.302916e+03 9.240371e+03 9.243010e+03
16.5 9.280942e+03 9.302820e+03 9.243267e+03 9.221389e+03
17.5 9.291578e+03 9.302653e+03 9.246050e+03 9.234975e+03
18.5 9.299952e+03 9.302463e+03 9.248533e+03 9.246022e+03
19.5 9.288369e+03 9.302285e+03 9.250626e+03 9.236710e+03
20.5 9.261571e+03 9.302277e+03 9.252312e+03 9.211605e+03
21.5 9.246669e+03 9.303225e+03 9.254564e+03 9.198008e+03
22.5 9.299360e+03 9.305306e+03 9.263268e+03 9.257322e+03
23.5 9.311366e+03 9.306835e+03 9.284267e+03 9.288798e+03
24.5 9.313187e+03 9.306080e+03 9.315742e+03 9.322849e+03
25.5 9.306757e+03 9.302981e+03 9.350720e+03 9.354496e+03
26.5 9.296305e+03 9.298656e+03 9.382617e+03 9.380266e+03
27.5 9.264104e+03 9.294304e+03 9.407877e+03 9.377677e+03
28.5 9.303098e+03 9.290651e+03 9.425777e+03 9.438224e+03
29.5 9.278116e+03 9.287932e+03 9.437201e+03 9.427385e+03
30.5 9.231326e+03 9.285949e+03 9.443566e+03 9.388944e+03
31.5 9.311153e+03 9.283754e+03 9.445300e+03 9.472699e+03
32.5 9.324681e+03 9.280992e+03 9.437699e+03 9.481387e+03
33.5 9.305283e+03 9.279197e+03 9.415862e+03 9.441948e+03
34.5 9.308693e+03 9.279977e+03 9.382349e+03 9.411065e+03
35.5 9.248717e+03 9.283294e+03 9.344709e+03 9.310132e+03
36.5 9.281607e+03 9.287948e+03 9.309957e+03 9.303616e+03
37.5 9.279524e+03 9.292678e+03 9.281952e+03 9.268798e+03
38.5 9.240785e+03 9.296708e+03 9.261601e+03 9.205678e+03
39.5 9.285279e+03 9.299770e+03 9.248112e+03 9.233621e+03
40.5 9.269701e+03 9.301904e+03 9.240085e+03 9.207882e+03
41.5 9.306269e+03 9.303273e+03 9.236118e+03 9.239114e+03
42.5 9.276778e+03 9.304053e+03 9.235029e+03 9.207754e+03
43.5 9.267737e+03 9.304399e+03 9.235877e+03 9.199216e+03
44.5 9.268645e+03 9.304433e+03 9.237921e+03 9.202134e+03
45.5 9.273086e+03 9.304254e+03 9.240585e+03 9.209417e+03
46.5 9.310840e+03 9.303944e+03 9.243436e+03 9.250332e+03
47.5 9.329079e+03 9.303567e+03 9.246175e+03 9.271687e+03
48.5 9.339007e+03 9.303171e+03 9.248614e+03 9.284450e+03
49.5 9.362462e+03 9.302792e+03 9.250662e+03 9.310333e+03
50.5 9.363883e+03 9.303154e+03 9.252304e+03 9.313033e+03
51.5 9.346843e+03 9.309258e+03 9.254513e+03 9.292098e+03
52.5 9.360514e+03 9.328835e+03 9.263173e+03 9.294851e+03
53.5 9.346650e+03 9.360276e+03 9.284128e+03 9.270502e+03
54.5 9.403057e+03 9.392744e+03 9.315559e+03 9.325872e+03
55.5 9.437942e+03 9.417716e+03 9.350493e+03 9.370719e+03
0.5 9.231326e+03 9.285949e+03 9.443566e+03 9.388944e+03
1.5 9.311153e+03 9.283754e+03 9.445300e+03 9.472699e+03
2.5 9.324681e+03 9.280992e+03 9.437699e+03 9.481387e+03
3.5 9.305283e+03 9.279197e+03 9.415862e+03 9.441948e+03
4.5 9.308693e+03 9.279977e+03 9.382349e+03 9.411065e+03
5.5 9.248717e+03 9.283294e+03 9.344709e+03 9.310132e+03
6.5 9.281607e+03 9.287948e+03 9.309957e+03 9.303616e+03
7.5 9.279524e+03 9.292678e+03 9.281952e+03 9.268798e+03
8.5 9.240785e+03 9.296708e+03 9.261601e+03 9.205678e+03
9.5 9.285279e+03 9.299770e+03 9.248112e+03 9.233621e+03
10.5 9.269701e+03 9.301904e+03 9.240085e+03 9.207882e+03
11.5 9.306269e+03 9.303273e+03 9.236118e+03 9.239114e+03
12.5 9.276778e+03 9.304053e+03 9.235029e+03 9.207754e+03
13.5 9.267737e+03 9.304399e+03 9.235877e+03 9.199216e+03
14.5 9.268645e+03 9.304433e+03 9.237921e+03 9.202134e+03
15.5 9.273086e+03 9.304254e+03 9.240585e+03 9.209417e+03
16.5 9.310840e+03 9.303944e+03 9.243436e+03 9.250332e+03
17.5 9.329079e+03 9.303567e+03 9.246175e+03 9.271687e+03
18.5 9.339007e+03 9.303171e+03 9.248614e+03 9.284450e+03
19.5 9.362462e+03 9.302792e+03 9.250662e+03 9.310333e+03
20.5 9.363883e+03 9.303154e+03 9.252304e+03 9.313033e+03
21.5 9.346843e+03 9.309258e+03 9.254513e+03 9.292098e+03
22.5 9.360514e+03 9.328835e+03 9.263173e+03 9.294851e+03
23.5 9.346650e+03 9.360276e+03 9.284128e+03 9.270502e+03
24.5 9.403057e+03 9.392744e+03 9.315559e+03 9.325872e+03
25.5 9.437942e+03 9.417716e+03 9.350493e+03 9.370719e+03
26.5 9.440464e+03 9.433018e+03 9.382345e+03 9.389791e+03
27.5 9.532993e+03 9.440452e+03 9.407561e+03 9.500101e+03
28.5 9.489125e+03 9.442786e+03 9.425415e+03 9.471755e+03
29.5 9.491574e+03 9.442226e+03 9.436794e+03 9.486142e+03
30.5 9.504448e+03 9.439438e+03 9.443113e+03 9.508123e+03
31.5 9.452006e+03 9.430187e+03 9.444800e+03 9.466619e+03
32.5 9.398220e+03 9.407178e+03 9.437151e+03 9.428193e+03
33.5 9.316568e+03 9.372308e+03 9.415267e+03 9.359526e+03
34.5 9.302734e+03 9.336626e+03 9.381705e+03 9.347813e+03
35.5 9.271398e+03 9.308802e+03 9.344016e+03 9.306611e+03
36.5 9.265296e+03 9.291089e+03 9.309214e+03 9.283420e+03
37.5 9.296437e+03 9.281703e+03 9.281157e+03 9.295891e+03
38.5 9.310322e+03 9.277842e+03 9.260754e+03 9.293234e+03
39.5 9.321078e+03 9.277231e+03 9.247212e+03 9.291059e+03
40.5 9.333850e+03 9.278424e+03 9.239131e+03 9.294556e+03
41.5 9.318730e+03 9.280587e+03 9.235108e+03 9.273251e+03
42.5 9.307532e+03 9.283220e+03 9.233963e+03 9.258275e+03
43.5 9.293088e+03 9.285978e+03 9.234753e+03 9.241863e+03
44.5 9.292269e+03 9.288608e+03 9.236738e+03 9.240399e+03
45.5 9.273858e+03 9.290928e+03 9.239340e+03 9.222270e+03
46.5 9.269958e+03 9.292835e+03 9.242130e+03 9.219252e+03
47.5 9.284755e+03 9.294297e+03 9.244804e+03 9.235262e+03
48.5 9.240203e+03 9.295338e+03 9.247178e+03 9.192043e+03
49.5 9.311979e+03 9.296015e+03 9.249159e+03 9.265123e+03
50.5 9.288384e+03 9.296544e+03 9.250732e+03 9.242572e+03
51.5 9.287428e+03 9.297772e+03 9.252869e+03 9.242525e+03
52.5 9.267469e+03 9.299941e+03 9.261457e+03 9.228985e+03
53.5 9.250339e+03 9.301419e+03 9.282337e+03 9.231256e+03
54.5 9.288905e+03 9.300519e+03 9.313691e+03 9.302077e+03
55.5 9.267198e+03 9.297212e+03 9.348545e+03 9.318531e+03
0.5 9.504448e+03 9.439438e+03 9.443113e+03 9.508123e+03
1.5 9.452006e+03 9.430187e+03 9.444800e+03 9.466619e+03
2.5 9.398220e+03 9.407178e+03 9.437151e+03 9.428193e+03
3.5 9.316568e+03 9.372308e+03 9.415267e+03 9.359526e+03
4.5 9.302734e+03 9.336626e+03 9.381705e+03 9.347813e+03
5.5 9.271398e+03 9.308802e+03 9.344016e+03 9.306611e+03
6.5 9.265296e+03 9.291089e+03 9.309214e+03 9.283420e+03
7.5 9.296437e+03 9.281703e+03 9.281157e+03 9.295891e+03
8.5 9.310322e+03 9.277842e+03 9.260754e+03 9.293234e+03
9.5 9.321078e+03 9.277231e+03 9.247212e+03 9.291059e+03
10.5 9.333850e+03 9.278424e+03 9.239131e+03 9.294556e+03
11.5 9.318730e+03 9.280587e+03 9.235108e+03 9.273251e+03
12.5 9.307532e+03 9.283220e+03 9.233963e+03 9.258275e+03
13.5 9.293088e+03 9.285978e+03 9.234753e+03 9.241863e+03
14.5 9.292269e+03 9.288608e+03 9.236738e+03 9.240399e+03
15.5 9.273858e+03 9.290928e+03 9.239340e+03 9.222270e+03
16.5 9.269958e+03 9.292835e+03 9.242130e+03 9.219252e+03
17.5 9.284755e+03 9.294297e+03 9.244804e+03 9.235262e+03
18.5 9.240203e+03 9.295338e+03 9.247178e+03 9.192043e+03
19.5 9.311979e+03 9.296015e+03 9.249159e+03 9.265123e+03
20.5 9.288384e+03 9.296544e+03 9.250732e+03 9.242572e+03
21.5 9.287428e+03 9.297772e+03 9.252869e+03 9.242525e+03
22.5 9.267469e+03 9.299941e+03 9.261457e+03 9.228985e+03
23.5 9.250339e+03 9.301419e+03 9.282337e+03 9.231256e+03
24.5 9.288905e+03 9.300519e+03 9.313691e+03 9.302077e+03
25.5 9.267198e+03 9.297212e+03 9.348545e+03 9.318531e+03
26.5 9.250706e+03 9.292620e+03 9.380316e+03 9.338402e+03
27.5 9.280835e+03 9.287955e+03 9.405434e+03 9.398314e+03
28.5 9.290336e+03 9.283991e+03 9.423187e+03 9.429532e+03
29.5 9.267535e+03 9.280951e+03 9.434460e+03 9.421044e+03
30.5 9.279034e+03 9.278642e+03 9.440671e+03 9.441063e+03
31.5 9.238368e+03 9.276116e+03 9.442245e+03 9.404497e+03
32.5 9.285606e+03 9.273024e+03 9.434479e+03 9.447062e+03
33.5 9.262408e+03 9.270900e+03 9.412475e+03 9.403983e+03
34.5 9.224776e+03 9.271358e+03 9.378793e+03 9.332211e+03
35.5 9.284097e+03 9.274361e+03 9.340986e+03 9.350722e+03
36.5 9.283608e+03 9.278707e+03 9.306069e+03 9.310969e+03
37.5 9.247999e+03 9.283133e+03 9.277900e+03 9.242766e+03
38.5 9.241950e+03 9.286861e+03 9.257387e+03 9.212476e+03
39.5 9.235955e+03 9.289622e+03 9.243737e+03 9.190070e+03
40.5 9.279372e+03 9.291452e+03 9.235547e+03 9.223466e+03
41.5 9.285223e+03 9.292514e+03 9.231415e+03 9.224124e+03
42.5 9.267488e+03 9.292984e+03 9.230158e+03 9.204662e+03
43.5 9.282899e+03 9.293015e+03 9.230833e+03 9.220718e+03
44.5 9.311075e+03 9.292729e+03 9.232700e+03 9.251046e+03
45.5 9.344146e+03 9.292225e+03 9.235180e+03 9.287101e+03
46.5 9.321166e+03 9.291584e+03 9.237843e+03 9.267425e+03
47.5 9.310005e+03 9.290869e+03 9.240387e+03 9.259523e+03
48.5 9.318330e+03 9.290129e+03 9.242625e+03 9.270826e+03
49.5 9.314506e+03 9.289399e+03 9.244466e+03 9.269572e+03
50.5 9.311639e+03 9.289403e+03 9.245893e+03 9.268129e+03
51.5 9.294218e+03 9.295141e+03 9.247881e+03 9.246958e+03
52.5 9.311399e+03 9.314342e+03 9.256313e+03 9.253370e+03
53.5 9.377224e+03 9.345389e+03 9.277030e+03 9.308865e+03
54.5 9.418219e+03 9.377437e+03 9.308205e+03 9.348987e+03
55.5 9.418863e+03 9.401960e+03 9.342860e+03 9.359762e+03
0.5 9.279034e+03 9.278642e+03 9.440671e+03 9.441063e+03
1.5 9.238368e+03 9.276116e+03 9.442245e+03 9.404497e+03
2.5 9.285606e+03 9.273024e+03 9.434479e+03 9.447062e+03
3.5 9.262408e+03 9.270900e+03 9.412475e+03 9.403983e+03
4.5 9.224776e+03 9.271358e+03 9.378793e+03 9.332211e+03
5.5 9.284097e+03 9.274361e+03 9.340986e+03 9.350722e+03
6.5 9.283608e+03 9.278707e+03 9.306069e+03 9.310969e+03
7.5 9.247999e+03 9.283133e+03 9.277900e+03 9.242766e+03
8.5 9.241950e+03 9.286861e+03 9.257387e+03 9.212476e+03
9.5 9.235955e+03 9.289622e+03 9.243737e+03 9.190070e+03
10.5 9.279372e+03 9.291452e+03 9.235547e+03 9.223466e+03
11.5 9.285223e+03 9.292514e+03 9.231415e+03 9.224124e+03
12.5 9.267488e+03 9.292984e+03 9.230158e+03 9.204662e+03
13.5 9.282899e+03 9.293015e+03 9.230833e+03 9.220718e+03
14.5 9.311075e+03 9.292729e+03 9.232700e+03 9.251046e+03
15.5 9.344146e+03 9.292225e+03 9.235180e+03 9.287101e+03
16.5 9.321166e+03 9.291584e+03 9.237843e+03 9.267425e+03
17.5 9.310005e+03 9.290869e+03 9.240387e+03 9.259523e+03
18.5 9.318330e+03 9.290129e+03 9.242625e+03 9.270826e+03
19.5 9.314506e+03 9.289399e+03 9.244466e+03 9.269572e+03
20.5 9.311639e+03 9.289403e+03 9.245893e+03 9.268129e+03
21.5 9.294218e+03 9.295141e+03 9.247881e+03 9.246958e+03
22.5 9.311399e+03 9.314342e+03 9.256313e+03 9.253370e+03
23.5 9.377224e+03 9.345389e+03 9.277030e+03 9.308865e+03
24.5 9.418219e+03 9.377437e+03 9.308205e+03 9.348987e+03
25.5 9.418863e+03 9.401960e+03 9.342860e+03 9.359762e+03
26.5 9.462269e+03 9.416789e+03 9.374406e+03 9.419886e+03
27.5 9.437106e+03 9.423728e+03 9.399288e+03 9.412667e+03
28.5 9.372964e+03 9.425546e+03 9.416785e+03 9.364203e+03
29.5 9.342012e+03 9.424458e+03 9.427783e+03 9.345337e+03
30.5 9.300759e+03 9.422211e+03 9.433706e+03 9.312254e+03
