0.5 9.282095e+03 9.085580e+03 9.205711e+03 9.402225e+03
1.5 9.300606e+03 9.114841e+03 9.193417e+03 9.379183e+03
2.5 9.325290e+03 9.206134e+03 9.162958e+03 9.282114e+03
3.5 9.497842e+03 9.356271e+03 9.126940e+03 9.268511e+03
4.5 9.563422e+03 9.517438e+03 9.105693e+03 9.151677e+03
5.5 9.582198e+03 9.648559e+03 9.106421e+03 9.040060e+03
6.5 9.767682e+03 9.736175e+03 9.123292e+03 9.154798e+03
7.5 9.745336e+03 9.785837e+03 9.146736e+03 9.106235e+03
8.5 9.951781e+03 9.809006e+03 9.169607e+03 9.312383e+03
9.5 9.934525e+03 9.815733e+03 9.188518e+03 9.307311e+03
10.5 9.920841e+03 9.809744e+03 9.204255e+03 9.315352e+03
11.5 9.800283e+03 9.772937e+03 9.226620e+03 9.253966e+03
12.5 9.724863e+03 9.670926e+03 9.263817e+03 9.317754e+03
13.5 9.606648e+03 9.509028e+03 9.303968e+03 9.401588e+03
14.5 9.368559e+03 9.336404e+03 9.327384e+03 9.359539e+03
15.5 9.420219e+03 9.195128e+03 9.327355e+03 9.552446e+03
16.5 9.393176e+03 9.099257e+03 9.310141e+03 9.604060e+03
17.5 9.131515e+03 9.043478e+03 9.285687e+03 9.373724e+03
18.5 9.230395e+03 9.016267e+03 9.261457e+03 9.475584e+03
19.5 9.035688e+03 9.007311e+03 9.241091e+03 9.269467e+03
20.5 9.143359e+03 9.009503e+03 9.225483e+03 9.359340e+03
21.5 9.079507e+03 9.018378e+03 9.214211e+03 9.275339e+03
22.5 8.859837e+03 9.031048e+03 9.206480e+03 9.035269e+03
23.5 9.029549e+03 9.045449e+03 9.201536e+03 9.185636e+03
24.5 8.766414e+03 9.060020e+03 9.198756e+03 8.905150e+03
25.5 9.037171e+03 9.073630e+03 9.197617e+03 9.161158e+03
26.5 8.821418e+03 9.085563e+03 9.197657e+03 8.933513e+03
27.5 8.954423e+03 9.095493e+03 9.198470e+03 9.057399e+03
28.5 8.874202e+03 9.103409e+03 9.199708e+03 8.970502e+03
29.5 8.951104e+03 9.109508e+03 9.201103e+03 9.042699e+03
30.5 9.064598e+03 9.114581e+03 9.202465e+03 9.152482e+03
31.5 9.101236e+03 9.121991e+03 9.203679e+03 9.182925e+03
32.5 9.198532e+03 9.134759e+03 9.204694e+03 9.268467e+03
33.5 9.091572e+03 9.149411e+03 9.205498e+03 9.147660e+03
34.5 8.993459e+03 9.159489e+03 9.206109e+03 9.040079e+03
35.5 9.064068e+03 9.162420e+03 9.206557e+03 9.108206e+03
36.5 9.026089e+03 9.159801e+03 9.206877e+03 9.073164e+03
37.5 9.147403e+03 9.154569e+03 9.207101e+03 9.199935e+03
38.5 9.128893e+03 9.149021e+03 9.207256e+03 9.187127e+03
39.5 9.231503e+03 9.144324e+03 9.207362e+03 9.294540e+03
40.5 9.169278e+03 9.140318e+03 9.207435e+03 9.236395e+03
41.5 9.158713e+03 9.133888e+03 9.207486e+03 9.232311e+03
42.5 9.059476e+03 9.122116e+03 9.207523e+03 9.144882e+03
43.5 9.148938e+03 9.108541e+03 9.207551e+03 9.247948e+03
44.5 9.054908e+03 9.099660e+03 9.207574e+03 9.162822e+03
45.5 9.119013e+03 9.098063e+03 9.207595e+03 9.228545e+03
0.5 9.436338e+03 9.134405e+03 9.206508e+03 9.508440e+03
1.5 9.429076e+03 9.161827e+03 9.194230e+03 9.461479e+03
2.5 9.336466e+03 9.251422e+03 9.163791e+03 9.248835e+03
3.5 9.442775e+03 9.399846e+03 9.127797e+03 9.170727e+03
4.5 9.634202e+03 9.559204e+03 9.106574e+03 9.181573e+03
5.5 9.645676e+03 9.688400e+03 9.107323e+03 9.064598e+03
6.5 9.720042e+03 9.773985e+03 9.124208e+03 9.070265e+03
7.5 9.532858e+03 9.821529e+03 9.147661e+03 8.858990e+03
8.5 9.753433e+03 9.842518e+03 9.170535e+03 9.081449e+03
9.5 1.006472e+04 9.847027e+03 9.189444e+03 9.407138e+03
10.5 1.002060e+04 9.838798e+03 9.205176e+03 9.386982e+03
11.5 9.763349e+03 9.799824e+03 9.227503e+03 9.191027e+03
12.5 9.665437e+03 9.695718e+03 9.264665e+03 9.234383e+03
13.5 9.423134e+03 9.531638e+03 9.304814e+03 9.196310e+03
14.5 9.205994e+03 9.356835e+03 9.328226e+03 9.177386e+03
15.5 9.252245e+03 9.213391e+03 9.328193e+03 9.367047e+03
16.5 8.926658e+03 9.115364e+03 9.310974e+03 9.122268e+03
17.5 8.956239e+03 9.057437e+03 9.286514e+03 9.185316e+03
18.5 9.094979e+03 9.028088e+03 9.262276e+03 9.329167e+03
19.5 8.818385e+03 9.017007e+03 9.241903e+03 9.043281e+03
20.5 8.886336e+03 9.017086e+03 9.226287e+03 9.095537e+03
21.5 8.990479e+03 9.023864e+03 9.215007e+03 9.181622e+03
22.5 9.125601e+03 9.034447e+03 9.207266e+03 9.298420e+03
23.5 9.074329e+03 9.046774e+03 9.202313e+03 9.229868e+03
24.5 8.841587e+03 9.059285e+03 9.199524e+03 8.981825e+03
25.5 8.990702e+03 9.070846e+03 9.198374e+03 9.118230e+03
26.5 8.985768e+03 9.080742e+03 9.198404e+03 9.103430e+03
27.5 9.044045e+03 9.088647e+03 9.199206e+03 9.154603e+03
28.5 9.066060e+03 9.094549e+03 9.200433e+03 9.171944e+03
29.5 9.054909e+03 9.098644e+03 9.201817e+03 9.158082e+03
30.5 9.021857e+03 9.101724e+03 9.203168e+03 9.123302e+03
31.5 9.072552e+03 9.107149e+03 9.204371e+03 9.169774e+03
32.5 9.071632e+03 9.117942e+03 9.205374e+03 9.159064e+03
33.5 8.962885e+03 9.130627e+03 9.206167e+03 9.038425e+03
34.5 9.104415e+03 9.138746e+03 9.206768e+03 9.172437e+03
35.5 9.190587e+03 9.139724e+03 9.207205e+03 9.258068e+03
36.5 9.167583e+03 9.135069e+03 9.207514e+03 9.240028e+03
37.5 9.257576e+03 9.127756e+03 9.207729e+03 9.337549e+03
38.5 9.144490e+03 9.120210e+03 9.207874e+03 9.232155e+03
39.5 8.988244e+03 9.113513e+03 9.207971e+03 9.082702e+03
40.5 9.026784e+03 9.107505e+03 9.208034e+03 9.127314e+03
41.5 9.010154e+03 9.099071e+03 9.208077e+03 9.119160e+03
42.5 9.037948e+03 9.085297e+03 9.208106e+03 9.160757e+03
43.5 9.101777e+03 9.069735e+03 9.208126e+03 9.240169e+03
44.5 9.023297e+03 9.058890e+03 9.208142e+03 9.172548e+03
45.5 9.073705e+03 9.055353e+03 9.208156e+03 9.226508e+03
0.5 9.163995e+03 9.067615e+03 9.206834e+03 9.303214e+03
1.5 9.156272e+03 9.093405e+03 9.194573e+03 9.257441e+03
2.5 9.297635e+03 9.181313e+03 9.164157e+03 9.280479e+03
3.5 9.365238e+03 9.327960e+03 9.128203e+03 9.165481e+03
4.5 9.594318e+03 9.485417e+03 9.107040e+03 9.215941e+03
5.5 9.613807e+03 9.612572e+03 9.107864e+03 9.109099e+03
6.5 9.879691e+03 9.695980e+03 9.124830e+03 9.308541e+03
7.5 9.820974e+03 9.741229e+03 9.148360e+03 9.228104e+03
8.5 9.686684e+03 9.759821e+03 9.171303e+03 9.098166e+03
9.5 9.590169e+03 9.761857e+03 9.190271e+03 9.018583e+03
10.5 9.510419e+03 9.755632e+03 9.206054e+03 8.960841e+03
