0.5 9.281645e+03 9.292441e+03 9.342833e+03 9.332037e+03
1.5 9.259010e+03 9.294322e+03 9.342195e+03 9.306883e+03
2.5 9.309616e+03 9.297135e+03 9.334179e+03 9.346660e+03
3.5 9.321918e+03 9.299250e+03 9.312504e+03 9.335171e+03
4.5 9.304558e+03 9.298979e+03 9.279211e+03 9.284789e+03
5.5 9.295121e+03 9.296294e+03 9.241934e+03 9.240761e+03
6.5 9.315970e+03 9.292337e+03 9.207874e+03 9.231507e+03
7.5 9.287327e+03 9.288322e+03 9.180930e+03 9.179936e+03
8.5 9.289451e+03 9.284984e+03 9.161915e+03 9.166381e+03
9.5 9.319352e+03 9.282567e+03 9.149885e+03 9.186671e+03
10.5 9.312388e+03 9.280875e+03 9.143317e+03 9.174830e+03
11.5 9.308443e+03 9.278963e+03 9.141753e+03 9.171233e+03
12.5 9.283949e+03 9.276479e+03 9.150309e+03 9.157779e+03
13.5 9.267279e+03 9.274956e+03 9.174313e+03 9.166636e+03
14.5 9.293003e+03 9.276003e+03 9.210988e+03 9.227988e+03
15.5 9.257753e+03 9.279581e+03 9.252132e+03 9.230304e+03
16.5 9.310943e+03 9.284492e+03 9.290124e+03 9.316576e+03
17.5 9.301276e+03 9.289473e+03 9.320776e+03 9.332579e+03
18.5 9.283135e+03 9.293752e+03 9.343099e+03 9.332482e+03
19.5 9.280857e+03 9.297058e+03 9.357957e+03 9.341756e+03
20.5 9.319770e+03 9.299432e+03 9.366870e+03 9.387208e+03
21.5 9.283859e+03 9.301036e+03 9.371360e+03 9.354184e+03
22.5 9.283065e+03 9.302047e+03 9.372712e+03 9.353730e+03
23.5 9.307478e+03 9.302620e+03 9.371950e+03 9.376808e+03
24.5 9.325299e+03 9.302876e+03 9.369877e+03 9.392300e+03
25.5 9.305555e+03 9.302916e+03 9.367120e+03 9.369760e+03
26.5 9.280942e+03 9.302820e+03 9.364148e+03 9.342270e+03
27.5 9.291578e+03 9.302653e+03 9.361289e+03 9.350214e+03
28.5 9.299952e+03 9.302463e+03 9.358744e+03 9.356232e+03
29.5 9.288369e+03 9.302285e+03 9.356613e+03 9.342697e+03
30.5 9.261571e+03 9.302277e+03 9.354913e+03 9.314206e+03
31.5 9.246669e+03 9.303225e+03 9.352587e+03 9.296031e+03
32.5 9.299360e+03 9.305306e+03 9.343242e+03 9.337296e+03
33.5 9.311366e+03 9.306835e+03 9.320531e+03 9.325061e+03
34.5 9.313187e+03 9.306080e+03 9.286428e+03 9.293535e+03
35.5 9.306757e+03 9.302981e+03 9.248510e+03 9.252285e+03
36.5 9.296305e+03 9.298656e+03 9.213930e+03 9.211578e+03
37.5 9.264104e+03 9.294304e+03 9.186550e+03 9.156350e+03
38.5 9.303098e+03 9.290651e+03 9.167158e+03 9.179604e+03
39.5 9.278116e+03 9.287932e+03 9.154791e+03 9.144975e+03
40.5 9.231326e+03 9.285949e+03 9.147913e+03 9.093290e+03
41.5 9.311153e+03 9.283754e+03 9.146057e+03 9.173456e+03
42.5 9.324681e+03 9.280992e+03 9.154333e+03 9.198022e+03
43.5 9.305283e+03 9.279197e+03 9.178067e+03 9.204153e+03
44.5 9.308693e+03 9.279977e+03 9.214477e+03 9.243194e+03
45.5 9.248717e+03 9.283294e+03 9.255364e+03 9.220787e+03
0.5 9.261571e+03 9.302277e+03 9.354913e+03 9.314206e+03
1.5 9.246669e+03 9.303225e+03 9.352587e+03 9.296031e+03
2.5 9.299360e+03 9.305306e+03 9.343242e+03 9.337296e+03
3.5 9.311366e+03 9.306835e+03 9.320531e+03 9.325061e+03
4.5 9.313187e+03 9.306080e+03 9.286428e+03 9.293535e+03
5.5 9.306757e+03 9.302981e+03 9.248510e+03 9.252285e+03
6.5 9.296305e+03 9.298656e+03 9.213930e+03 9.211578e+03
7.5 9.264104e+03 9.294304e+03 9.186550e+03 9.156350e+03
8.5 9.303098e+03 9.290651e+03 9.167158e+03 9.179604e+03
9.5 9.278116e+03 9.287932e+03 9.154791e+03 9.144975e+03
10.5 9.231326e+03 9.285949e+03 9.147913e+03 9.093290e+03
11.5 9.311153e+03 9.283754e+03 9.146057e+03 9.173456e+03
12.5 9.324681e+03 9.280992e+03 9.154333e+03 9.198022e+03
13.5 9.305283e+03 9.279197e+03 9.178067e+03 9.204153e+03
14.5 9.308693e+03 9.279977e+03 9.214477e+03 9.243194e+03
15.5 9.248717e+03 9.283294e+03 9.255364e+03 9.220787e+03
16.5 9.281607e+03 9.287948e+03 9.293103e+03 9.286763e+03
17.5 9.279524e+03 9.292678e+03 9.323507e+03 9.310353e+03
18.5 9.240785e+03 9.296708e+03 9.345586e+03 9.289664e+03
19.5 9.285279e+03 9.299770e+03 9.360204e+03 9.345712e+03
20.5 9.269701e+03 9.301904e+03 9.368880e+03 9.336677e+03
21.5 9.306269e+03 9.303273e+03 9.373138e+03 9.376135e+03
22.5 9.276778e+03 9.304053e+03 9.374262e+03 9.346987e+03
23.5 9.267737e+03 9.304399e+03 9.373275e+03 9.336614e+03
24.5 9.268645e+03 9.304433e+03 9.370982e+03 9.335195e+03
25.5 9.273086e+03 9.304254e+03 9.368009e+03 9.336841e+03
26.5 9.310840e+03 9.303944e+03 9.364825e+03 9.371721e+03
27.5 9.329079e+03 9.303567e+03 9.361758e+03 9.387270e+03
28.5 9.339007e+03 9.303171e+03 9.359009e+03 9.394846e+03
29.5 9.362462e+03 9.302792e+03 9.356678e+03 9.416348e+03
30.5 9.363883e+03 9.303154e+03 9.354787e+03 9.415515e+03
31.5 9.346843e+03 9.309258e+03 9.353305e+03 9.390890e+03
32.5 9.360514e+03 9.328835e+03 9.352177e+03 9.383855e+03
33.5 9.346650e+03 9.360276e+03 9.351334e+03 9.337707e+03
34.5 9.403057e+03 9.392744e+03 9.350710e+03 9.361023e+03
35.5 9.437942e+03 9.417716e+03 9.350249e+03 9.370475e+03
36.5 9.440464e+03 9.433018e+03 9.349901e+03 9.357347e+03
37.5 9.532993e+03 9.440452e+03 9.349632e+03 9.442173e+03
38.5 9.489125e+03 9.442786e+03 9.349414e+03 9.395754e+03
39.5 9.491574e+03 9.442226e+03 9.349230e+03 9.398579e+03
40.5 9.504448e+03 9.439438e+03 9.349066e+03 9.414075e+03
41.5 9.452006e+03 9.430187e+03 9.348912e+03 9.370732e+03
42.5 9.398220e+03 9.407178e+03 9.348765e+03 9.339807e+03
43.5 9.316568e+03 9.372308e+03 9.348620e+03 9.292879e+03
44.5 9.302734e+03 9.336626e+03 9.348475e+03 9.314583e+03
45.5 9.271398e+03 9.308802e+03 9.348329e+03 9.310924e+03
0.5 9.288384e+03 9.296544e+03 9.345837e+03 9.337677e+03
1.5 9.287428e+03 9.297772e+03 9.344614e+03 9.334269e+03
2.5 9.267469e+03 9.299941e+03 9.336020e+03 9.303548e+03
3.5 9.250339e+03 9.301419e+03 9.313775e+03 9.262695e+03
4.5 9.288905e+03 9.300519e+03 9.279921e+03 9.268308e+03
5.5 9.267198e+03 9.297212e+03 9.242091e+03 9.212077e+03
6.5 9.250706e+03 9.292620e+03 9.207486e+03 9.165572e+03
7.5 9.280835e+03 9.287955e+03 9.179998e+03 9.172879e+03
8.5 9.290336e+03 9.283991e+03 9.160446e+03 9.166791e+03
9.5 9.267535e+03 9.280951e+03 9.147887e+03 9.134470e+03
10.5 9.279034e+03 9.278642e+03 9.140795e+03 9.141187e+03
11.5 9.238368e+03 9.276116e+03 9.138715e+03 9.100967e+03
12.5 9.285606e+03 9.273024e+03 9.146761e+03 9.159343e+03
13.5 9.262408e+03 9.270900e+03 9.170261e+03 9.161770e+03
14.5 9.224776e+03 9.271358e+03 9.206438e+03 9.159855e+03
15.5 9.284097e+03 9.274361e+03 9.247090e+03 9.256826e+03
16.5 9.283608e+03 9.278707e+03 9.284596e+03 9.289497e+03
17.5 9.247999e+03 9.283133e+03 9.314767e+03 9.279633e+03
18.5 9.241950e+03 9.286861e+03 9.336614e+03 9.291703e+03
19.5 9.235955e+03 9.289622e+03 9.351001e+03 9.297334e+03
20.5 9.279372e+03 9.291452e+03 9.359447e+03 9.347367e+03
21.5 9.285223e+03 9.292514e+03 9.363475e+03 9.356184e+03
22.5 9.267488e+03 9.292984e+03 9.364369e+03 9.338873e+03
23.5 9.282899e+03 9.293015e+03 9.363151e+03 9.353036e+03
24.5 9.311075e+03 9.292729e+03 9.360627e+03 9.378973e+03
25.5 9.344146e+03 9.292225e+03 9.357422e+03 9.409343e+03
26.5 9.321166e+03 9.291584e+03 9.354004e+03 9.383586e+03
27.5 9.310005e+03 9.290869e+03 9.350700e+03 9.369836e+03
28.5 9.318330e+03 9.290129e+03 9.347713e+03 9.375915e+03
29.5 9.314506e+03 9.289399e+03 9.345142e+03 9.370248e+03
30.5 9.311639e+03 9.289403e+03 9.343006e+03 9.365242e+03
31.5 9.294218e+03 9.295141e+03 9.341277e+03 9.340354e+03
32.5 9.311399e+03 9.314342e+03 9.339897e+03 9.336954e+03
33.5 9.377224e+03 9.345389e+03 9.338799e+03 9.370634e+03
34.5 9.418219e+03 9.377437e+03 9.337915e+03 9.378697e+03
35.5 9.418863e+03 9.401960e+03 9.337188e+03 9.354090e+03
36.5 9.462269e+03 9.416789e+03 9.336569e+03 9.382049e+03
37.5 9.437106e+03 9.423728e+03 9.336022e+03 9.349401e+03
38.5 9.372964e+03 9.425546e+03 9.335521e+03 9.282939e+03
39.5 9.342012e+03 9.424458e+03 9.335046e+03 9.252600e+03
40.5 9.300759e+03 9.422211e+03 9.334583e+03 9.213132e+03
