0.5 3.378911e+03 3.555475e+03 3.569309e+03 3.392745e+03
1.5 3.488877e+03 3.537943e+03 3.588547e+03 3.539481e+03
2.5 3.259190e+03 3.490512e+03 3.636210e+03 3.404889e+03
3.5 3.421273e+03 3.424786e+03 3.692574e+03 3.689061e+03
4.5 3.455605e+03 3.369148e+03 3.725823e+03 3.812281e+03
5.5 3.360394e+03 3.339103e+03 3.724684e+03 3.745975e+03
6.5 3.311943e+03 3.332657e+03 3.698283e+03 3.677570e+03
7.5 3.091957e+03 3.340306e+03 3.661597e+03 3.413248e+03
8.5 3.371913e+03 3.353316e+03 3.625806e+03 3.644403e+03
9.5 3.502128e+03 3.366527e+03 3.596213e+03 3.731814e+03
10.5 3.168232e+03 3.379812e+03 3.571587e+03 3.360007e+03
11.5 3.289934e+03 3.405787e+03 3.536590e+03 3.420737e+03
12.5 3.454470e+03 3.459303e+03 3.478382e+03 3.473549e+03
13.5 3.608863e+03 3.528813e+03 3.415550e+03 3.495600e+03
14.5 3.513212e+03 3.586223e+03 3.378907e+03 3.305897e+03
15.5 3.727582e+03 3.616273e+03 3.378952e+03 3.490261e+03
16.5 3.660589e+03 3.621245e+03 3.405890e+03 3.445235e+03
17.5 3.542812e+03 3.610961e+03 3.444157e+03 3.376008e+03
18.5 3.464660e+03 3.594490e+03 3.482074e+03 3.352244e+03
19.5 3.588315e+03 3.577310e+03 3.513945e+03 3.524950e+03
20.5 3.589074e+03 3.561792e+03 3.538368e+03 3.565650e+03
21.5 3.647285e+03 3.548570e+03 3.556008e+03 3.654722e+03
22.5 3.359312e+03 3.537603e+03 3.568106e+03 3.389815e+03
23.5 3.354324e+03 3.528700e+03 3.575842e+03 3.401466e+03
24.5 3.387401e+03 3.521670e+03 3.580192e+03 3.445923e+03
25.5 3.428005e+03 3.516313e+03 3.581975e+03 3.493667e+03
26.5 3.222366e+03 3.512388e+03 3.581912e+03 3.291890e+03
27.5 3.369297e+03 3.509614e+03 3.580641e+03 3.440323e+03
28.5 3.217359e+03 3.507696e+03 3.578702e+03 3.288366e+03
29.5 3.402381e+03 3.506355e+03 3.576520e+03 3.472545e+03
30.5 3.559540e+03 3.506071e+03 3.574389e+03 3.627858e+03
31.5 3.407124e+03 3.513556e+03 3.572488e+03 3.466056e+03
32.5 3.661045e+03 3.548126e+03 3.570901e+03 3.683820e+03
33.5 3.502864e+03 3.619718e+03 3.569642e+03 3.452789e+03
34.5 3.703825e+03 3.713713e+03 3.568686e+03 3.558798e+03
35.5 3.977108e+03 3.807491e+03 3.567984e+03 3.737601e+03
36.5 3.875431e+03 3.885590e+03 3.567485e+03 3.557325e+03
37.5 4.029366e+03 3.942626e+03 3.567134e+03 3.653873e+03
38.5 3.911850e+03 3.979879e+03 3.566891e+03 3.498862e+03
39.5 3.752723e+03 4.001308e+03 3.566725e+03 3.318140e+03
40.5 4.066610e+03 4.010412e+03 3.566611e+03 3.622809e+03
41.5 3.856402e+03 4.003813e+03 3.566531e+03 3.419121e+03
42.5 3.711979e+03 3.964777e+03 3.566473e+03 3.313675e+03
43.5 4.040831e+03 3.885359e+03 3.566429e+03 3.721901e+03
44.5 3.745718e+03 3.781730e+03 3.566393e+03 3.530381e+03
45.5 3.677998e+03 3.677708e+03 3.566361e+03 3.566650e+03
0.5 3.387692e+03 3.474102e+03 3.568062e+03 3.481652e+03
1.5 3.299117e+03 3.460396e+03 3.587275e+03 3.425995e+03
2.5 3.376885e+03 3.416184e+03 3.634907e+03 3.595608e+03
3.5 3.245715e+03 3.353337e+03 3.691233e+03 3.583611e+03
4.5 3.048355e+03 3.300406e+03 3.724444e+03 3.472394e+03
5.5 3.167159e+03 3.272995e+03 3.723273e+03 3.617436e+03
6.5 3.157771e+03 3.269160e+03 3.696849e+03 3.585459e+03
7.5 3.130279e+03 3.279417e+03 3.660149e+03 3.511011e+03
8.5 3.144313e+03 3.295036e+03 3.624355e+03 3.473631e+03
9.5 3.576394e+03 3.310855e+03 3.594764e+03 3.860303e+03
10.5 3.593539e+03 3.326742e+03 3.570146e+03 3.836943e+03
11.5 3.330572e+03 3.355237e+03 3.535207e+03 3.510543e+03
12.5 3.442651e+03 3.411220e+03 3.477054e+03 3.508484e+03
13.5 3.413929e+03 3.483254e+03 3.414226e+03 3.344901e+03
14.5 3.642237e+03 3.543168e+03 3.377589e+03 3.476658e+03
15.5 3.443838e+03 3.575695e+03 3.377642e+03 3.245785e+03
16.5 3.271513e+03 3.583115e+03 3.404587e+03 3.092986e+03
17.5 3.770390e+03 3.575256e+03 3.442864e+03 3.637998e+03
18.5 3.415307e+03 3.561186e+03 3.480792e+03 3.334913e+03
19.5 3.204320e+03 3.546378e+03 3.512674e+03 3.170615e+03
20.5 3.338458e+03 3.533203e+03 3.537110e+03 3.342364e+03
21.5 3.275382e+03 3.522295e+03 3.554762e+03 3.307849e+03
22.5 3.562228e+03 3.513614e+03 3.566875e+03 3.615489e+03
23.5 3.374912e+03 3.506968e+03 3.574626e+03 3.442570e+03
24.5 3.219145e+03 3.502166e+03 3.578991e+03 3.295970e+03
25.5 3.493312e+03 3.499007e+03 3.580790e+03 3.575094e+03
26.5 3.470658e+03 3.497253e+03 3.580743e+03 3.554148e+03
27.5 3.593346e+03 3.496622e+03 3.579489e+03 3.676212e+03
28.5 3.730253e+03 3.496818e+03 3.577568e+03 3.811003e+03
29.5 3.694678e+03 3.497565e+03 3.575402e+03 3.772516e+03
30.5 3.559688e+03 3.499340e+03 3.573289e+03 3.633636e+03
31.5 3.540021e+03 3.508857e+03 3.571405e+03 3.602569e+03
32.5 3.617477e+03 3.545432e+03 3.569836e+03 3.641881e+03
33.5 3.637228e+03 3.619004e+03 3.568595e+03 3.586818e+03
34.5 3.725165e+03 3.714953e+03 3.567655e+03 3.577867e+03
35.5 3.825080e+03 3.810660e+03 3.566971e+03 3.581391e+03
36.5 3.816207e+03 3.890756e+03 3.566487e+03 3.491938e+03
37.5 4.067720e+03 3.949809e+03 3.566151e+03 3.684062e+03
38.5 4.143372e+03 3.988974e+03 3.565923e+03 3.720322e+03
39.5 3.948670e+03 4.012297e+03 3.565773e+03 3.502146e+03
40.5 3.880574e+03 4.023275e+03 3.565673e+03 3.422972e+03
41.5 4.072365e+03 4.018532e+03 3.565607e+03 3.619439e+03
42.5 4.001477e+03 3.981330e+03 3.565562e+03 3.585708e+03
43.5 3.688530e+03 3.903712e+03 3.565529e+03 3.350348e+03
44.5 3.793568e+03 3.801842e+03 3.565505e+03 3.557231e+03
45.5 3.776027e+03 3.699541e+03 3.565483e+03 3.641970e+03
0.5 3.508521e+03 3.519342e+03 3.567551e+03 3.556731e+03
1.5 3.402618e+03 3.506658e+03 3.586738e+03 3.482697e+03
2.5 3.616689e+03 3.463496e+03 3.634334e+03 3.787528e+03
3.5 3.331004e+03 3.401742e+03 3.690598e+03 3.619860e+03
4.5 3.366627e+03 3.349962e+03 3.723715e+03 3.740380e+03
5.5 3.437677e+03 3.323761e+03 3.722426e+03 3.836342e+03
6.5 3.540011e+03 3.321185e+03 3.695876e+03 3.914703e+03
7.5 3.284385e+03 3.332738e+03 3.659055e+03 3.610702e+03
8.5 3.381659e+03 3.349686e+03 3.623153e+03 3.655125e+03
9.5 3.518645e+03 3.366846e+03 3.593470e+03 3.745268e+03
10.5 3.244068e+03 3.379734e+03 3.568772e+03 3.433106e+03
