0.5 3.037259e+03 3.039141e+03 3.051233e+03 3.049350e+03
1.5 3.002426e+03 3.042452e+03 3.051709e+03 3.011682e+03
2.5 3.014493e+03 3.059759e+03 3.060540e+03 3.015273e+03
3.5 3.164106e+03 3.094388e+03 3.084834e+03 3.154553e+03
4.5 3.101743e+03 3.137793e+03 3.122290e+03 3.086239e+03
5.5 3.145930e+03 3.179054e+03 3.164276e+03 3.131152e+03
6.5 3.255976e+03 3.211723e+03 3.202649e+03 3.246902e+03
7.5 3.253042e+03 3.234270e+03 3.232996e+03 3.251768e+03
8.5 3.196670e+03 3.247949e+03 3.254392e+03 3.203114e+03
9.5 3.279489e+03 3.254873e+03 3.267898e+03 3.292515e+03
10.5 3.327887e+03 3.257010e+03 3.275240e+03 3.346118e+03
11.5 3.199235e+03 3.255894e+03 3.278093e+03 3.221434e+03
12.5 3.252992e+03 3.252663e+03 3.277835e+03 3.278164e+03
13.5 3.274883e+03 3.248175e+03 3.275542e+03 3.302250e+03
14.5 3.240406e+03 3.243087e+03 3.272047e+03 3.269366e+03
15.5 3.281660e+03 3.237894e+03 3.267988e+03 3.311754e+03
16.5 3.259899e+03 3.232949e+03 3.263842e+03 3.290791e+03
17.5 3.243453e+03 3.228467e+03 3.259936e+03 3.274921e+03
18.5 3.252754e+03 3.224552e+03 3.256468e+03 3.284671e+03
19.5 3.258363e+03 3.221215e+03 3.253529e+03 3.290677e+03
20.5 3.127125e+03 3.217715e+03 3.251124e+03 3.160533e+03
21.5 3.088369e+03 3.209108e+03 3.248046e+03 3.127306e+03
22.5 3.131773e+03 3.188185e+03 3.237060e+03 3.180648e+03
23.5 3.166226e+03 3.157002e+03 3.210982e+03 3.220206e+03
24.5 3.054013e+03 3.126060e+03 3.172043e+03 3.099995e+03
25.5 3.126813e+03 3.103091e+03 3.128803e+03 3.152525e+03
26.5 3.175642e+03 3.089574e+03 3.089352e+03 3.175419e+03
27.5 3.122361e+03 3.083344e+03 3.058056e+03 3.097073e+03
28.5 3.059734e+03 3.081557e+03 3.035805e+03 3.013982e+03
29.5 3.065098e+03 3.082085e+03 3.021513e+03 3.004526e+03
30.5 3.151574e+03 3.084388e+03 3.013443e+03 3.080629e+03
31.5 3.061314e+03 3.092717e+03 3.011068e+03 2.979664e+03
32.5 3.135411e+03 3.113862e+03 3.020184e+03 3.041733e+03
33.5 3.132717e+03 3.145435e+03 3.046790e+03 3.034072e+03
34.5 3.129688e+03 3.176727e+03 3.087742e+03 3.040703e+03
35.5 3.241079e+03 3.199845e+03 3.133768e+03 3.175002e+03
36.5 3.096069e+03 3.213218e+03 3.176252e+03 3.059103e+03
37.5 3.114262e+03 3.218979e+03 3.210455e+03 3.105739e+03
38.5 3.135235e+03 3.219995e+03 3.235262e+03 3.150502e+03
39.5 3.300207e+03 3.218448e+03 3.251645e+03 3.333403e+03
40.5 3.180514e+03 3.215643e+03 3.261326e+03 3.226196e+03
41.5 3.126736e+03 3.212273e+03 3.266023e+03 3.180486e+03
42.5 3.315616e+03 3.208724e+03 3.267190e+03 3.374082e+03
43.5 3.238502e+03 3.205246e+03 3.265981e+03 3.299238e+03
44.5 3.179162e+03 3.202022e+03 3.263308e+03 3.240449e+03
45.5 3.179807e+03 3.199176e+03 3.259878e+03 3.240508e+03
46.5 3.218118e+03 3.196771e+03 3.256219e+03 3.277567e+03
47.5 3.286763e+03 3.194809e+03 3.252703e+03 3.344657e+03
48.5 3.309797e+03 3.193249e+03 3.249558e+03 3.366106e+03
49.5 3.291613e+03 3.192025e+03 3.246894e+03 3.346483e+03
50.5 3.110499e+03 3.191100e+03 3.244733e+03 3.164132e+03
51.5 3.282166e+03 3.190703e+03 3.241878e+03 3.333341e+03
52.5 3.043982e+03 3.191306e+03 3.231102e+03 3.083778e+03
53.5 3.150387e+03 3.192866e+03 3.205228e+03 3.162750e+03
54.5 3.220570e+03 3.194711e+03 3.166490e+03 3.192350e+03
55.5 3.173927e+03 3.196225e+03 3.123452e+03 3.101154e+03
0.5 3.151574e+03 3.084388e+03 3.013443e+03 3.080629e+03
1.5 3.061314e+03 3.092717e+03 3.011068e+03 2.979664e+03
2.5 3.135411e+03 3.113862e+03 3.020184e+03 3.041733e+03
3.5 3.132717e+03 3.145435e+03 3.046790e+03 3.034072e+03
4.5 3.129688e+03 3.176727e+03 3.087742e+03 3.040703e+03
5.5 3.241079e+03 3.199845e+03 3.133768e+03 3.175002e+03
6.5 3.096069e+03 3.213218e+03 3.176252e+03 3.059103e+03
7.5 3.114262e+03 3.218979e+03 3.210455e+03 3.105739e+03
8.5 3.135235e+03 3.219995e+03 3.235262e+03 3.150502e+03
9.5 3.300207e+03 3.218448e+03 3.251645e+03 3.333403e+03
10.5 3.180514e+03 3.215643e+03 3.261326e+03 3.226196e+03
11.5 3.126736e+03 3.212273e+03 3.266023e+03 3.180486e+03
12.5 3.315616e+03 3.208724e+03 3.267190e+03 3.374082e+03
13.5 3.238502e+03 3.205246e+03 3.265981e+03 3.299238e+03
14.5 3.179162e+03 3.202022e+03 3.263308e+03 3.240449e+03
15.5 3.179807e+03 3.199176e+03 3.259878e+03 3.240508e+03
16.5 3.218118e+03 3.196771e+03 3.256219e+03 3.277567e+03
17.5 3.286763e+03 3.194809e+03 3.252703e+03 3.344657e+03
18.5 3.309797e+03 3.193249e+03 3.249558e+03 3.366106e+03
19.5 3.291613e+03 3.192025e+03 3.246894e+03 3.346483e+03
20.5 3.110499e+03 3.191100e+03 3.244733e+03 3.164132e+03
21.5 3.282166e+03 3.190703e+03 3.241878e+03 3.333341e+03
22.5 3.043982e+03 3.191306e+03 3.231102e+03 3.083778e+03
23.5 3.150387e+03 3.192866e+03 3.205228e+03 3.162750e+03
24.5 3.220570e+03 3.194711e+03 3.166490e+03 3.192350e+03
25.5 3.173927e+03 3.196225e+03 3.123452e+03 3.101154e+03
26.5 3.191504e+03 3.197168e+03 3.084199e+03 3.078535e+03
27.5 3.195930e+03 3.197579e+03 3.053100e+03 3.051451e+03
28.5 3.297175e+03 3.197598e+03 3.031042e+03 3.130619e+03
29.5 3.152009e+03 3.197362e+03 3.016939e+03 2.971585e+03
30.5 3.120140e+03 3.196932e+03 3.009051e+03 2.932259e+03
31.5 3.133205e+03 3.196074e+03 3.006853e+03 2.943984e+03
32.5 3.170828e+03 3.194300e+03 3.016121e+03 2.992649e+03
33.5 3.148539e+03 3.191640e+03 3.042875e+03 2.999773e+03
34.5 3.147446e+03 3.188759e+03 3.083969e+03 3.042656e+03
35.5 3.219957e+03 3.186269e+03 3.130135e+03 3.163822e+03
36.5 3.125633e+03 3.184410e+03 3.172753e+03 3.113977e+03
37.5 3.145740e+03 3.183140e+03 3.207088e+03 3.169687e+03
38.5 3.149358e+03 3.182318e+03 3.232021e+03 3.199062e+03
39.5 3.142502e+03 3.181801e+03 3.248529e+03 3.209230e+03
40.5 3.164484e+03 3.181485e+03 3.258329e+03 3.241329e+03
41.5 3.191925e+03 3.181300e+03 3.263144e+03 3.273769e+03
42.5 3.196314e+03 3.181200e+03 3.264424e+03 3.279538e+03
43.5 3.041029e+03 3.181149e+03 3.263326e+03 3.123205e+03
44.5 3.152224e+03 3.181120e+03 3.260760e+03 3.231863e+03
45.5 3.347236e+03 3.181095e+03 3.257433e+03 3.423574e+03
46.5 3.145777e+03 3.181060e+03 3.253876e+03 3.218593e+03
47.5 3.190373e+03 3.181008e+03 3.250458e+03 3.259824e+03
48.5 3.178900e+03 3.180937e+03 3.247408e+03 3.245371e+03
49.5 3.211577e+03 3.180850e+03 3.244838e+03 3.275566e+03
50.5 3.231390e+03 3.180789e+03 3.242768e+03 3.293369e+03
51.5 3.323339e+03 3.181057e+03 3.240001e+03 3.382283e+03
52.5 3.011739e+03 3.182188e+03 3.229311e+03 3.058862e+03
53.5 3.159250e+03 3.184188e+03 3.203521e+03 3.178582e+03
54.5 3.139094e+03 3.186418e+03 3.164864e+03 3.117540e+03
55.5 3.262127e+03 3.188285e+03 3.121905e+03 3.195746e+03
0.5 3.120140e+03 3.196932e+03 3.009051e+03 2.932259e+03
1.5 3.133205e+03 3.196074e+03 3.006853e+03 2.943984e+03
2.5 3.170828e+03 3.194300e+03 3.016121e+03 2.992649e+03
3.5 3.148539e+03 3.191640e+03 3.042875e+03 2.999773e+03
4.5 3.147446e+03 3.188759e+03 3.083969e+03 3.042656e+03
5.5 3.219957e+03 3.186269e+03 3.130135e+03 3.163822e+03
6.5 3.125633e+03 3.184410e+03 3.172753e+03 3.113977e+03
7.5 3.145740e+03 3.183140e+03 3.207088e+03 3.169687e+03
8.5 3.149358e+03 3.182318e+03 3.232021e+03 3.199062e+03
9.5 3.142502e+03 3.181801e+03 3.248529e+03 3.209230e+03
10.5 3.164484e+03 3.181485e+03 3.258329e+03 3.241329e+03
11.5 3.191925e+03 3.181300e+03 3.263144e+03 3.273769e+03
12.5 3.196314e+03 3.181200e+03 3.264424e+03 3.279538e+03
13.5 3.041029e+03 3.181149e+03 3.263326e+03 3.123205e+03
14.5 3.152224e+03 3.181120e+03 3.260760e+03 3.231863e+03
15.5 3.347236e+03 3.181095e+03 3.257433e+03 3.423574e+03
16.5 3.145777e+03 3.181060e+03 3.253876e+03 3.218593e+03
17.5 3.190373e+03 3.181008e+03 3.250458e+03 3.259824e+03
18.5 3.178900e+03 3.180937e+03 3.247408e+03 3.245371e+03
19.5 3.211577e+03 3.180850e+03 3.244838e+03 3.275566e+03
20.5 3.231390e+03 3.180789e+03 3.242768e+03 3.293369e+03
21.5 3.323339e+03 3.181057e+03 3.240001e+03 3.382283e+03
22.5 3.011739e+03 3.182188e+03 3.229311e+03 3.058862e+03
23.5 3.159250e+03 3.184188e+03 3.203521e+03 3.178582e+03
24.5 3.139094e+03 3.186418e+03 3.164864e+03 3.117540e+03
25.5 3.262127e+03 3.188285e+03 3.121905e+03 3.195746e+03
26.5 3.238809e+03 3.189563e+03 3.082730e+03 3.131976e+03
27.5 3.264620e+03 3.190296e+03 3.051706e+03 3.126030e+03
28.5 3.165965e+03 3.190631e+03 3.029722e+03 3.005056e+03
29.5 3.138345e+03 3.190705e+03 3.015691e+03 2.963331e+03
30.5 3.219491e+03 3.190580e+03 3.007874e+03 3.036786e+03
31.5 3.154444e+03 3.190022e+03 3.005745e+03 2.970167e+03
32.5 3.148575e+03 3.188545e+03 3.015080e+03 2.975111e+03
33.5 3.181171e+03 3.186176e+03 3.041900e+03 3.036895e+03
34.5 3.187918e+03 3.183581e+03 3.083059e+03 3.087396e+03
35.5 3.190171e+03 3.181371e+03 3.129288e+03 3.138088e+03
36.5 3.207511e+03 3.179786e+03 3.171969e+03 3.199694e+03
37.5 3.176783e+03 3.178787e+03 3.206365e+03 3.204360e+03
38.5 3.199125e+03 3.178230e+03 3.231359e+03 3.252254e+03
39.5 3.255782e+03 3.177973e+03 3.247925e+03 3.325735e+03
40.5 3.130870e+03 3.177912e+03 3.257784e+03 3.210743e+03
41.5 3.123935e+03 3.177977e+03 3.262656e+03 3.208615e+03
42.5 3.236197e+03 3.178121e+03 3.263993e+03 3.322068e+03
43.5 3.065797e+03 3.178310e+03 3.262952e+03 3.150439e+03
44.5 3.196091e+03 3.178516e+03 3.260442e+03 3.278017e+03
45.5 3.306384e+03 3.178721e+03 3.257170e+03 3.384834e+03
46.5 3.195264e+03 3.178910e+03 3.253668e+03 3.270021e+03
47.5 3.108251e+03 3.179079e+03 3.250305e+03 3.179477e+03
48.5 3.188452e+03 3.179224e+03 3.247309e+03 3.256537e+03
49.5 3.210768e+03 3.179345e+03 3.244793e+03 3.276216e+03
50.5 3.146300e+03 3.178748e+03 3.242777e+03 3.210329e+03
51.5 3.181397e+03 3.172569e+03 3.240064e+03 3.248892e+03
52.5 3.171477e+03 3.153693e+03 3.229428e+03 3.247212e+03
53.5 3.147278e+03 3.124263e+03 3.203691e+03 3.226707e+03
54.5 3.172021e+03 3.094854e+03 3.165089e+03 3.242255e+03
55.5 3.201501e+03 3.073257e+03 3.122184e+03 3.250428e+03
0.5 3.219491e+03 3.190580e+03 3.007874e+03 3.036786e+03
1.5 3.154444e+03 3.190022e+03 3.005745e+03 2.970167e+03
2.5 3.148575e+03 3.188545e+03 3.015080e+03 2.975111e+03
3.5 3.181171e+03 3.186176e+03 3.041900e+03 3.036895e+03
4.5 3.187918e+03 3.183581e+03 3.083059e+03 3.087396e+03
5.5 3.190171e+03 3.181371e+03 3.129288e+03 3.138088e+03
6.5 3.207511e+03 3.179786e+03 3.171969e+03 3.199694e+03
7.5 3.176783e+03 3.178787e+03 3.206365e+03 3.204360e+03
8.5 3.199125e+03 3.178230e+03 3.231359e+03 3.252254e+03
9.5 3.255782e+03 3.177973e+03 3.247925e+03 3.325735e+03
10.5 3.130870e+03 3.177912e+03 3.257784e+03 3.210743e+03
11.5 3.123935e+03 3.177977e+03 3.262656e+03 3.208615e+03
12.5 3.236197e+03 3.178121e+03 3.263993e+03 3.322068e+03
13.5 3.065797e+03 3.178310e+03 3.262952e+03 3.150439e+03
14.5 3.196091e+03 3.178516e+03 3.260442e+03 3.278017e+03
15.5 3.306384e+03 3.178721e+03 3.257170e+03 3.384834e+03
16.5 3.195264e+03 3.178910e+03 3.253668e+03 3.270021e+03
17.5 3.108251e+03 3.179079e+03 3.250305e+03 3.179477e+03
18.5 3.188452e+03 3.179224e+03 3.247309e+03 3.256537e+03
19.5 3.210768e+03 3.179345e+03 3.244793e+03 3.276216e+03
20.5 3.146300e+03 3.178748e+03 3.242777e+03 3.210329e+03
21.5 3.181397e+03 3.172569e+03 3.240064e+03 3.248892e+03
22.5 3.171477e+03 3.153693e+03 3.229428e+03 3.247212e+03
23.5 3.147278e+03 3.124263e+03 3.203691e+03 3.226707e+03
24.5 3.172021e+03 3.094854e+03 3.165089e+03 3.242255e+03
25.5 3.201501e+03 3.073257e+03 3.122184e+03 3.250428e+03
26.5 3.018002e+03 3.060995e+03 3.083064e+03 3.040071e+03
27.5 2.921272e+03 3.055935e+03 3.052095e+03 2.917433e+03
28.5 3.037061e+03 3.055256e+03 3.030166e+03 3.011971e+03
29.5 2.963609e+03 3.056846e+03 3.016192e+03 2.922955e+03
30.5 3.048349e+03 3.060175e+03 3.008431e+03 2.996605e+03
31.5 2.985984e+03 3.069485e+03 3.006359e+03 2.922859e+03
32.5 3.163773e+03 3.091570e+03 3.015753e+03 3.087955e+03
33.5 3.219756e+03 3.124082e+03 3.042631e+03 3.138304e+03
34.5 3.202316e+03 3.156296e+03 3.083850e+03 3.129870e+03
35.5 3.247461e+03 3.180319e+03 3.130139e+03 3.197281e+03
36.5 3.298042e+03 3.194580e+03 3.172882e+03 3.276344e+03
37.5 3.156304e+03 3.201215e+03 3.207340e+03 3.162430e+03
38.5 3.246354e+03 3.203090e+03 3.232398e+03 3.275663e+03
39.5 3.158106e+03 3.202389e+03 3.249030e+03 3.204748e+03
40.5 3.256254e+03 3.200414e+03 3.258956e+03 3.314795e+03
41.5 3.167950e+03 3.197862e+03 3.263896e+03 3.233985e+03
42.5 3.096457e+03 3.195116e+03 3.265303e+03 3.166644e+03
43.5 3.121258e+03 3.192428e+03 3.264332e+03 3.193163e+03
44.5 3.185485e+03 3.189981e+03 3.261895e+03 3.257399e+03
45.5 3.170735e+03 3.187900e+03 3.258698e+03 3.241533e+03
46.5 3.302757e+03 3.186246e+03 3.255273e+03 3.371783e+03
47.5 3.075245e+03 3.185024e+03 3.251988e+03 3.142209e+03
48.5 3.301089e+03 3.184192e+03 3.249073e+03 3.365970e+03
49.5 3.153242e+03 3.183683e+03 3.246640e+03 3.216198e+03
50.5 3.215539e+03 3.183463e+03 3.244708e+03 3.276784e+03
51.5 3.261253e+03 3.183759e+03 3.242082e+03 3.319576e+03
52.5 3.182082e+03 3.185044e+03 3.231536e+03 3.228574e+03
53.5 3.237859e+03 3.187276e+03 3.205892e+03 3.256475e+03
54.5 3.150076e+03 3.189783e+03 3.167384e+03 3.127677e+03
55.5 3.125429e+03 3.191949e+03 3.124576e+03 3.058057e+03
0.5 3.048349e+03 3.060175e+03 3.008431e+03 2.996605e+03
1.5 2.985984e+03 3.069485e+03 3.006359e+03 2.922859e+03
2.5 3.163773e+03 3.091570e+03 3.015753e+03 3.087955e+03
3.5 3.219756e+03 3.124082e+03 3.042631e+03 3.138304e+03
4.5 3.202316e+03 3.156296e+03 3.083850e+03 3.129870e+03
5.5 3.247461e+03 3.180319e+03 3.130139e+03 3.197281e+03
6.5 3.298042e+03 3.194580e+03 3.172882e+03 3.276344e+03
7.5 3.156304e+03 3.201215e+03 3.207340e+03 3.162430e+03
8.5 3.246354e+03 3.203090e+03 3.232398e+03 3.275663e+03
9.5 3.158106e+03 3.202389e+03 3.249030e+03 3.204748e+03
10.5 3.256254e+03 3.200414e+03 3.258956e+03 3.314795e+03
11.5 3.167950e+03 3.197862e+03 3.263896e+03 3.233985e+03
12.5 3.096457e+03 3.195116e+03 3.265303e+03 3.166644e+03
13.5 3.121258e+03 3.192428e+03 3.264332e+03 3.193163e+03
14.5 3.185485e+03 3.189981e+03 3.261895e+03 3.257399e+03
15.5 3.170735e+03 3.187900e+03 3.258698e+03 3.241533e+03
16.5 3.302757e+03 3.186246e+03 3.255273e+03 3.371783e+03
17.5 3.075245e+03 3.185024e+03 3.251988e+03 3.142209e+03
18.5 3.301089e+03 3.184192e+03 3.249073e+03 3.365970e+03
19.5 3.153242e+03 3.183683e+03 3.246640e+03 3.216198e+03
20.5 3.215539e+03 3.183463e+03 3.244708e+03 3.276784e+03
21.5 3.261253e+03 3.183759e+03 3.242082e+03 3.319576e+03
22.5 3.182082e+03 3.185044e+03 3.231536e+03 3.228574e+03
23.5 3.237859e+03 3.187276e+03 3.205892e+03 3.256475e+03
24.5 3.150076e+03 3.189783e+03 3.167384e+03 3.127677e+03
25.5 3.125429e+03 3.191949e+03 3.124576e+03 3.058057e+03
26.5 3.189385e+03 3.193545e+03 3.085556e+03 3.081397e+03
27.5 3.218866e+03 3.194623e+03 3.054707e+03 3.078950e+03
28.5 3.176344e+03 3.195294e+03 3.032903e+03 3.013952e+03
29.5 3.330060e+03 3.195705e+03 3.019057e+03 3.153412e+03
30.5 3.146189e+03 3.195914e+03 3.011430e+03 2.961706e+03
31.5 3.337010e+03 3.195691e+03 3.009497e+03 3.150817e+03
32.5 3.169139e+03 3.194546e+03 3.019034e+03 2.993628e+03
33.5 3.139254e+03 3.192506e+03 3.046059e+03 2.992807e+03
34.5 3.265587e+03 3.190234e+03 3.087426e+03 3.162779e+03
35.5 3.241394e+03 3.188339e+03 3.133861e+03 3.186916e+03
36.5 3.164665e+03 3.187061e+03 3.176745e+03 3.154349e+03
37.5 3.243170e+03 3.186361e+03 3.211341e+03 3.268150e+03
38.5 3.168637e+03 3.186097e+03 3.236534e+03 3.219074e+03
39.5 3.281393e+03 3.186130e+03 3.253299e+03 3.348561e+03
40.5 3.190644e+03 3.186358e+03 3.263358e+03 3.267644e+03
41.5 3.267803e+03 3.186712e+03 3.268433e+03 3.349524e+03
42.5 3.096270e+03 3.187146e+03 3.269976e+03 3.179101e+03
43.5 3.172325e+03 3.187626e+03 3.269147e+03 3.253845e+03
44.5 3.215860e+03 3.188127e+03 3.266855e+03 3.294587e+03
45.5 3.169443e+03 3.188630e+03 3.263808e+03 3.244621e+03
46.5 3.064658e+03 3.189123e+03 3.260537e+03 3.136072e+03
47.5 3.067711e+03 3.189599e+03 3.257413e+03 3.135524e+03
48.5 3.127357e+03 3.190058e+03 3.254665e+03 3.191965e+03
49.5 3.196435e+03 3.190497e+03 3.252404e+03 3.258342e+03
50.5 3.186216e+03 3.190224e+03 3.250650e+03 3.246642e+03
51.5 3.234906e+03 3.184376e+03 3.248209e+03 3.298738e+03
52.5 3.106354e+03 3.165839e+03 3.237853e+03 3.178368e+03
53.5 3.233952e+03 3.136765e+03 3.212410e+03 3.309597e+03
54.5 3.110386e+03 3.107735e+03 3.174121e+03 3.176773e+03
55.5 3.132651e+03 3.086540e+03 3.131559e+03 3.177669e+03
0.5 3.146189e+03 3.195914e+03 3.011430e+03 2.961706e+03
1.5 3.337010e+03 3.195691e+03 3.009497e+03 3.150817e+03
2.5 3.169139e+03 3.194546e+03 3.019034e+03 2.993628e+03
3.5 3.139254e+03 3.192506e+03 3.046059e+03 2.992807e+03
4.5 3.265587e+03 3.190234e+03 3.087426e+03 3.162779e+03
5.5 3.241394e+03 3.188339e+03 3.133861e+03 3.186916e+03
6.5 3.164665e+03 3.187061e+03 3.176745e+03 3.154349e+03
7.5 3.243170e+03 3.186361e+03 3.211341e+03 3.268150e+03
8.5 3.168637e+03 3.186097e+03 3.236534e+03 3.219074e+03
9.5 3.281393e+03 3.186130e+03 3.253299e+03 3.348561e+03
10.5 3.190644e+03 3.186358e+03 3.263358e+03 3.267644e+03
11.5 3.267803e+03 3.186712e+03 3.268433e+03 3.349524e+03
12.5 3.096270e+03 3.187146e+03 3.269976e+03 3.179101e+03
13.5 3.172325e+03 3.187626e+03 3.269147e+03 3.253845e+03
14.5 3.215860e+03 3.188127e+03 3.266855e+03 3.294587e+03
15.5 3.169443e+03 3.188630e+03 3.263808e+03 3.244621e+03
16.5 3.064658e+03 3.189123e+03 3.260537e+03 3.136072e+03
17.5 3.067711e+03 3.189599e+03 3.257413e+03 3.135524e+03
18.5 3.127357e+03 3.190058e+03 3.254665e+03 3.191965e+03
19.5 3.196435e+03 3.190497e+03 3.252404e+03 3.258342e+03
20.5 3.186216e+03 3.190224e+03 3.250650e+03 3.246642e+03
21.5 3.234906e+03 3.184376e+03 3.248209e+03 3.298738e+03
22.5 3.106354e+03 3.165839e+03 3.237853e+03 3.178368e+03
23.5 3.233952e+03 3.136765e+03 3.212410e+03 3.309597e+03
24.5 3.110386e+03 3.107735e+03 3.174121e+03 3.176773e+03
25.5 3.132651e+03 3.086540e+03 3.131559e+03 3.177669e+03
26.5 3.009775e+03 3.074703e+03 3.092815e+03 3.027886e+03
27.5 3.024717e+03 3.070086e+03 3.062255e+03 3.016886e+03
28.5 2.981051e+03 3.069866e+03 3.040766e+03 2.951951e+03
29.5 3.034491e+03 3.071926e+03 3.027258e+03 2.989824e+03
30.5 3.146818e+03 3.075270e+03 3.019984e+03 3.091532e+03
