0.5 9.389002e+02 1.170804e+03 1.190375e+03 9.584719e+02
1.5 1.245679e+03 1.158973e+03 1.203771e+03 1.290477e+03
2.5 8.251953e+02 1.134146e+03 1.236961e+03 9.280098e+02
3.5 1.303851e+03 1.107808e+03 1.276208e+03 1.472251e+03
4.5 1.207840e+03 1.095936e+03 1.299361e+03 1.411264e+03
5.5 1.014516e+03 1.102687e+03 1.298568e+03 1.210397e+03
6.5 1.317635e+03 1.121768e+03 1.280184e+03 1.476051e+03
7.5 9.314998e+02 1.144588e+03 1.254638e+03 1.041550e+03
8.5 1.110774e+03 1.165196e+03 1.229716e+03 1.175294e+03
9.5 1.172856e+03 1.181068e+03 1.209109e+03 1.200897e+03
10.5 9.733964e+02 1.193188e+03 1.191961e+03 9.721696e+02
11.5 1.240020e+03 1.209633e+03 1.167592e+03 1.197979e+03
12.5 1.123522e+03 1.235935e+03 1.127059e+03 1.014646e+03
13.5 1.230995e+03 1.261261e+03 1.083308e+03 1.053042e+03
14.5 1.366860e+03 1.270296e+03 1.057792e+03 1.154356e+03
15.5 1.434764e+03 1.259397e+03 1.057824e+03 1.233190e+03
16.5 1.393745e+03 1.235301e+03 1.076581e+03 1.235025e+03
17.5 1.206035e+03 1.206977e+03 1.103228e+03 1.102285e+03
18.5 1.173529e+03 1.180689e+03 1.129631e+03 1.122470e+03
19.5 1.326316e+03 1.159201e+03 1.151823e+03 1.318938e+03
20.5 1.026462e+03 1.142905e+03 1.168830e+03 1.052386e+03
21.5 1.160373e+03 1.131126e+03 1.181113e+03 1.210360e+03
22.5 1.173911e+03 1.122940e+03 1.189537e+03 1.240508e+03
23.5 9.577206e+02 1.117512e+03 1.194924e+03 1.035133e+03
24.5 1.124471e+03 1.114161e+03 1.197953e+03 1.208263e+03
25.5 9.444376e+02 1.112326e+03 1.199195e+03 1.031306e+03
26.5 9.857055e+02 1.111531e+03 1.199151e+03 1.073325e+03
27.5 9.059987e+02 1.111375e+03 1.198266e+03 9.928899e+02
28.5 9.167998e+02 1.111531e+03 1.196916e+03 1.002185e+03
29.5 1.003757e+03 1.111766e+03 1.195396e+03 1.087387e+03
30.5 1.008372e+03 1.113211e+03 1.193912e+03 1.089073e+03
31.5 1.160765e+03 1.126102e+03 1.192589e+03 1.227252e+03
32.5 1.429023e+03 1.171910e+03 1.191484e+03 1.448597e+03
33.5 1.126507e+03 1.255010e+03 1.190607e+03 1.062105e+03
34.5 1.419879e+03 1.353260e+03 1.189941e+03 1.256560e+03
35.5 1.492571e+03 1.442251e+03 1.189453e+03 1.239774e+03
36.5 1.550334e+03 1.509688e+03 1.189105e+03 1.229751e+03
37.5 1.611483e+03 1.554375e+03 1.188860e+03 1.245968e+03
38.5 1.548862e+03 1.580459e+03 1.188691e+03 1.157094e+03
39.5 1.468456e+03 1.593098e+03 1.188576e+03 1.063934e+03
40.5 1.628747e+03 1.595302e+03 1.188497e+03 1.221942e+03
41.5 1.467125e+03 1.579874e+03 1.188441e+03 1.075692e+03
42.5 1.271842e+03 1.527539e+03 1.188401e+03 9.327042e+02
43.5 1.486803e+03 1.435575e+03 1.188370e+03 1.239598e+03
44.5 1.174976e+03 1.327412e+03 1.188345e+03 1.035910e+03
45.5 1.467629e+03 1.228440e+03 1.188322e+03 1.427512e+03
0.5 1.010230e+03 1.081463e+03 1.189507e+03 1.118274e+03
1.5 1.068798e+03 1.074203e+03 1.202885e+03 1.197480e+03
2.5 9.461180e+02 1.053159e+03 1.236053e+03 1.129012e+03
3.5 8.400233e+02 1.030088e+03 1.275275e+03 1.085210e+03
4.5 7.819666e+02 1.021156e+03 1.298401e+03 1.059211e+03
5.5 1.085827e+03 1.030644e+03 1.297585e+03 1.352768e+03
6.5 1.221054e+03 1.052339e+03 1.279185e+03 1.447900e+03
7.5 1.277859e+03 1.077694e+03 1.253630e+03 1.453796e+03
8.5 8.879340e+02 1.100781e+03 1.228705e+03 1.015858e+03
9.5 1.539688e+03 1.119092e+03 1.208100e+03 1.628696e+03
10.5 1.315338e+03 1.133616e+03 1.190958e+03 1.372680e+03
11.5 1.052918e+03 1.152379e+03 1.166629e+03 1.067167e+03
12.5 1.231415e+03 1.180951e+03 1.126135e+03 1.176599e+03
13.5 1.075396e+03 1.208570e+03 1.082386e+03 9.492119e+02
14.5 1.305347e+03 1.219865e+03 1.056874e+03 1.142357e+03
15.5 1.039932e+03 1.211191e+03 1.056911e+03 8.856523e+02
16.5 9.985409e+02 1.189282e+03 1.075674e+03 8.849333e+02
17.5 1.302654e+03 1.163114e+03 1.102327e+03 1.241867e+03
18.5 1.161019e+03 1.138950e+03 1.128738e+03 1.150806e+03
19.5 8.703789e+02 1.119551e+03 1.150938e+03 9.017656e+02
20.5 9.362213e+02 1.105309e+03 1.167954e+03 9.988655e+02
21.5 9.156056e+02 1.095549e+03 1.180246e+03 1.000302e+03
22.5 1.113002e+03 1.089348e+03 1.188680e+03 1.212335e+03
23.5 1.077886e+03 1.085870e+03 1.194077e+03 1.186093e+03
24.5 7.628243e+02 1.084435e+03 1.197117e+03 8.755065e+02
25.5 1.140372e+03 1.084482e+03 1.198370e+03 1.254259e+03
26.5 9.383546e+02 1.085536e+03 1.198337e+03 1.051156e+03
27.5 1.070767e+03 1.087195e+03 1.197464e+03 1.181036e+03
28.5 1.329719e+03 1.089134e+03 1.196126e+03 1.436711e+03
29.5 1.158698e+03 1.091118e+03 1.194618e+03 1.262199e+03
30.5 1.167375e+03 1.094280e+03 1.193146e+03 1.266241e+03
31.5 1.246946e+03 1.108857e+03 1.191835e+03 1.329923e+03
32.5 1.147066e+03 1.156319e+03 1.190742e+03 1.181488e+03
33.5 1.292417e+03 1.241043e+03 1.189878e+03 1.241252e+03
34.5 1.275250e+03 1.340886e+03 1.189224e+03 1.123588e+03
35.5 1.279258e+03 1.431440e+03 1.188747e+03 1.036566e+03
36.5 1.632519e+03 1.500476e+03 1.188410e+03 1.320453e+03
37.5 1.772224e+03 1.546779e+03 1.188176e+03 1.413621e+03
38.5 1.757045e+03 1.574394e+03 1.188018e+03 1.370669e+03
39.5 1.605216e+03 1.588540e+03 1.187913e+03 1.204589e+03
40.5 1.431671e+03 1.592226e+03 1.187843e+03 1.027288e+03
41.5 1.509136e+03 1.578258e+03 1.187797e+03 1.118676e+03
42.5 1.420058e+03 1.527356e+03 1.187766e+03 1.080468e+03
43.5 1.142961e+03 1.436791e+03 1.187743e+03 8.939137e+02
44.5 1.600210e+03 1.329987e+03 1.187726e+03 1.457949e+03
45.5 1.260879e+03 1.232333e+03 1.187711e+03 1.216257e+03
0.5 1.122696e+03 1.105496e+03 1.189151e+03 1.206351e+03
1.5 9.615375e+02 1.098795e+03 1.202511e+03 1.065254e+03
2.5 1.291266e+03 1.078321e+03 1.235654e+03 1.448599e+03
3.5 1.062830e+03 1.055837e+03 1.274833e+03 1.281825e+03
4.5 1.083627e+03 1.047514e+03 1.297893e+03 1.334006e+03
5.5 1.120976e+03 1.057628e+03 1.296995e+03 1.360344e+03
6.5 1.128991e+03 1.079957e+03 1.278508e+03 1.327542e+03
7.5 9.973250e+02 1.105948e+03 1.252868e+03 1.144245e+03
8.5 1.082073e+03 1.129673e+03 1.227868e+03 1.180268e+03
9.5 9.487784e+02 1.148610e+03 1.207199e+03 1.007367e+03
10.5 1.136158e+03 1.160880e+03 1.190001e+03 1.165279e+03
