0.5 9.384504e+03 9.414366e+03 9.310567e+03 9.280705e+03
1.5 9.348119e+03 9.405917e+03 9.301734e+03 9.243936e+03
2.5 9.318966e+03 9.377504e+03 9.279727e+03 9.221189e+03
3.5 9.290150e+03 9.332157e+03 9.253359e+03 9.211352e+03
4.5 9.281013e+03 9.286310e+03 9.237189e+03 9.231892e+03
5.5 9.287009e+03 9.252342e+03 9.236578e+03 9.271244e+03
6.5 9.283547e+03 9.232927e+03 9.247574e+03 9.298195e+03
7.5 9.219583e+03 9.224940e+03 9.263467e+03 9.258110e+03
8.5 9.234616e+03 9.224056e+03 9.279183e+03 9.289743e+03
9.5 9.236932e+03 9.226962e+03 9.292275e+03 9.302245e+03
10.5 9.199529e+03 9.231692e+03 9.302181e+03 9.270018e+03
11.5 9.217027e+03 9.237213e+03 9.309235e+03 9.289049e+03
12.5 9.211960e+03 9.242964e+03 9.313998e+03 9.282994e+03
13.5 9.179043e+03 9.248583e+03 9.316983e+03 9.247444e+03
14.5 9.204585e+03 9.253800e+03 9.318599e+03 9.269384e+03
15.5 9.250883e+03 9.258428e+03 9.319179e+03 9.311633e+03
16.5 9.240417e+03 9.262372e+03 9.319013e+03 9.297059e+03
17.5 9.273353e+03 9.265623e+03 9.318362e+03 9.326092e+03
18.5 9.268074e+03 9.268242e+03 9.317447e+03 9.317280e+03
19.5 9.302054e+03 9.270334e+03 9.316447e+03 9.348168e+03
20.5 9.347891e+03 9.272718e+03 9.316562e+03 9.391736e+03
21.5 9.323491e+03 9.280499e+03 9.324490e+03 9.367483e+03
22.5 9.339763e+03 9.301501e+03 9.345725e+03 9.383987e+03
23.5 9.327368e+03 9.334193e+03 9.371462e+03 9.364638e+03
24.5 9.367998e+03 9.367793e+03 9.387133e+03 9.387338e+03
25.5 9.401966e+03 9.393816e+03 9.387361e+03 9.395511e+03
26.5 9.385546e+03 9.410117e+03 9.376077e+03 9.351507e+03
27.5 9.437818e+03 9.418512e+03 9.359972e+03 9.379278e+03
28.5 9.416823e+03 9.421779e+03 9.344099e+03 9.339144e+03
29.5 9.432791e+03 9.422131e+03 9.330887e+03 9.341547e+03
30.5 9.414069e+03 9.420237e+03 9.319806e+03 9.313638e+03
31.5 9.396481e+03 9.411846e+03 9.303877e+03 9.288513e+03
32.5 9.381044e+03 9.389665e+03 9.277093e+03 9.268473e+03
33.5 9.388549e+03 9.355631e+03 9.247764e+03 9.280682e+03
34.5 9.349545e+03 9.320774e+03 9.230014e+03 9.258785e+03
35.5 9.353426e+03 9.293763e+03 9.228857e+03 9.288520e+03
36.5 9.318555e+03 9.276851e+03 9.240047e+03 9.281750e+03
37.5 9.335365e+03 9.268255e+03 9.256610e+03 9.323719e+03
38.5 9.356474e+03 9.265175e+03 9.273253e+03 9.364552e+03
39.5 9.310642e+03 9.265334e+03 9.287352e+03 9.332661e+03
40.5 9.330418e+03 9.267286e+03 9.298228e+03 9.361360e+03
41.5 9.332920e+03 9.270197e+03 9.306139e+03 9.368862e+03
42.5 9.279751e+03 9.273567e+03 9.311615e+03 9.317799e+03
43.5 9.259604e+03 9.277053e+03 9.315163e+03 9.297715e+03
44.5 9.255398e+03 9.280400e+03 9.317206e+03 9.292204e+03
45.5 9.270336e+03 9.283428e+03 9.318099e+03 9.305008e+03
46.5 9.235042e+03 9.286033e+03 9.318157e+03 9.267166e+03
47.5 9.237312e+03 9.288183e+03 9.317662e+03 9.266790e+03
48.5 9.227502e+03 9.289903e+03 9.316855e+03 9.254453e+03
49.5 9.207958e+03 9.291251e+03 9.315928e+03 9.232635e+03
50.5 9.281645e+03 9.292441e+03 9.316093e+03 9.305297e+03
51.5 9.259010e+03 9.294322e+03 9.324054e+03 9.288742e+03
52.5 9.309616e+03 9.297135e+03 9.345309e+03 9.357790e+03
53.5 9.321918e+03 9.299250e+03 9.371055e+03 9.393722e+03
54.5 9.304558e+03 9.298979e+03 9.386729e+03 9.392308e+03
55.5 9.295121e+03 9.296294e+03 9.386961e+03 9.385787e+03
0.5 9.414069e+03 9.420237e+03 9.319806e+03 9.313638e+03
1.5 9.396481e+03 9.411846e+03 9.303877e+03 9.288513e+03
2.5 9.381044e+03 9.389665e+03 9.277093e+03 9.268473e+03
3.5 9.388549e+03 9.355631e+03 9.247764e+03 9.280682e+03
4.5 9.349545e+03 9.320774e+03 9.230014e+03 9.258785e+03
5.5 9.353426e+03 9.293763e+03 9.228857e+03 9.288520e+03
6.5 9.318555e+03 9.276851e+03 9.240047e+03 9.281750e+03
7.5 9.335365e+03 9.268255e+03 9.256610e+03 9.323719e+03
8.5 9.356474e+03 9.265175e+03 9.273253e+03 9.364552e+03
9.5 9.310642e+03 9.265334e+03 9.287352e+03 9.332661e+03
10.5 9.330418e+03 9.267286e+03 9.298228e+03 9.361360e+03
11.5 9.332920e+03 9.270197e+03 9.306139e+03 9.368862e+03
12.5 9.279751e+03 9.273567e+03 9.311615e+03 9.317799e+03
13.5 9.259604e+03 9.277053e+03 9.315163e+03 9.297715e+03
14.5 9.255398e+03 9.280400e+03 9.317206e+03 9.292204e+03
15.5 9.270336e+03 9.283428e+03 9.318099e+03 9.305008e+03
16.5 9.235042e+03 9.286033e+03 9.318157e+03 9.267166e+03
17.5 9.237312e+03 9.288183e+03 9.317662e+03 9.266790e+03
18.5 9.227502e+03 9.289903e+03 9.316855e+03 9.254453e+03
19.5 9.207958e+03 9.291251e+03 9.315928e+03 9.232635e+03
20.5 9.281645e+03 9.292441e+03 9.316093e+03 9.305297e+03
21.5 9.259010e+03 9.294322e+03 9.324054e+03 9.288742e+03
22.5 9.309616e+03 9.297135e+03 9.345309e+03 9.357790e+03
23.5 9.321918e+03 9.299250e+03 9.371055e+03 9.393722e+03
24.5 9.304558e+03 9.298979e+03 9.386729e+03 9.392308e+03
25.5 9.295121e+03 9.296294e+03 9.386961e+03 9.385787e+03
26.5 9.315970e+03 9.292337e+03 9.375682e+03 9.399314e+03
27.5 9.287327e+03 9.288322e+03 9.359583e+03 9.358588e+03
28.5 9.289451e+03 9.284984e+03 9.343719e+03 9.348185e+03
29.5 9.319352e+03 9.282567e+03 9.330517e+03 9.367303e+03
30.5 9.312388e+03 9.280875e+03 9.319448e+03 9.350962e+03
31.5 9.308443e+03 9.278963e+03 9.303549e+03 9.333029e+03
32.5 9.283949e+03 9.276479e+03 9.276793e+03 9.284263e+03
33.5 9.267279e+03 9.274956e+03 9.247473e+03 9.239796e+03
34.5 9.293003e+03 9.276003e+03 9.229732e+03 9.246732e+03
35.5 9.257753e+03 9.279581e+03 9.228583e+03 9.206755e+03
36.5 9.310943e+03 9.284492e+03 9.239780e+03 9.266232e+03
37.5 9.301276e+03 9.289473e+03 9.256352e+03 9.268154e+03
38.5 9.283135e+03 9.293752e+03 9.273002e+03 9.262384e+03
39.5 9.280857e+03 9.297058e+03 9.287109e+03 9.270908e+03
40.5 9.319770e+03 9.299432e+03 9.297992e+03 9.318330e+03
41.5 9.283859e+03 9.301036e+03 9.305910e+03 9.288733e+03
42.5 9.283065e+03 9.302047e+03 9.311392e+03 9.292409e+03
43.5 9.307478e+03 9.302620e+03 9.314947e+03 9.319805e+03
44.5 9.325299e+03 9.302876e+03 9.316996e+03 9.339419e+03
45.5 9.305555e+03 9.302916e+03 9.317895e+03 9.320534e+03
46.5 9.280942e+03 9.302820e+03 9.317959e+03 9.296081e+03
47.5 9.291578e+03 9.302653e+03 9.317470e+03 9.306395e+03
48.5 9.299952e+03 9.302463e+03 9.316667e+03 9.314156e+03
49.5 9.288369e+03 9.302285e+03 9.315746e+03 9.301830e+03
50.5 9.261571e+03 9.302277e+03 9.315916e+03 9.275210e+03
51.5 9.246669e+03 9.303225e+03 9.323882e+03 9.267326e+03
52.5 9.299360e+03 9.305306e+03 9.345142e+03 9.339196e+03
53.5 9.311366e+03 9.306835e+03 9.370892e+03 9.375423e+03
54.5 9.313187e+03 9.306080e+03 9.386571e+03 9.393678e+03
55.5 9.306757e+03 9.302981e+03 9.386806e+03 9.390582e+03
0.5 9.312388e+03 9.280875e+03 9.319448e+03 9.350962e+03
1.5 9.308443e+03 9.278963e+03 9.303549e+03 9.333029e+03
2.5 9.283949e+03 9.276479e+03 9.276793e+03 9.284263e+03
3.5 9.267279e+03 9.274956e+03 9.247473e+03 9.239796e+03
4.5 9.293003e+03 9.276003e+03 9.229732e+03 9.246732e+03
5.5 9.257753e+03 9.279581e+03 9.228583e+03 9.206755e+03
6.5 9.310943e+03 9.284492e+03 9.239780e+03 9.266232e+03
7.5 9.301276e+03 9.289473e+03 9.256352e+03 9.268154e+03
8.5 9.283135e+03 9.293752e+03 9.273002e+03 9.262384e+03
9.5 9.280857e+03 9.297058e+03 9.287109e+03 9.270908e+03
10.5 9.319770e+03 9.299432e+03 9.297992e+03 9.318330e+03
11.5 9.283859e+03 9.301036e+03 9.305910e+03 9.288733e+03
12.5 9.283065e+03 9.302047e+03 9.311392e+03 9.292409e+03
13.5 9.307478e+03 9.302620e+03 9.314947e+03 9.319805e+03
14.5 9.325299e+03 9.302876e+03 9.316996e+03 9.339419e+03
15.5 9.305555e+03 9.302916e+03 9.317895e+03 9.320534e+03
16.5 9.280942e+03 9.302820e+03 9.317959e+03 9.296081e+03
17.5 9.291578e+03 9.302653e+03 9.317470e+03 9.306395e+03
18.5 9.299952e+03 9.302463e+03 9.316667e+03 9.314156e+03
19.5 9.288369e+03 9.302285e+03 9.315746e+03 9.301830e+03
20.5 9.261571e+03 9.302277e+03 9.315916e+03 9.275210e+03
21.5 9.246669e+03 9.303225e+03 9.323882e+03 9.267326e+03
22.5 9.299360e+03 9.305306e+03 9.345142e+03 9.339196e+03
23.5 9.311366e+03 9.306835e+03 9.370892e+03 9.375423e+03
24.5 9.313187e+03 9.306080e+03 9.386571e+03 9.393678e+03
25.5 9.306757e+03 9.302981e+03 9.386806e+03 9.390582e+03
26.5 9.296305e+03 9.298656e+03 9.375532e+03 9.373180e+03
27.5 9.264104e+03 9.294304e+03 9.359437e+03 9.329237e+03
28.5 9.303098e+03 9.290651e+03 9.343576e+03 9.356023e+03
29.5 9.278116e+03 9.287932e+03 9.330378e+03 9.320561e+03
30.5 9.231326e+03 9.285949e+03 9.319313e+03 9.264690e+03
31.5 9.311153e+03 9.283754e+03 9.303417e+03 9.330816e+03
32.5 9.324681e+03 9.280992e+03 9.276664e+03 9.320352e+03
33.5 9.305283e+03 9.279197e+03 9.247347e+03 9.273433e+03
34.5 9.308693e+03 9.279977e+03 9.229608e+03 9.258324e+03
35.5 9.248717e+03 9.283294e+03 9.228462e+03 9.193885e+03
36.5 9.281607e+03 9.287948e+03 9.239662e+03 9.233321e+03
37.5 9.279524e+03 9.292678e+03 9.256235e+03 9.243081e+03
38.5 9.240785e+03 9.296708e+03 9.272887e+03 9.216965e+03
39.5 9.285279e+03 9.299770e+03 9.286996e+03 9.272505e+03
40.5 9.269701e+03 9.301904e+03 9.297881e+03 9.265678e+03
41.5 9.306269e+03 9.303273e+03 9.305801e+03 9.308797e+03
42.5 9.276778e+03 9.304053e+03 9.311284e+03 9.284009e+03
43.5 9.267737e+03 9.304399e+03 9.314841e+03 9.278179e+03
44.5 9.268645e+03 9.304433e+03 9.316891e+03 9.281104e+03
45.5 9.273086e+03 9.304254e+03 9.317791e+03 9.286623e+03
46.5 9.310840e+03 9.303944e+03 9.317856e+03 9.324752e+03
47.5 9.329079e+03 9.303567e+03 9.317368e+03 9.342880e+03
48.5 9.339007e+03 9.303171e+03 9.316566e+03 9.352403e+03
49.5 9.362462e+03 9.302792e+03 9.315646e+03 9.375316e+03
50.5 9.363883e+03 9.303154e+03 9.315817e+03 9.376545e+03
51.5 9.346843e+03 9.309258e+03 9.323783e+03 9.361368e+03
52.5 9.360514e+03 9.328835e+03 9.345042e+03 9.376720e+03
53.5 9.346650e+03 9.360276e+03 9.370793e+03 9.357167e+03
54.5 9.403057e+03 9.392744e+03 9.386472e+03 9.396784e+03
55.5 9.437942e+03 9.417716e+03 9.386707e+03 9.406933e+03
0.5 9.231326e+03 9.285949e+03 9.319313e+03 9.264690e+03
1.5 9.311153e+03 9.283754e+03 9.303417e+03 9.330816e+03
2.5 9.324681e+03 9.280992e+03 9.276664e+03 9.320352e+03
3.5 9.305283e+03 9.279197e+03 9.247347e+03 9.273433e+03
4.5 9.308693e+03 9.279977e+03 9.229608e+03 9.258324e+03
5.5 9.248717e+03 9.283294e+03 9.228462e+03 9.193885e+03
6.5 9.281607e+03 9.287948e+03 9.239662e+03 9.233321e+03
7.5 9.279524e+03 9.292678e+03 9.256235e+03 9.243081e+03
8.5 9.240785e+03 9.296708e+03 9.272887e+03 9.216965e+03
9.5 9.285279e+03 9.299770e+03 9.286996e+03 9.272505e+03
10.5 9.269701e+03 9.301904e+03 9.297881e+03 9.265678e+03
11.5 9.306269e+03 9.303273e+03 9.305801e+03 9.308797e+03
12.5 9.276778e+03 9.304053e+03 9.311284e+03 9.284009e+03
13.5 9.267737e+03 9.304399e+03 9.314841e+03 9.278179e+03
14.5 9.268645e+03 9.304433e+03 9.316891e+03 9.281104e+03
15.5 9.273086e+03 9.304254e+03 9.317791e+03 9.286623e+03
16.5 9.310840e+03 9.303944e+03 9.317856e+03 9.324752e+03
17.5 9.329079e+03 9.303567e+03 9.317368e+03 9.342880e+03
18.5 9.339007e+03 9.303171e+03 9.316566e+03 9.352403e+03
19.5 9.362462e+03 9.302792e+03 9.315646e+03 9.375316e+03
20.5 9.363883e+03 9.303154e+03 9.315817e+03 9.376545e+03
21.5 9.346843e+03 9.309258e+03 9.323783e+03 9.361368e+03
22.5 9.360514e+03 9.328835e+03 9.345042e+03 9.376720e+03
23.5 9.346650e+03 9.360276e+03 9.370793e+03 9.357167e+03
24.5 9.403057e+03 9.392744e+03 9.386472e+03 9.396784e+03
25.5 9.437942e+03 9.417716e+03 9.386707e+03 9.406933e+03
26.5 9.440464e+03 9.433018e+03 9.375432e+03 9.382878e+03
27.5 9.532993e+03 9.440452e+03 9.359337e+03 9.451878e+03
28.5 9.489125e+03 9.442786e+03 9.343476e+03 9.389815e+03
29.5 9.491574e+03 9.442226e+03 9.330277e+03 9.379625e+03
30.5 9.504448e+03 9.439438e+03 9.319210e+03 9.384220e+03
31.5 9.452006e+03 9.430187e+03 9.303314e+03 9.325133e+03
32.5 9.398220e+03 9.407178e+03 9.276559e+03 9.267601e+03
33.5 9.316568e+03 9.372308e+03 9.247241e+03 9.191501e+03
34.5 9.302734e+03 9.336626e+03 9.229501e+03 9.195609e+03
35.5 9.271398e+03 9.308802e+03 9.228353e+03 9.190949e+03
36.5 9.265296e+03 9.291089e+03 9.239551e+03 9.213758e+03
37.5 9.296437e+03 9.281703e+03 9.256123e+03 9.270858e+03
38.5 9.310322e+03 9.277842e+03 9.272773e+03 9.305253e+03
39.5 9.321078e+03 9.277231e+03 9.286880e+03 9.330727e+03
40.5 9.333850e+03 9.278424e+03 9.297763e+03 9.353189e+03
41.5 9.318730e+03 9.280587e+03 9.305680e+03 9.343823e+03
42.5 9.307532e+03 9.283220e+03 9.311161e+03 9.335474e+03
43.5 9.293088e+03 9.285978e+03 9.314715e+03 9.321824e+03
44.5 9.292269e+03 9.288608e+03 9.316763e+03 9.320424e+03
45.5 9.273858e+03 9.290928e+03 9.317660e+03 9.300590e+03
46.5 9.269958e+03 9.292835e+03 9.317722e+03 9.294844e+03
47.5 9.284755e+03 9.294297e+03 9.317230e+03 9.307688e+03
48.5 9.240203e+03 9.295338e+03 9.316425e+03 9.261291e+03
49.5 9.311979e+03 9.296015e+03 9.315501e+03 9.331465e+03
50.5 9.288384e+03 9.296544e+03 9.315668e+03 9.307508e+03
51.5 9.287428e+03 9.297772e+03 9.323631e+03 9.313286e+03
52.5 9.267469e+03 9.299941e+03 9.344886e+03 9.312414e+03
53.5 9.250339e+03 9.301419e+03 9.370632e+03 9.319552e+03
54.5 9.288905e+03 9.300519e+03 9.386307e+03 9.374693e+03
55.5 9.267198e+03 9.297212e+03 9.386538e+03 9.356523e+03
0.5 9.504448e+03 9.439438e+03 9.319210e+03 9.384220e+03
1.5 9.452006e+03 9.430187e+03 9.303314e+03 9.325133e+03
2.5 9.398220e+03 9.407178e+03 9.276559e+03 9.267601e+03
3.5 9.316568e+03 9.372308e+03 9.247241e+03 9.191501e+03
4.5 9.302734e+03 9.336626e+03 9.229501e+03 9.195609e+03
5.5 9.271398e+03 9.308802e+03 9.228353e+03 9.190949e+03
6.5 9.265296e+03 9.291089e+03 9.239551e+03 9.213758e+03
7.5 9.296437e+03 9.281703e+03 9.256123e+03 9.270858e+03
8.5 9.310322e+03 9.277842e+03 9.272773e+03 9.305253e+03
9.5 9.321078e+03 9.277231e+03 9.286880e+03 9.330727e+03
10.5 9.333850e+03 9.278424e+03 9.297763e+03 9.353189e+03
11.5 9.318730e+03 9.280587e+03 9.305680e+03 9.343823e+03
12.5 9.307532e+03 9.283220e+03 9.311161e+03 9.335474e+03
13.5 9.293088e+03 9.285978e+03 9.314715e+03 9.321824e+03
14.5 9.292269e+03 9.288608e+03 9.316763e+03 9.320424e+03
15.5 9.273858e+03 9.290928e+03 9.317660e+03 9.300590e+03
16.5 9.269958e+03 9.292835e+03 9.317722e+03 9.294844e+03
17.5 9.284755e+03 9.294297e+03 9.317230e+03 9.307688e+03
18.5 9.240203e+03 9.295338e+03 9.316425e+03 9.261291e+03
19.5 9.311979e+03 9.296015e+03 9.315501e+03 9.331465e+03
20.5 9.288384e+03 9.296544e+03 9.315668e+03 9.307508e+03
21.5 9.287428e+03 9.297772e+03 9.323631e+03 9.313286e+03
22.5 9.267469e+03 9.299941e+03 9.344886e+03 9.312414e+03
23.5 9.250339e+03 9.301419e+03 9.370632e+03 9.319552e+03
24.5 9.288905e+03 9.300519e+03 9.386307e+03 9.374693e+03
25.5 9.267198e+03 9.297212e+03 9.386538e+03 9.356523e+03
26.5 9.250706e+03 9.292620e+03 9.375242e+03 9.333329e+03
27.5 9.280835e+03 9.287955e+03 9.359125e+03 9.352006e+03
28.5 9.290336e+03 9.283991e+03 9.343256e+03 9.349601e+03
29.5 9.267535e+03 9.280951e+03 9.330049e+03 9.316633e+03
30.5 9.279034e+03 9.278642e+03 9.318975e+03 9.319367e+03
31.5 9.238368e+03 9.276116e+03 9.303070e+03 9.265323e+03
32.5 9.285606e+03 9.273024e+03 9.276309e+03 9.288891e+03
33.5 9.262408e+03 9.270900e+03 9.246988e+03 9.238496e+03
34.5 9.224776e+03 9.271358e+03 9.229250e+03 9.182667e+03
35.5 9.284097e+03 9.274361e+03 9.228109e+03 9.237845e+03
36.5 9.283608e+03 9.278707e+03 9.239315e+03 9.244215e+03
37.5 9.247999e+03 9.283133e+03 9.255894e+03 9.220760e+03
38.5 9.241950e+03 9.286861e+03 9.272549e+03 9.227637e+03
39.5 9.235955e+03 9.289622e+03 9.286658e+03 9.232991e+03
40.5 9.279372e+03 9.291452e+03 9.297540e+03 9.285459e+03
41.5 9.285223e+03 9.292514e+03 9.305454e+03 9.298163e+03
42.5 9.267488e+03 9.292984e+03 9.310931e+03 9.285435e+03
43.5 9.282899e+03 9.293015e+03 9.314478e+03 9.304362e+03
44.5 9.311075e+03 9.292729e+03 9.316518e+03 9.334864e+03
45.5 9.344146e+03 9.292225e+03 9.317407e+03 9.369328e+03
46.5 9.321166e+03 9.291584e+03 9.317459e+03 9.347041e+03
47.5 9.310005e+03 9.290869e+03 9.316958e+03 9.336094e+03
48.5 9.318330e+03 9.290129e+03 9.316143e+03 9.344345e+03
49.5 9.314506e+03 9.289399e+03 9.315209e+03 9.340316e+03
50.5 9.311639e+03 9.289403e+03 9.315366e+03 9.337602e+03
51.5 9.294218e+03 9.295141e+03 9.323318e+03 9.322395e+03
52.5 9.311399e+03 9.314342e+03 9.344559e+03 9.341616e+03
53.5 9.377224e+03 9.345389e+03 9.370280e+03 9.402116e+03
54.5 9.418219e+03 9.377437e+03 9.385915e+03 9.426697e+03
55.5 9.418863e+03 9.401960e+03 9.386095e+03 9.402998e+03
0.5 9.279034e+03 9.278642e+03 9.318975e+03 9.319367e+03
1.5 9.238368e+03 9.276116e+03 9.303070e+03 9.265323e+03
2.5 9.285606e+03 9.273024e+03 9.276309e+03 9.288891e+03
3.5 9.262408e+03 9.270900e+03 9.246988e+03 9.238496e+03
4.5 9.224776e+03 9.271358e+03 9.229250e+03 9.182667e+03
5.5 9.284097e+03 9.274361e+03 9.228109e+03 9.237845e+03
6.5 9.283608e+03 9.278707e+03 9.239315e+03 9.244215e+03
7.5 9.247999e+03 9.283133e+03 9.255894e+03 9.220760e+03
8.5 9.241950e+03 9.286861e+03 9.272549e+03 9.227637e+03
9.5 9.235955e+03 9.289622e+03 9.286658e+03 9.232991e+03
10.5 9.279372e+03 9.291452e+03 9.297540e+03 9.285459e+03
11.5 9.285223e+03 9.292514e+03 9.305454e+03 9.298163e+03
12.5 9.267488e+03 9.292984e+03 9.310931e+03 9.285435e+03
13.5 9.282899e+03 9.293015e+03 9.314478e+03 9.304362e+03
14.5 9.311075e+03 9.292729e+03 9.316518e+03 9.334864e+03
15.5 9.344146e+03 9.292225e+03 9.317407e+03 9.369328e+03
16.5 9.321166e+03 9.291584e+03 9.317459e+03 9.347041e+03
17.5 9.310005e+03 9.290869e+03 9.316958e+03 9.336094e+03
18.5 9.318330e+03 9.290129e+03 9.316143e+03 9.344345e+03
19.5 9.314506e+03 9.289399e+03 9.315209e+03 9.340316e+03
20.5 9.311639e+03 9.289403e+03 9.315366e+03 9.337602e+03
21.5 9.294218e+03 9.295141e+03 9.323318e+03 9.322395e+03
22.5 9.311399e+03 9.314342e+03 9.344559e+03 9.341616e+03
23.5 9.377224e+03 9.345389e+03 9.370280e+03 9.402116e+03
24.5 9.418219e+03 9.377437e+03 9.385915e+03 9.426697e+03
25.5 9.418863e+03 9.401960e+03 9.386095e+03 9.402998e+03
26.5 9.462269e+03 9.416789e+03 9.374761e+03 9.420240e+03
27.5 9.437106e+03 9.423728e+03 9.358608e+03 9.371987e+03
28.5 9.372964e+03 9.425546e+03 9.342696e+03 9.290114e+03
29.5 9.342012e+03 9.424458e+03 9.329457e+03 9.247010e+03
30.5 9.300759e+03 9.422211e+03 9.319436e+03 9.197985e+03
