0.5 2.748979e+03 2.734326e+03 2.700507e+03 2.715160e+03
1.5 2.757348e+03 2.733863e+03 2.700977e+03 2.724463e+03
2.5 2.716740e+03 2.733586e+03 2.706888e+03 2.690041e+03
3.5 2.702484e+03 2.733600e+03 2.722870e+03 2.691755e+03
4.5 2.704815e+03 2.733867e+03 2.747418e+03 2.718365e+03
5.5 2.738733e+03 2.734248e+03 2.774904e+03 2.779389e+03
6.5 2.732018e+03 2.734601e+03 2.800018e+03 2.797434e+03
7.5 2.714874e+03 2.734845e+03 2.819884e+03 2.799913e+03
8.5 2.741098e+03 2.734959e+03 2.833906e+03 2.840045e+03
9.5 2.700575e+03 2.734954e+03 2.842775e+03 2.808396e+03
10.5 2.690353e+03 2.734857e+03 2.847619e+03 2.803114e+03
11.5 2.734227e+03 2.734684e+03 2.848772e+03 2.848314e+03
12.5 2.734544e+03 2.734349e+03 2.842463e+03 2.842657e+03
13.5 2.751048e+03 2.733747e+03 2.824763e+03 2.842064e+03
14.5 2.724059e+03 2.732913e+03 2.797722e+03 2.788868e+03
15.5 2.729519e+03 2.731989e+03 2.767385e+03 2.764915e+03
16.5 2.719606e+03 2.731114e+03 2.739371e+03 2.727864e+03
17.5 2.706982e+03 2.730371e+03 2.716771e+03 2.693381e+03
18.5 2.728608e+03 2.729784e+03 2.700310e+03 2.699135e+03
19.5 2.738350e+03 2.729339e+03 2.689355e+03 2.698367e+03
20.5 2.722717e+03 2.729011e+03 2.682783e+03 2.676489e+03
21.5 2.718071e+03 2.728771e+03 2.679472e+03 2.668772e+03
22.5 2.720720e+03 2.728596e+03 2.678475e+03 2.670600e+03
23.5 2.690524e+03 2.728466e+03 2.679038e+03 2.641095e+03
24.5 2.730432e+03 2.728368e+03 2.680566e+03 2.682630e+03
25.5 2.742466e+03 2.728289e+03 2.682599e+03 2.696776e+03
26.5 2.722289e+03 2.728220e+03 2.684790e+03 2.678860e+03
27.5 2.767374e+03 2.728155e+03 2.686899e+03 2.726118e+03
28.5 2.734676e+03 2.728090e+03 2.688775e+03 2.695362e+03
29.5 2.733734e+03 2.728023e+03 2.690347e+03 2.696058e+03
30.5 2.759266e+03 2.727952e+03 2.691600e+03 2.722914e+03
31.5 2.745251e+03 2.727889e+03 2.693315e+03 2.710676e+03
32.5 2.722556e+03 2.727943e+03 2.700205e+03 2.694818e+03
33.5 2.719380e+03 2.728235e+03 2.716951e+03 2.708096e+03
34.5 2.705822e+03 2.728747e+03 2.742097e+03 2.719173e+03
35.5 2.751265e+03 2.729348e+03 2.770055e+03 2.791973e+03
36.5 2.734722e+03 2.729906e+03 2.795553e+03 2.800369e+03
37.5 2.744208e+03 2.730345e+03 2.815741e+03 2.829603e+03
38.5 2.729227e+03 2.730646e+03 2.830040e+03 2.828621e+03
39.5 2.734069e+03 2.730821e+03 2.839158e+03 2.842406e+03
40.5 2.729596e+03 2.730901e+03 2.844230e+03 2.842925e+03
41.5 2.701110e+03 2.730900e+03 2.845598e+03 2.815809e+03
42.5 2.702448e+03 2.730733e+03 2.839496e+03 2.811211e+03
43.5 2.727167e+03 2.730296e+03 2.821996e+03 2.818866e+03
44.5 2.718622e+03 2.729623e+03 2.795149e+03 2.784147e+03
45.5 2.730136e+03 2.728857e+03 2.765002e+03 2.766281e+03
0.5 2.759266e+03 2.727952e+03 2.691600e+03 2.722914e+03
1.5 2.745251e+03 2.727889e+03 2.693315e+03 2.710676e+03
2.5 2.722556e+03 2.727943e+03 2.700205e+03 2.694818e+03
3.5 2.719380e+03 2.728235e+03 2.716951e+03 2.708096e+03
4.5 2.705822e+03 2.728747e+03 2.742097e+03 2.719173e+03
5.5 2.751265e+03 2.729348e+03 2.770055e+03 2.791973e+03
6.5 2.734722e+03 2.729906e+03 2.795553e+03 2.800369e+03
7.5 2.744208e+03 2.730345e+03 2.815741e+03 2.829603e+03
8.5 2.729227e+03 2.730646e+03 2.830040e+03 2.828621e+03
9.5 2.734069e+03 2.730821e+03 2.839158e+03 2.842406e+03
10.5 2.729596e+03 2.730901e+03 2.844230e+03 2.842925e+03
11.5 2.701110e+03 2.730900e+03 2.845598e+03 2.815809e+03
12.5 2.702448e+03 2.730733e+03 2.839496e+03 2.811211e+03
13.5 2.727167e+03 2.730296e+03 2.821996e+03 2.818866e+03
14.5 2.718622e+03 2.729623e+03 2.795149e+03 2.784147e+03
15.5 2.730136e+03 2.728857e+03 2.765002e+03 2.766281e+03
16.5 2.736031e+03 2.728136e+03 2.737174e+03 2.745069e+03
17.5 2.731607e+03 2.727545e+03 2.714757e+03 2.718818e+03
18.5 2.735432e+03 2.727106e+03 2.698477e+03 2.706802e+03
19.5 2.746255e+03 2.726806e+03 2.687699e+03 2.707148e+03
20.5 2.735030e+03 2.726620e+03 2.681301e+03 2.689711e+03
21.5 2.721070e+03 2.726519e+03 2.678161e+03 2.672713e+03
22.5 2.739412e+03 2.726480e+03 2.677333e+03 2.690265e+03
23.5 2.718032e+03 2.726483e+03 2.678061e+03 2.669609e+03
24.5 2.743578e+03 2.726515e+03 2.679751e+03 2.696815e+03
25.5 2.738774e+03 2.726563e+03 2.681943e+03 2.694154e+03
26.5 2.761727e+03 2.726618e+03 2.684291e+03 2.719400e+03
27.5 2.746102e+03 2.726675e+03 2.686553e+03 2.705980e+03
28.5 2.720186e+03 2.726729e+03 2.688580e+03 2.682037e+03
29.5 2.719266e+03 2.726778e+03 2.690298e+03 2.682786e+03
30.5 2.682260e+03 2.726569e+03 2.691693e+03 2.647384e+03
31.5 2.664300e+03 2.724308e+03 2.692785e+03 2.632778e+03
32.5 2.711414e+03 2.717110e+03 2.693617e+03 2.687921e+03
33.5 2.718297e+03 2.705417e+03 2.694239e+03 2.707118e+03
34.5 2.707057e+03 2.693124e+03 2.694699e+03 2.708631e+03
35.5 2.720223e+03 2.683421e+03 2.695039e+03 2.731840e+03
36.5 2.686302e+03 2.677231e+03 2.695295e+03 2.704367e+03
37.5 2.687405e+03 2.673993e+03 2.695494e+03 2.708906e+03
38.5 2.678791e+03 2.672740e+03 2.695654e+03 2.701705e+03
39.5 2.631365e+03 2.672667e+03 2.695790e+03 2.654489e+03
40.5 2.632289e+03 2.673503e+03 2.695911e+03 2.654697e+03
41.5 2.639117e+03 2.676744e+03 2.696024e+03 2.658397e+03
42.5 2.707398e+03 2.685093e+03 2.696133e+03 2.718438e+03
43.5 2.739500e+03 2.697986e+03 2.696240e+03 2.737754e+03
44.5 2.735098e+03 2.711437e+03 2.696347e+03 2.720008e+03
45.5 2.765051e+03 2.722187e+03 2.696454e+03 2.739318e+03
0.5 2.724698e+03 2.728684e+03 2.698292e+03 2.694307e+03
1.5 2.725973e+03 2.728605e+03 2.699194e+03 2.696562e+03
2.5 2.746778e+03 2.728706e+03 2.705530e+03 2.723602e+03
3.5 2.752525e+03 2.729090e+03 2.721932e+03 2.745367e+03
4.5 2.737687e+03 2.729721e+03 2.746894e+03 2.754860e+03
5.5 2.740817e+03 2.730459e+03 2.774788e+03 2.785145e+03
6.5 2.736025e+03 2.731177e+03 2.800304e+03 2.805151e+03
7.5 2.752490e+03 2.731797e+03 2.820572e+03 2.841265e+03
8.5 2.719709e+03 2.732269e+03 2.834989e+03 2.822428e+03
9.5 2.765683e+03 2.732619e+03 2.844249e+03 2.877313e+03
10.5 2.769030e+03 2.732872e+03 2.849478e+03 2.885636e+03
11.5 2.778091e+03 2.733046e+03 2.851012e+03 2.896057e+03
12.5 2.741827e+03 2.733052e+03 2.845079e+03 2.853854e+03
13.5 2.741922e+03 2.732785e+03 2.827751e+03 2.836888e+03
14.5 2.740275e+03 2.732277e+03 2.801077e+03 2.809075e+03
15.5 2.709008e+03 2.731667e+03 2.771102e+03 2.748443e+03
16.5 2.722626e+03 2.731098e+03 2.743447e+03 2.734976e+03
17.5 2.750298e+03 2.730652e+03 2.721201e+03 2.740847e+03
18.5 2.743857e+03 2.730355e+03 2.705092e+03 2.718594e+03
19.5 2.767427e+03 2.730196e+03 2.694485e+03 2.731715e+03
20.5 2.768596e+03 2.730148e+03 2.688257e+03 2.726704e+03
21.5 2.747398e+03 2.730186e+03 2.685286e+03 2.702498e+03
22.5 2.694220e+03 2.730286e+03 2.684627e+03 2.648561e+03
23.5 2.736102e+03 2.730430e+03 2.685525e+03 2.691197e+03
24.5 2.729578e+03 2.730603e+03 2.687386e+03 2.686361e+03
25.5 2.719411e+03 2.730793e+03 2.689750e+03 2.678367e+03
26.5 2.687418e+03 2.730993e+03 2.692270e+03 2.648696e+03
27.5 2.678961e+03 2.731196e+03 2.694706e+03 2.642471e+03
28.5 2.712948e+03 2.731398e+03 2.696908e+03 2.678458e+03
29.5 2.705371e+03 2.731597e+03 2.698805e+03 2.672579e+03
30.5 2.731589e+03 2.731541e+03 2.700379e+03 2.700427e+03
31.5 2.724797e+03 2.729434e+03 2.701654e+03 2.697017e+03
32.5 2.708232e+03 2.722395e+03 2.702671e+03 2.688509e+03
33.5 2.715848e+03 2.710866e+03 2.703481e+03 2.708463e+03
34.5 2.685926e+03 2.698745e+03 2.704133e+03 2.691313e+03
35.5 2.667270e+03 2.689225e+03 2.704669e+03 2.682714e+03
36.5 2.646550e+03 2.683227e+03 2.705126e+03 2.668449e+03
37.5 2.661221e+03 2.680189e+03 2.705529e+03 2.686561e+03
38.5 2.662909e+03 2.679143e+03 2.705898e+03 2.689663e+03
39.5 2.716477e+03 2.679280e+03 2.706249e+03 2.743445e+03
40.5 2.726510e+03 2.679670e+03 2.706590e+03 2.753430e+03
