0.5 2.024587e+03 2.018512e+03 1.978351e+03 1.984426e+03
1.5 1.985336e+03 2.014858e+03 1.979329e+03 1.949808e+03
2.5 2.010819e+03 2.007188e+03 1.986736e+03 1.990368e+03
3.5 2.045094e+03 1.998494e+03 2.006047e+03 2.052647e+03
4.5 2.029196e+03 1.993482e+03 2.035484e+03 2.071197e+03
5.5 2.002622e+03 1.993709e+03 2.068391e+03 2.077305e+03
6.5 1.931155e+03 1.997683e+03 2.098492e+03 2.031964e+03
7.5 1.970146e+03 2.003096e+03 2.122385e+03 2.089436e+03
8.5 1.962732e+03 2.008254e+03 2.139361e+03 2.093839e+03
9.5 1.932437e+03 2.012380e+03 2.150239e+03 2.070296e+03
10.5 1.964413e+03 2.015683e+03 2.156349e+03 2.105080e+03
11.5 2.032491e+03 2.020479e+03 2.158086e+03 2.170098e+03
12.5 2.115264e+03 2.028621e+03 2.150975e+03 2.237617e+03
13.5 2.020047e+03 2.037229e+03 2.130389e+03 2.113206e+03
14.5 2.078428e+03 2.041724e+03 2.098750e+03 2.135454e+03
15.5 2.030702e+03 2.040654e+03 2.063206e+03 2.053255e+03
16.5 1.957855e+03 2.035605e+03 2.030401e+03 1.952651e+03
17.5 1.914776e+03 2.028975e+03 2.003985e+03 1.889786e+03
18.5 2.065120e+03 2.022533e+03 1.984820e+03 2.027407e+03
19.5 1.964316e+03 2.017122e+03 1.972153e+03 1.919347e+03
20.5 1.992714e+03 2.012930e+03 1.964659e+03 1.944443e+03
21.5 2.003021e+03 2.009834e+03 1.961010e+03 1.954197e+03
22.5 1.966931e+03 2.007627e+03 1.960087e+03 1.919391e+03
23.5 2.025834e+03 2.006117e+03 1.960998e+03 1.980715e+03
24.5 1.966886e+03 2.005145e+03 1.963041e+03 1.924781e+03
25.5 2.069677e+03 2.004578e+03 1.965670e+03 2.030769e+03
26.5 1.989944e+03 2.004302e+03 1.968477e+03 1.954120e+03
27.5 2.083362e+03 2.004214e+03 1.971176e+03 2.050325e+03
28.5 1.952503e+03 2.004230e+03 1.973591e+03 1.921863e+03
29.5 2.056009e+03 2.004285e+03 1.975635e+03 2.027358e+03
30.5 1.943246e+03 2.004124e+03 1.977289e+03 1.916411e+03
31.5 1.978017e+03 2.002395e+03 1.978580e+03 1.954203e+03
32.5 2.059938e+03 1.997768e+03 1.979556e+03 2.041726e+03
33.5 1.910509e+03 1.991698e+03 1.980277e+03 1.899088e+03
34.5 1.879186e+03 1.987095e+03 1.980800e+03 1.872890e+03
35.5 2.047516e+03 1.985317e+03 1.981175e+03 2.043374e+03
36.5 1.942328e+03 1.985895e+03 1.981444e+03 1.937877e+03
37.5 1.986691e+03 1.987695e+03 1.981639e+03 1.980634e+03
38.5 1.951747e+03 1.989770e+03 1.981781e+03 1.943758e+03
39.5 1.931935e+03 1.991615e+03 1.981889e+03 1.922209e+03
40.5 1.923737e+03 1.993270e+03 1.981972e+03 1.912438e+03
41.5 2.014044e+03 1.996071e+03 1.982039e+03 2.000012e+03
42.5 1.925111e+03 2.001394e+03 1.982094e+03 1.905811e+03
43.5 2.040802e+03 2.007847e+03 1.982140e+03 2.015095e+03
44.5 1.962232e+03 2.012574e+03 1.982180e+03 1.931839e+03
45.5 1.961835e+03 2.014268e+03 1.982215e+03 1.929781e+03
0.5 1.984549e+03 1.996824e+03 1.979518e+03 1.967243e+03
1.5 1.927282e+03 1.994015e+03 1.980275e+03 1.913543e+03
2.5 1.978691e+03 1.987039e+03 1.987452e+03 1.979104e+03
3.5 2.075486e+03 1.978948e+03 2.006522e+03 2.103060e+03
4.5 1.977652e+03 1.974488e+03 2.035706e+03 2.038870e+03
5.5 1.955569e+03 1.975238e+03 2.068351e+03 2.048683e+03
6.5 2.026432e+03 1.979719e+03 2.098178e+03 2.144891e+03
7.5 2.123313e+03 1.985628e+03 2.121790e+03 2.259475e+03
8.5 1.968674e+03 1.991277e+03 2.138478e+03 2.115876e+03
9.5 1.954279e+03 1.995884e+03 2.149064e+03 2.107459e+03
10.5 1.934665e+03 1.999660e+03 2.154877e+03 2.089883e+03
11.5 2.050371e+03 2.004908e+03 2.156315e+03 2.201778e+03
12.5 1.981006e+03 2.013490e+03 2.148919e+03 2.116435e+03
13.5 2.071937e+03 2.022542e+03 2.128045e+03 2.177441e+03
14.5 2.049155e+03 2.027470e+03 2.096114e+03 2.117799e+03
15.5 2.058298e+03 2.026822e+03 2.060275e+03 2.091751e+03
16.5 2.080333e+03 2.022183e+03 2.027170e+03 2.085321e+03
17.5 2.041774e+03 2.015953e+03 2.000452e+03 2.026273e+03
18.5 2.007251e+03 2.009902e+03 1.980981e+03 1.978330e+03
19.5 1.925068e+03 2.004871e+03 1.968005e+03 1.888202e+03
20.5 2.034026e+03 2.001048e+03 1.960199e+03 1.993176e+03
21.5 1.898803e+03 1.998311e+03 1.956236e+03 1.856727e+03
22.5 1.937655e+03 1.996454e+03 1.954996e+03 1.896196e+03
23.5 2.047042e+03 1.995284e+03 1.955587e+03 2.007345e+03
24.5 2.018082e+03 1.994642e+03 1.957308e+03 1.980747e+03
25.5 1.942156e+03 1.994397e+03 1.959613e+03 1.907372e+03
26.5 2.122715e+03 1.994432e+03 1.962093e+03 2.090376e+03
27.5 2.059160e+03 1.994647e+03 1.964463e+03 2.028976e+03
28.5 2.010036e+03 1.994958e+03 1.966546e+03 1.981624e+03
29.5 2.003506e+03 1.995299e+03 1.968256e+03 1.976464e+03
30.5 2.026232e+03 1.995415e+03 1.969574e+03 2.000391e+03
31.5 1.988769e+03 1.993955e+03 1.970527e+03 1.965341e+03
32.5 1.934115e+03 1.989590e+03 1.971162e+03 1.915687e+03
33.5 2.070329e+03 1.983773e+03 1.971540e+03 2.058095e+03
34.5 1.948554e+03 1.979417e+03 1.971717e+03 1.940854e+03
35.5 1.970592e+03 1.977878e+03 1.971745e+03 1.964458e+03
36.5 1.939257e+03 1.978713e+03 1.971663e+03 1.932207e+03
37.5 2.032843e+03 1.980782e+03 1.971504e+03 2.023565e+03
38.5 1.974363e+03 1.983098e+03 1.971290e+03 1.962555e+03
39.5 2.060906e+03 1.985177e+03 1.971037e+03 2.046767e+03
40.5 2.119332e+03 1.987062e+03 1.970757e+03 2.103027e+03
41.5 2.080311e+03 1.990087e+03 1.970457e+03 2.060681e+03
42.5 2.027497e+03 1.995628e+03 1.970142e+03 2.002011e+03
43.5 1.953425e+03 2.002288e+03 1.969815e+03 1.920951e+03
44.5 1.981744e+03 2.007208e+03 1.969477e+03 1.944013e+03
45.5 2.020879e+03 2.009079e+03 1.969129e+03 1.980929e+03
0.5 1.951304e+03 1.995701e+03 1.962673e+03 1.918276e+03
1.5 1.898400e+03 1.992913e+03 1.963047e+03 1.868534e+03
2.5 1.950587e+03 1.985957e+03 1.969829e+03 1.934459e+03
3.5 2.024252e+03 1.977889e+03 1.988489e+03 2.034853e+03
4.5 1.982551e+03 1.973454e+03 2.017242e+03 2.026339e+03
5.5 1.981010e+03 1.974229e+03 2.049426e+03 2.056207e+03
6.5 1.887654e+03 1.978735e+03 2.078762e+03 1.987680e+03
7.5 1.938040e+03 1.984667e+03 2.101849e+03 2.055223e+03
8.5 1.923418e+03 1.990332e+03 2.117983e+03 2.051068e+03
9.5 2.038998e+03 1.994947e+03 2.127985e+03 2.172036e+03
10.5 1.995068e+03 1.997395e+03 2.133188e+03 2.130861e+03
