0.5 3.559540e+03 3.506071e+03 3.571757e+03 3.625226e+03
1.5 3.407124e+03 3.513556e+03 3.613137e+03 3.506705e+03
2.5 3.661045e+03 3.548126e+03 3.716490e+03 3.829410e+03
3.5 3.502864e+03 3.619718e+03 3.840628e+03 3.723775e+03
4.5 3.703825e+03 3.713713e+03 3.917187e+03 3.907299e+03
5.5 3.977108e+03 3.807491e+03 3.920838e+03 4.090455e+03
6.5 3.875431e+03 3.885590e+03 3.869957e+03 3.859798e+03
7.5 4.029366e+03 3.942626e+03 3.795949e+03 3.882689e+03
8.5 3.911850e+03 3.979879e+03 3.722602e+03 3.654572e+03
9.5 3.752723e+03 4.001308e+03 3.661400e+03 3.412815e+03
10.5 4.066610e+03 4.010412e+03 3.609954e+03 3.666152e+03
11.5 3.856402e+03 4.003813e+03 3.535628e+03 3.388217e+03
12.5 3.711979e+03 3.964777e+03 3.410017e+03 3.157218e+03
13.5 4.040831e+03 3.885359e+03 3.271925e+03 3.427397e+03
14.5 3.745718e+03 3.781730e+03 3.187817e+03 3.151805e+03
15.5 3.677998e+03 3.677708e+03 3.181467e+03 3.181757e+03
16.5 3.683608e+03 3.589628e+03 3.233146e+03 3.327126e+03
17.5 3.704753e+03 3.523448e+03 3.310237e+03 3.491542e+03
18.5 3.850498e+03 3.478196e+03 3.387916e+03 3.760219e+03
19.5 3.655752e+03 3.450006e+03 3.453860e+03 3.659606e+03
20.5 3.806324e+03 3.434624e+03 3.504829e+03 3.876530e+03
21.5 3.518723e+03 3.428402e+03 3.541997e+03 3.632318e+03
22.5 3.493039e+03 3.428468e+03 3.567815e+03 3.632387e+03
23.5 3.493987e+03 3.432587e+03 3.584641e+03 3.646041e+03
24.5 3.378187e+03 3.439016e+03 3.594434e+03 3.533604e+03
25.5 3.233224e+03 3.446420e+03 3.598844e+03 3.385648e+03
26.5 3.389744e+03 3.453827e+03 3.599339e+03 3.535256e+03
27.5 3.420850e+03 3.460600e+03 3.597231e+03 3.557481e+03
28.5 3.229832e+03 3.466387e+03 3.593644e+03 3.357088e+03
29.5 3.678960e+03 3.471068e+03 3.589486e+03 3.797377e+03
30.5 3.556661e+03 3.475386e+03 3.590436e+03 3.671711e+03
31.5 3.231352e+03 3.486354e+03 3.627995e+03 3.372992e+03
32.5 3.613723e+03 3.523573e+03 3.728139e+03 3.818290e+03
33.5 3.671108e+03 3.597219e+03 3.849725e+03 3.923614e+03
34.5 3.762070e+03 3.692860e+03 3.924340e+03 3.993550e+03
35.5 4.015217e+03 3.788016e+03 3.926567e+03 4.153768e+03
36.5 4.001919e+03 3.867322e+03 3.874673e+03 4.009270e+03
37.5 4.212081e+03 3.925451e+03 3.799958e+03 4.086588e+03
38.5 4.197834e+03 3.963724e+03 3.726125e+03 3.960236e+03
39.5 4.115226e+03 3.986128e+03 3.664596e+03 3.793694e+03
40.5 3.953969e+03 3.996176e+03 3.612929e+03 3.570723e+03
41.5 3.933920e+03 3.990497e+03 3.538451e+03 3.481874e+03
42.5 3.938184e+03 3.952365e+03 3.412733e+03 3.398552e+03
43.5 3.829447e+03 3.873835e+03 3.274562e+03 3.230174e+03
44.5 3.656382e+03 3.771079e+03 3.190392e+03 3.075695e+03
45.5 3.637831e+03 3.667915e+03 3.183987e+03 3.153903e+03
0.5 3.556661e+03 3.475386e+03 3.590436e+03 3.671711e+03
1.5 3.231352e+03 3.486354e+03 3.627995e+03 3.372992e+03
2.5 3.613723e+03 3.523573e+03 3.728139e+03 3.818290e+03
3.5 3.671108e+03 3.597219e+03 3.849725e+03 3.923614e+03
4.5 3.762070e+03 3.692860e+03 3.924340e+03 3.993550e+03
5.5 4.015217e+03 3.788016e+03 3.926567e+03 4.153768e+03
6.5 4.001919e+03 3.867322e+03 3.874673e+03 4.009270e+03
7.5 4.212081e+03 3.925451e+03 3.799958e+03 4.086588e+03
8.5 4.197834e+03 3.963724e+03 3.726125e+03 3.960236e+03
9.5 4.115226e+03 3.986128e+03 3.664596e+03 3.793694e+03
10.5 3.953969e+03 3.996176e+03 3.612929e+03 3.570723e+03
11.5 3.933920e+03 3.990497e+03 3.538451e+03 3.481874e+03
12.5 3.938184e+03 3.952365e+03 3.412733e+03 3.398552e+03
13.5 3.829447e+03 3.873835e+03 3.274562e+03 3.230174e+03
14.5 3.656382e+03 3.771079e+03 3.190392e+03 3.075695e+03
15.5 3.637831e+03 3.667915e+03 3.183987e+03 3.153903e+03
16.5 3.805920e+03 3.580677e+03 3.235615e+03 3.460859e+03
17.5 3.620557e+03 3.515326e+03 3.312664e+03 3.417894e+03
18.5 3.756740e+03 3.470893e+03 3.390305e+03 3.676152e+03
19.5 3.540478e+03 3.443509e+03 3.456209e+03 3.553179e+03
20.5 3.657536e+03 3.428917e+03 3.507139e+03 3.735758e+03
21.5 3.573645e+03 3.423473e+03 3.544266e+03 3.694439e+03
22.5 3.617113e+03 3.424302e+03 3.570044e+03 3.762855e+03
23.5 3.630988e+03 3.429171e+03 3.586830e+03 3.788647e+03
24.5 3.398379e+03 3.436337e+03 3.596582e+03 3.558623e+03
25.5 3.418260e+03 3.444463e+03 3.600951e+03 3.574749e+03
26.5 3.351169e+03 3.452578e+03 3.601405e+03 3.499996e+03
27.5 3.479235e+03 3.460046e+03 3.599256e+03 3.618445e+03
28.5 3.637591e+03 3.466514e+03 3.595628e+03 3.766705e+03
29.5 3.756221e+03 3.471853e+03 3.591409e+03 3.875778e+03
30.5 3.387692e+03 3.474102e+03 3.587229e+03 3.500819e+03
31.5 3.299117e+03 3.460396e+03 3.583475e+03 3.422195e+03
32.5 3.376885e+03 3.416184e+03 3.580334e+03 3.541035e+03
33.5 3.245715e+03 3.353337e+03 3.577849e+03 3.470227e+03
34.5 3.048355e+03 3.300406e+03 3.575973e+03 3.323922e+03
35.5 3.167159e+03 3.272995e+03 3.574616e+03 3.468780e+03
36.5 3.157771e+03 3.269160e+03 3.573671e+03 3.462281e+03
37.5 3.130279e+03 3.279417e+03 3.573030e+03 3.423892e+03
38.5 3.144313e+03 3.295036e+03 3.572612e+03 3.421889e+03
39.5 3.576394e+03 3.310855e+03 3.572352e+03 3.837891e+03
40.5 3.593539e+03 3.326742e+03 3.572197e+03 3.838995e+03
41.5 3.330572e+03 3.355237e+03 3.572113e+03 3.547449e+03
42.5 3.442651e+03 3.411220e+03 3.572073e+03 3.603504e+03
43.5 3.413929e+03 3.483254e+03 3.572061e+03 3.502735e+03
44.5 3.642237e+03 3.543168e+03 3.572065e+03 3.671133e+03
45.5 3.443838e+03 3.575695e+03 3.572076e+03 3.440219e+03
0.5 3.559688e+03 3.499340e+03 3.577562e+03 3.637910e+03
1.5 3.540021e+03 3.508857e+03 3.618860e+03 3.650024e+03
2.5 3.617477e+03 3.545432e+03 3.722131e+03 3.794175e+03
3.5 3.637228e+03 3.619004e+03 3.846187e+03 3.864411e+03
4.5 3.725165e+03 3.714953e+03 3.922665e+03 3.932877e+03
5.5 3.825080e+03 3.810660e+03 3.926237e+03 3.940657e+03
6.5 3.816207e+03 3.890756e+03 3.875308e+03 3.800759e+03
7.5 4.067720e+03 3.949809e+03 3.801256e+03 3.919168e+03
8.5 4.143372e+03 3.988974e+03 3.727838e+03 3.882236e+03
9.5 3.948670e+03 4.012297e+03 3.666568e+03 3.602941e+03
10.5 3.880574e+03 4.023275e+03 3.615055e+03 3.472354e+03
11.5 4.072365e+03 4.018532e+03 3.540663e+03 3.594495e+03
12.5 4.001477e+03 3.981330e+03 3.414988e+03 3.435134e+03
13.5 3.688530e+03 3.903712e+03 3.276834e+03 3.061652e+03
14.5 3.793568e+03 3.801842e+03 3.192666e+03 3.184392e+03
15.5 3.776027e+03 3.699541e+03 3.186259e+03 3.262745e+03
16.5 3.670328e+03 3.613153e+03 3.237882e+03 3.295057e+03
17.5 3.638493e+03 3.548648e+03 3.314920e+03 3.404765e+03
18.5 3.530258e+03 3.505061e+03 3.392550e+03 3.417746e+03
19.5 3.650780e+03 3.478531e+03 3.458446e+03 3.630695e+03
20.5 3.635496e+03 3.464805e+03 3.509370e+03 3.680062e+03
21.5 3.331541e+03 3.460236e+03 3.546497e+03 3.417802e+03
22.5 3.563288e+03 3.461953e+03 3.572276e+03 3.673611e+03
23.5 3.653894e+03 3.467722e+03 3.589067e+03 3.775239e+03
24.5 3.526485e+03 3.475801e+03 3.598828e+03 3.649512e+03
25.5 3.521121e+03 3.484852e+03 3.603210e+03 3.639478e+03
26.5 3.605859e+03 3.493907e+03 3.603680e+03 3.715632e+03
27.5 3.373609e+03 3.502329e+03 3.601551e+03 3.472831e+03
28.5 3.364812e+03 3.509767e+03 3.597947e+03 3.452991e+03
29.5 3.251996e+03 3.516090e+03 3.593755e+03 3.329661e+03
30.5 3.508521e+03 3.519342e+03 3.589607e+03 3.578786e+03
31.5 3.402618e+03 3.506658e+03 3.585888e+03 3.481848e+03
32.5 3.616689e+03 3.463496e+03 3.582787e+03 3.735981e+03
33.5 3.331004e+03 3.401742e+03 3.580346e+03 3.509607e+03
34.5 3.366627e+03 3.349962e+03 3.578518e+03 3.595183e+03
35.5 3.437677e+03 3.323761e+03 3.577214e+03 3.691130e+03
36.5 3.540011e+03 3.321185e+03 3.576325e+03 3.795152e+03
37.5 3.284385e+03 3.332738e+03 3.575745e+03 3.527392e+03
38.5 3.381659e+03 3.349686e+03 3.575392e+03 3.607365e+03
39.5 3.518645e+03 3.366846e+03 3.575201e+03 3.727000e+03
40.5 3.244068e+03 3.379734e+03 3.575121e+03 3.439455e+03
