0.5 8.953752e+03 8.987208e+03 8.839450e+03 8.805993e+03
1.5 8.917161e+03 8.983310e+03 8.835525e+03 8.769376e+03
2.5 8.884798e+03 8.964609e+03 8.825747e+03 8.745937e+03
3.5 8.867106e+03 8.927414e+03 8.814031e+03 8.753723e+03
4.5 8.876380e+03 8.880663e+03 8.806847e+03 8.802564e+03
5.5 8.873257e+03 8.835972e+03 8.806575e+03 8.843860e+03
6.5 8.832572e+03 8.800304e+03 8.811461e+03 8.843729e+03
7.5 8.798329e+03 8.775397e+03 8.818523e+03 8.841455e+03
8.5 8.798775e+03 8.759983e+03 8.825505e+03 8.864298e+03
9.5 8.743873e+03 8.751838e+03 8.831322e+03 8.823356e+03
10.5 8.709989e+03 8.748866e+03 8.835724e+03 8.796847e+03
11.5 8.711305e+03 8.749420e+03 8.838858e+03 8.800743e+03
12.5 8.657064e+03 8.752273e+03 8.840974e+03 8.745765e+03
13.5 8.632714e+03 8.756503e+03 8.842300e+03 8.718512e+03
14.5 8.699163e+03 8.761399e+03 8.843018e+03 8.780782e+03
15.5 8.720121e+03 8.766426e+03 8.843276e+03 8.796971e+03
16.5 8.743194e+03 8.771204e+03 8.843202e+03 8.815192e+03
17.5 8.769361e+03 8.775497e+03 8.842913e+03 8.836777e+03
18.5 8.760531e+03 8.779192e+03 8.842507e+03 8.823845e+03
19.5 8.824080e+03 8.782274e+03 8.842062e+03 8.883869e+03
20.5 8.791004e+03 8.785341e+03 8.842113e+03 8.847776e+03
21.5 8.806752e+03 8.792237e+03 8.845636e+03 8.860151e+03
22.5 8.806525e+03 8.808100e+03 8.855071e+03 8.853496e+03
23.5 8.846983e+03 8.830713e+03 8.866506e+03 8.882776e+03
24.5 8.865203e+03 8.851959e+03 8.873469e+03 8.886713e+03
25.5 8.893234e+03 8.866452e+03 8.873570e+03 8.900352e+03
26.5 8.928075e+03 8.873725e+03 8.868557e+03 8.922907e+03
27.5 8.933868e+03 8.875881e+03 8.861401e+03 8.919388e+03
28.5 8.898094e+03 8.875263e+03 8.854348e+03 8.877180e+03
29.5 8.872780e+03 8.873474e+03 8.848478e+03 8.847784e+03
30.5 8.878132e+03 8.870799e+03 8.843555e+03 8.850888e+03
31.5 8.824217e+03 8.863824e+03 8.836477e+03 8.796870e+03
32.5 8.862865e+03 8.847657e+03 8.824577e+03 8.839785e+03
33.5 8.860779e+03 8.824700e+03 8.811546e+03 8.847625e+03
34.5 8.851093e+03 8.803188e+03 8.803659e+03 8.851564e+03
35.5 8.898211e+03 8.788597e+03 8.803145e+03 8.912758e+03
36.5 8.894117e+03 8.781441e+03 8.808117e+03 8.920793e+03
37.5 8.865351e+03 8.779622e+03 8.815476e+03 8.901206e+03
38.5 8.904052e+03 8.780770e+03 8.822870e+03 8.946152e+03
39.5 8.875690e+03 8.783236e+03 8.829135e+03 8.921588e+03
40.5 8.869757e+03 8.786133e+03 8.833967e+03 8.917592e+03
41.5 8.819107e+03 8.789054e+03 8.837482e+03 8.867535e+03
42.5 8.816096e+03 8.791820e+03 8.839915e+03 8.864191e+03
43.5 8.776795e+03 8.794329e+03 8.841492e+03 8.823957e+03
44.5 8.734878e+03 8.796514e+03 8.842399e+03 8.780763e+03
45.5 8.731061e+03 8.798336e+03 8.842796e+03 8.775521e+03
46.5 8.684165e+03 8.799793e+03 8.842822e+03 8.727194e+03
47.5 8.675874e+03 8.800912e+03 8.842602e+03 8.717564e+03
48.5 8.694298e+03 8.801747e+03 8.842243e+03 8.734795e+03
49.5 8.703577e+03 8.802361e+03 8.841832e+03 8.743047e+03
50.5 8.741098e+03 8.803042e+03 8.841905e+03 8.779961e+03
51.5 8.806387e+03 8.805845e+03 8.845442e+03 8.845984e+03
52.5 8.817155e+03 8.815774e+03 8.854886e+03 8.856267e+03
53.5 8.867665e+03 8.834816e+03 8.866325e+03 8.899174e+03
54.5 8.895586e+03 8.858723e+03 8.873289e+03 8.910152e+03
55.5 8.920869e+03 8.881781e+03 8.873392e+03 8.912481e+03
0.5 8.878132e+03 8.870799e+03 8.843555e+03 8.850888e+03
1.5 8.824217e+03 8.863824e+03 8.836477e+03 8.796870e+03
2.5 8.862865e+03 8.847657e+03 8.824577e+03 8.839785e+03
3.5 8.860779e+03 8.824700e+03 8.811546e+03 8.847625e+03
4.5 8.851093e+03 8.803188e+03 8.803659e+03 8.851564e+03
5.5 8.898211e+03 8.788597e+03 8.803145e+03 8.912758e+03
6.5 8.894117e+03 8.781441e+03 8.808117e+03 8.920793e+03
7.5 8.865351e+03 8.779622e+03 8.815476e+03 8.901206e+03
8.5 8.904052e+03 8.780770e+03 8.822870e+03 8.946152e+03
9.5 8.875690e+03 8.783236e+03 8.829135e+03 8.921588e+03
10.5 8.869757e+03 8.786133e+03 8.833967e+03 8.917592e+03
11.5 8.819107e+03 8.789054e+03 8.837482e+03 8.867535e+03
12.5 8.816096e+03 8.791820e+03 8.839915e+03 8.864191e+03
13.5 8.776795e+03 8.794329e+03 8.841492e+03 8.823957e+03
14.5 8.734878e+03 8.796514e+03 8.842399e+03 8.780763e+03
15.5 8.731061e+03 8.798336e+03 8.842796e+03 8.775521e+03
16.5 8.684165e+03 8.799793e+03 8.842822e+03 8.727194e+03
17.5 8.675874e+03 8.800912e+03 8.842602e+03 8.717564e+03
18.5 8.694298e+03 8.801747e+03 8.842243e+03 8.734795e+03
19.5 8.703577e+03 8.802361e+03 8.841832e+03 8.743047e+03
20.5 8.741098e+03 8.803042e+03 8.841905e+03 8.779961e+03
21.5 8.806387e+03 8.805845e+03 8.845442e+03 8.845984e+03
22.5 8.817155e+03 8.815774e+03 8.854886e+03 8.856267e+03
23.5 8.867665e+03 8.834816e+03 8.866325e+03 8.899174e+03
24.5 8.895586e+03 8.858723e+03 8.873289e+03 8.910152e+03
25.5 8.920869e+03 8.881781e+03 8.873392e+03 8.912481e+03
26.5 8.916117e+03 8.900468e+03 8.868381e+03 8.884030e+03
27.5 8.944864e+03 8.913829e+03 8.861228e+03 8.892263e+03
28.5 8.949269e+03 8.922433e+03 8.854179e+03 8.881015e+03
29.5 8.955457e+03 8.927355e+03 8.848314e+03 8.876416e+03
30.5 8.930482e+03 8.929408e+03 8.843396e+03 8.844469e+03
31.5 8.908819e+03 8.927419e+03 8.836332e+03 8.817731e+03
32.5 8.880949e+03 8.917042e+03 8.824443e+03 8.788350e+03
33.5 8.875483e+03 8.896787e+03 8.811416e+03 8.790112e+03
34.5 8.852848e+03 8.871280e+03 8.803533e+03 8.785102e+03
35.5 8.882814e+03 8.846517e+03 8.803023e+03 8.839319e+03
36.5 8.843870e+03 8.826220e+03 8.807998e+03 8.825648e+03
37.5 8.849738e+03 8.811466e+03 8.815361e+03 8.853632e+03
38.5 8.853104e+03 8.801748e+03 8.822759e+03 8.874114e+03
39.5 8.827267e+03 8.796000e+03 8.829027e+03 8.860294e+03
40.5 8.824073e+03 8.793160e+03 8.833862e+03 8.864775e+03
41.5 8.822585e+03 8.792363e+03 8.837380e+03 8.867601e+03
42.5 8.824034e+03 8.792945e+03 8.839816e+03 8.870906e+03
43.5 8.800798e+03 8.794392e+03 8.841395e+03 8.847801e+03
44.5 8.833671e+03 8.796307e+03 8.842306e+03 8.879669e+03
45.5 8.804185e+03 8.798387e+03 8.842705e+03 8.848504e+03
46.5 8.780953e+03 8.800413e+03 8.842734e+03 8.823274e+03
47.5 8.754875e+03 8.802246e+03 8.842516e+03 8.795145e+03
48.5 8.725796e+03 8.803816e+03 8.842160e+03 8.764140e+03
49.5 8.728160e+03 8.805102e+03 8.841751e+03 8.764808e+03
50.5 8.760867e+03 8.806347e+03 8.841826e+03 8.796347e+03
51.5 8.784405e+03 8.809586e+03 8.845366e+03 8.820185e+03
52.5 8.803065e+03 8.819827e+03 8.854811e+03 8.838050e+03
53.5 8.848579e+03 8.839070e+03 8.866253e+03 8.875762e+03
54.5 8.889768e+03 8.863087e+03 8.873219e+03 8.899900e+03
55.5 8.924855e+03 8.886183e+03 8.873324e+03 8.911995e+03
0.5 8.930482e+03 8.929408e+03 8.843396e+03 8.844469e+03
1.5 8.908819e+03 8.927419e+03 8.836332e+03 8.817731e+03
2.5 8.880949e+03 8.917042e+03 8.824443e+03 8.788350e+03
3.5 8.875483e+03 8.896787e+03 8.811416e+03 8.790112e+03
4.5 8.852848e+03 8.871280e+03 8.803533e+03 8.785102e+03
5.5 8.882814e+03 8.846517e+03 8.803023e+03 8.839319e+03
6.5 8.843870e+03 8.826220e+03 8.807998e+03 8.825648e+03
7.5 8.849738e+03 8.811466e+03 8.815361e+03 8.853632e+03
8.5 8.853104e+03 8.801748e+03 8.822759e+03 8.874114e+03
9.5 8.827267e+03 8.796000e+03 8.829027e+03 8.860294e+03
10.5 8.824073e+03 8.793160e+03 8.833862e+03 8.864775e+03
11.5 8.822585e+03 8.792363e+03 8.837380e+03 8.867601e+03
12.5 8.824034e+03 8.792945e+03 8.839816e+03 8.870906e+03
13.5 8.800798e+03 8.794392e+03 8.841395e+03 8.847801e+03
14.5 8.833671e+03 8.796307e+03 8.842306e+03 8.879669e+03
15.5 8.804185e+03 8.798387e+03 8.842705e+03 8.848504e+03
16.5 8.780953e+03 8.800413e+03 8.842734e+03 8.823274e+03
17.5 8.754875e+03 8.802246e+03 8.842516e+03 8.795145e+03
18.5 8.725796e+03 8.803816e+03 8.842160e+03 8.764140e+03
19.5 8.728160e+03 8.805102e+03 8.841751e+03 8.764808e+03
20.5 8.760867e+03 8.806347e+03 8.841826e+03 8.796347e+03
21.5 8.784405e+03 8.809586e+03 8.845366e+03 8.820185e+03
22.5 8.803065e+03 8.819827e+03 8.854811e+03 8.838050e+03
23.5 8.848579e+03 8.839070e+03 8.866253e+03 8.875762e+03
24.5 8.889768e+03 8.863087e+03 8.873219e+03 8.899900e+03
25.5 8.924855e+03 8.886183e+03 8.873324e+03 8.911995e+03
26.5 8.933912e+03 8.904858e+03 8.868314e+03 8.897368e+03
27.5 8.928412e+03 8.918170e+03 8.861163e+03 8.871404e+03
28.5 8.915359e+03 8.926701e+03 8.854116e+03 8.842774e+03
29.5 8.924078e+03 8.931534e+03 8.848252e+03 8.840796e+03
30.5 8.917806e+03 8.933491e+03 8.843335e+03 8.827651e+03
31.5 8.924482e+03 8.931400e+03 8.836273e+03 8.829354e+03
32.5 8.945101e+03 8.920920e+03 8.824386e+03 8.848566e+03
33.5 8.942265e+03 8.900563e+03 8.811360e+03 8.853063e+03
34.5 8.912613e+03 8.874954e+03 8.803478e+03 8.841137e+03
35.5 8.863150e+03 8.850094e+03 8.802969e+03 8.816025e+03
36.5 8.839332e+03 8.829701e+03 8.807945e+03 8.817577e+03
37.5 8.814032e+03 8.814853e+03 8.815309e+03 8.814488e+03
38.5 8.792497e+03 8.805045e+03 8.822708e+03 8.810160e+03
39.5 8.832042e+03 8.799208e+03 8.828977e+03 8.861810e+03
40.5 8.819445e+03 8.796283e+03 8.833813e+03 8.856975e+03
41.5 8.814196e+03 8.795404e+03 8.837332e+03 8.856124e+03
42.5 8.789250e+03 8.795906e+03 8.839768e+03 8.833113e+03
43.5 8.762324e+03 8.797276e+03 8.841348e+03 8.806397e+03
44.5 8.758030e+03 8.799116e+03 8.842259e+03 8.801174e+03
45.5 8.779438e+03 8.801123e+03 8.842659e+03 8.820975e+03
46.5 8.806159e+03 8.803078e+03 8.842688e+03 8.845769e+03
47.5 8.848285e+03 8.804843e+03 8.842471e+03 8.885913e+03
48.5 8.880758e+03 8.806346e+03 8.842115e+03 8.916526e+03
49.5 8.900122e+03 8.807569e+03 8.841706e+03 8.934259e+03
50.5 8.871177e+03 8.809081e+03 8.841782e+03 8.903878e+03
51.5 8.819591e+03 8.814680e+03 8.845322e+03 8.850232e+03
52.5 8.835931e+03 8.829453e+03 8.854767e+03 8.861245e+03
53.5 8.818227e+03 8.851137e+03 8.866209e+03 8.833299e+03
54.5 8.824101e+03 8.871575e+03 8.873175e+03 8.825701e+03
55.5 8.835420e+03 8.885351e+03 8.873280e+03 8.823348e+03
0.5 8.917806e+03 8.933491e+03 8.843335e+03 8.827651e+03
1.5 8.924482e+03 8.931400e+03 8.836273e+03 8.829354e+03
2.5 8.945101e+03 8.920920e+03 8.824386e+03 8.848566e+03
3.5 8.942265e+03 8.900563e+03 8.811360e+03 8.853063e+03
4.5 8.912613e+03 8.874954e+03 8.803478e+03 8.841137e+03
5.5 8.863150e+03 8.850094e+03 8.802969e+03 8.816025e+03
6.5 8.839332e+03 8.829701e+03 8.807945e+03 8.817577e+03
7.5 8.814032e+03 8.814853e+03 8.815309e+03 8.814488e+03
8.5 8.792497e+03 8.805045e+03 8.822708e+03 8.810160e+03
9.5 8.832042e+03 8.799208e+03 8.828977e+03 8.861810e+03
10.5 8.819445e+03 8.796283e+03 8.833813e+03 8.856975e+03
11.5 8.814196e+03 8.795404e+03 8.837332e+03 8.856124e+03
12.5 8.789250e+03 8.795906e+03 8.839768e+03 8.833113e+03
13.5 8.762324e+03 8.797276e+03 8.841348e+03 8.806397e+03
14.5 8.758030e+03 8.799116e+03 8.842259e+03 8.801174e+03
15.5 8.779438e+03 8.801123e+03 8.842659e+03 8.820975e+03
16.5 8.806159e+03 8.803078e+03 8.842688e+03 8.845769e+03
17.5 8.848285e+03 8.804843e+03 8.842471e+03 8.885913e+03
18.5 8.880758e+03 8.806346e+03 8.842115e+03 8.916526e+03
19.5 8.900122e+03 8.807569e+03 8.841706e+03 8.934259e+03
20.5 8.871177e+03 8.809081e+03 8.841782e+03 8.903878e+03
21.5 8.819591e+03 8.814680e+03 8.845322e+03 8.850232e+03
22.5 8.835931e+03 8.829453e+03 8.854767e+03 8.861245e+03
23.5 8.818227e+03 8.851137e+03 8.866209e+03 8.833299e+03
24.5 8.824101e+03 8.871575e+03 8.873175e+03 8.825701e+03
25.5 8.835420e+03 8.885351e+03 8.873280e+03 8.823348e+03
26.5 8.881648e+03 8.891976e+03 8.868270e+03 8.857942e+03
27.5 8.962165e+03 8.893535e+03 8.861118e+03 8.929748e+03
28.5 8.958976e+03 8.892359e+03 8.854071e+03 8.920687e+03
29.5 8.984533e+03 8.890043e+03 8.848207e+03 8.942697e+03
30.5 8.971067e+03 8.886866e+03 8.843290e+03 8.927491e+03
31.5 8.888929e+03 8.879420e+03 8.836227e+03 8.845735e+03
32.5 8.835936e+03 8.862808e+03 8.824340e+03 8.797468e+03
33.5 8.776421e+03 8.839408e+03 8.811313e+03 8.748326e+03
34.5 8.724018e+03 8.817467e+03 8.803431e+03 8.709981e+03
35.5 8.728521e+03 8.802461e+03 8.802921e+03 8.728981e+03
36.5 8.723530e+03 8.794902e+03 8.807896e+03 8.736524e+03
37.5 8.760209e+03 8.792691e+03 8.815260e+03 8.782777e+03
38.5 8.811537e+03 8.793460e+03 8.822657e+03 8.840734e+03
39.5 8.845676e+03 8.795557e+03 8.828925e+03 8.879044e+03
40.5 8.862999e+03 8.798095e+03 8.833761e+03 8.898664e+03
41.5 8.822961e+03 8.800669e+03 8.837278e+03 8.859571e+03
42.5 8.816338e+03 8.803097e+03 8.839714e+03 8.852955e+03
43.5 8.769620e+03 8.805278e+03 8.841293e+03 8.805635e+03
44.5 8.760819e+03 8.807143e+03 8.842202e+03 8.795878e+03
45.5 8.742328e+03 8.808656e+03 8.842601e+03 8.776274e+03
46.5 8.732987e+03 8.809811e+03 8.842629e+03 8.765805e+03
47.5 8.740639e+03 8.810637e+03 8.842410e+03 8.772412e+03
48.5 8.801439e+03 8.811187e+03 8.842053e+03 8.832305e+03
49.5 8.840500e+03 8.811524e+03 8.841642e+03 8.870618e+03
50.5 8.839893e+03 8.811935e+03 8.841716e+03 8.869674e+03
51.5 8.843036e+03 8.814475e+03 8.845254e+03 8.873814e+03
52.5 8.837123e+03 8.824149e+03 8.854698e+03 8.867672e+03
53.5 8.831383e+03 8.842942e+03 8.866137e+03 8.854578e+03
54.5 8.875458e+03 8.866607e+03 8.873102e+03 8.881953e+03
55.5 8.904763e+03 8.889428e+03 8.873204e+03 8.888539e+03
0.5 8.971067e+03 8.886866e+03 8.843290e+03 8.927491e+03
1.5 8.888929e+03 8.879420e+03 8.836227e+03 8.845735e+03
2.5 8.835936e+03 8.862808e+03 8.824340e+03 8.797468e+03
3.5 8.776421e+03 8.839408e+03 8.811313e+03 8.748326e+03
4.5 8.724018e+03 8.817467e+03 8.803431e+03 8.709981e+03
5.5 8.728521e+03 8.802461e+03 8.802921e+03 8.728981e+03
6.5 8.723530e+03 8.794902e+03 8.807896e+03 8.736524e+03
7.5 8.760209e+03 8.792691e+03 8.815260e+03 8.782777e+03
8.5 8.811537e+03 8.793460e+03 8.822657e+03 8.840734e+03
9.5 8.845676e+03 8.795557e+03 8.828925e+03 8.879044e+03
10.5 8.862999e+03 8.798095e+03 8.833761e+03 8.898664e+03
11.5 8.822961e+03 8.800669e+03 8.837278e+03 8.859571e+03
12.5 8.816338e+03 8.803097e+03 8.839714e+03 8.852955e+03
13.5 8.769620e+03 8.805278e+03 8.841293e+03 8.805635e+03
14.5 8.760819e+03 8.807143e+03 8.842202e+03 8.795878e+03
15.5 8.742328e+03 8.808656e+03 8.842601e+03 8.776274e+03
16.5 8.732987e+03 8.809811e+03 8.842629e+03 8.765805e+03
17.5 8.740639e+03 8.810637e+03 8.842410e+03 8.772412e+03
18.5 8.801439e+03 8.811187e+03 8.842053e+03 8.832305e+03
19.5 8.840500e+03 8.811524e+03 8.841642e+03 8.870618e+03
20.5 8.839893e+03 8.811935e+03 8.841716e+03 8.869674e+03
21.5 8.843036e+03 8.814475e+03 8.845254e+03 8.873814e+03
22.5 8.837123e+03 8.824149e+03 8.854698e+03 8.867672e+03
23.5 8.831383e+03 8.842942e+03 8.866137e+03 8.854578e+03
24.5 8.875458e+03 8.866607e+03 8.873102e+03 8.881953e+03
25.5 8.904763e+03 8.889428e+03 8.873204e+03 8.888539e+03
26.5 8.930094e+03 8.907876e+03 8.868186e+03 8.890404e+03
27.5 8.937381e+03 8.920982e+03 8.861025e+03 8.877424e+03
28.5 8.908437e+03 8.929340e+03 8.853974e+03 8.833071e+03
29.5 8.915231e+03 8.934021e+03 8.848106e+03 8.829315e+03
30.5 8.901364e+03 8.935837e+03 8.843185e+03 8.808712e+03
31.5 8.876682e+03 8.933613e+03 8.836119e+03 8.779188e+03
32.5 8.881135e+03 8.923004e+03 8.824228e+03 8.782360e+03
33.5 8.889665e+03 8.902522e+03 8.811201e+03 8.798343e+03
34.5 8.897659e+03 8.876798e+03 8.803319e+03 8.824180e+03
35.5 8.862244e+03 8.851832e+03 8.802812e+03 8.813225e+03
36.5 8.852703e+03 8.831342e+03 8.807791e+03 8.829152e+03
37.5 8.822369e+03 8.816408e+03 8.815158e+03 8.821119e+03
38.5 8.779363e+03 8.806519e+03 8.822558e+03 8.795401e+03
39.5 8.754646e+03 8.800607e+03 8.828826e+03 8.782866e+03
40.5 8.796508e+03 8.797610e+03 8.833661e+03 8.832559e+03
41.5 8.803552e+03 8.796661e+03 8.837178e+03 8.844068e+03
42.5 8.773465e+03 8.797095e+03 8.839611e+03 8.815981e+03
43.5 8.828998e+03 8.798397e+03 8.841187e+03 8.871788e+03
44.5 8.860859e+03 8.800169e+03 8.842094e+03 8.902784e+03
45.5 8.839762e+03 8.802107e+03 8.842488e+03 8.880144e+03
46.5 8.847728e+03 8.803993e+03 8.842512e+03 8.886246e+03
47.5 8.801710e+03 8.805688e+03 8.842289e+03 8.838311e+03
48.5 8.817492e+03 8.807120e+03 8.841927e+03 8.852299e+03
49.5 8.799091e+03 8.808271e+03 8.841512e+03 8.832332e+03
50.5 8.818105e+03 8.809710e+03 8.841582e+03 8.849977e+03
51.5 8.796904e+03 8.815236e+03 8.845115e+03 8.826783e+03
52.5 8.866945e+03 8.829932e+03 8.854553e+03 8.891565e+03
53.5 8.911473e+03 8.851532e+03 8.865981e+03 8.925922e+03
54.5 8.956307e+03 8.871875e+03 8.872927e+03 8.957360e+03
55.5 8.955809e+03 8.885544e+03 8.873008e+03 8.943273e+03
0.5 8.901364e+03 8.935837e+03 8.843185e+03 8.808712e+03
1.5 8.876682e+03 8.933613e+03 8.836119e+03 8.779188e+03
2.5 8.881135e+03 8.923004e+03 8.824228e+03 8.782360e+03
3.5 8.889665e+03 8.902522e+03 8.811201e+03 8.798343e+03
4.5 8.897659e+03 8.876798e+03 8.803319e+03 8.824180e+03
5.5 8.862244e+03 8.851832e+03 8.802812e+03 8.813225e+03
6.5 8.852703e+03 8.831342e+03 8.807791e+03 8.829152e+03
7.5 8.822369e+03 8.816408e+03 8.815158e+03 8.821119e+03
8.5 8.779363e+03 8.806519e+03 8.822558e+03 8.795401e+03
9.5 8.754646e+03 8.800607e+03 8.828826e+03 8.782866e+03
10.5 8.796508e+03 8.797610e+03 8.833661e+03 8.832559e+03
11.5 8.803552e+03 8.796661e+03 8.837178e+03 8.844068e+03
12.5 8.773465e+03 8.797095e+03 8.839611e+03 8.815981e+03
13.5 8.828998e+03 8.798397e+03 8.841187e+03 8.871788e+03
14.5 8.860859e+03 8.800169e+03 8.842094e+03 8.902784e+03
15.5 8.839762e+03 8.802107e+03 8.842488e+03 8.880144e+03
16.5 8.847728e+03 8.803993e+03 8.842512e+03 8.886246e+03
17.5 8.801710e+03 8.805688e+03 8.842289e+03 8.838311e+03
18.5 8.817492e+03 8.807120e+03 8.841927e+03 8.852299e+03
19.5 8.799091e+03 8.808271e+03 8.841512e+03 8.832332e+03
20.5 8.818105e+03 8.809710e+03 8.841582e+03 8.849977e+03
21.5 8.796904e+03 8.815236e+03 8.845115e+03 8.826783e+03
22.5 8.866945e+03 8.829932e+03 8.854553e+03 8.891565e+03
23.5 8.911473e+03 8.851532e+03 8.865981e+03 8.925922e+03
24.5 8.956307e+03 8.871875e+03 8.872927e+03 8.957360e+03
25.5 8.955809e+03 8.885544e+03 8.873008e+03 8.943273e+03
26.5 8.942037e+03 8.892051e+03 8.867972e+03 8.917958e+03
27.5 8.867095e+03 8.893487e+03 8.860795e+03 8.834403e+03
28.5 8.800212e+03 8.892183e+03 8.853725e+03 8.761754e+03
29.5 8.769881e+03 8.889740e+03 8.847843e+03 8.727984e+03
30.5 8.750876e+03 8.886918e+03 8.843390e+03 8.707349e+03
