0.5 5.669740e+03 5.616083e+03 5.606022e+03 5.659679e+03
1.5 5.642244e+03 5.622530e+03 5.607104e+03 5.626819e+03
2.5 5.715034e+03 5.643742e+03 5.615291e+03 5.686583e+03
3.5 5.703983e+03 5.678534e+03 5.636635e+03 5.662085e+03
4.5 5.674887e+03 5.715365e+03 5.669172e+03 5.628693e+03
5.5 5.776609e+03 5.744672e+03 5.705545e+03 5.737483e+03
6.5 5.726035e+03 5.763587e+03 5.738815e+03 5.701263e+03
7.5 5.761757e+03 5.773683e+03 5.765224e+03 5.753298e+03
8.5 5.797716e+03 5.777793e+03 5.783988e+03 5.803911e+03
9.5 5.760120e+03 5.778310e+03 5.796012e+03 5.777822e+03
10.5 5.774887e+03 5.776053e+03 5.802765e+03 5.801599e+03
11.5 5.738979e+03 5.766603e+03 5.804685e+03 5.777061e+03
12.5 5.785830e+03 5.741894e+03 5.796825e+03 5.840761e+03
13.5 5.728676e+03 5.703514e+03 5.774071e+03 5.799233e+03
14.5 5.643425e+03 5.663263e+03 5.739101e+03 5.719262e+03
15.5 5.693850e+03 5.630900e+03 5.699814e+03 5.762764e+03
16.5 5.581708e+03 5.609405e+03 5.663553e+03 5.635856e+03
17.5 5.571387e+03 5.597245e+03 5.634356e+03 5.608498e+03
18.5 5.629309e+03 5.591560e+03 5.613173e+03 5.650921e+03
19.5 5.654350e+03 5.589895e+03 5.599172e+03 5.663627e+03
20.5 5.587695e+03 5.590607e+03 5.590888e+03 5.587976e+03
21.5 5.606485e+03 5.592700e+03 5.586855e+03 5.600640e+03
22.5 5.558361e+03 5.595544e+03 5.585835e+03 5.548652e+03
23.5 5.610716e+03 5.598695e+03 5.586842e+03 5.598863e+03
24.5 5.594274e+03 5.601822e+03 5.589100e+03 5.581552e+03
25.5 5.589906e+03 5.604684e+03 5.592006e+03 5.577228e+03
26.5 5.560166e+03 5.607135e+03 5.595109e+03 5.548140e+03
27.5 5.552408e+03 5.609113e+03 5.598092e+03 5.541387e+03
28.5 5.561080e+03 5.610628e+03 5.600761e+03 5.551214e+03
29.5 5.586912e+03 5.611732e+03 5.603020e+03 5.578201e+03
30.5 5.567985e+03 5.612674e+03 5.604849e+03 5.560160e+03
31.5 5.575125e+03 5.614589e+03 5.606276e+03 5.566812e+03
32.5 5.588585e+03 5.618418e+03 5.607355e+03 5.577521e+03
33.5 5.606760e+03 5.622812e+03 5.608151e+03 5.592099e+03
34.5 5.590658e+03 5.625491e+03 5.608729e+03 5.573897e+03
35.5 5.637900e+03 5.625633e+03 5.609144e+03 5.621412e+03
36.5 5.603147e+03 5.623891e+03 5.609442e+03 5.588698e+03
37.5 5.571689e+03 5.621351e+03 5.609657e+03 5.559995e+03
38.5 5.631614e+03 5.618830e+03 5.609814e+03 5.622598e+03
39.5 5.633509e+03 5.616724e+03 5.609933e+03 5.626717e+03
40.5 5.592007e+03 5.614952e+03 5.610025e+03 5.587080e+03
41.5 5.626045e+03 5.612404e+03 5.610099e+03 5.623740e+03
42.5 5.608954e+03 5.608120e+03 5.610160e+03 5.610994e+03
43.5 5.628859e+03 5.603426e+03 5.610211e+03 5.635644e+03
44.5 5.601729e+03 5.600581e+03 5.610255e+03 5.611403e+03
45.5 5.565851e+03 5.600384e+03 5.610293e+03 5.575760e+03
0.5 5.673870e+03 5.611302e+03 5.607312e+03 5.669880e+03
1.5 5.639325e+03 5.617838e+03 5.608149e+03 5.629637e+03
2.5 5.670158e+03 5.639077e+03 5.616082e+03 5.647162e+03
3.5 5.730498e+03 5.673847e+03 5.637160e+03 5.693812e+03
4.5 5.724788e+03 5.710617e+03 5.669418e+03 5.683588e+03
5.5 5.787760e+03 5.739835e+03 5.705500e+03 5.753424e+03
6.5 5.725479e+03 5.758643e+03 5.738468e+03 5.705304e+03
7.5 5.788355e+03 5.768616e+03 5.764566e+03 5.784305e+03
8.5 5.746538e+03 5.772594e+03 5.783012e+03 5.756956e+03
9.5 5.764023e+03 5.772971e+03 5.794713e+03 5.785765e+03
10.5 5.800513e+03 5.770567e+03 5.801138e+03 5.831085e+03
11.5 5.796226e+03 5.760979e+03 5.802728e+03 5.837975e+03
12.5 5.764276e+03 5.736139e+03 5.794553e+03 5.822690e+03
13.5 5.774242e+03 5.697608e+03 5.771480e+03 5.848115e+03
14.5 5.662276e+03 5.657200e+03 5.736187e+03 5.741264e+03
15.5 5.651254e+03 5.624674e+03 5.696573e+03 5.723154e+03
16.5 5.576330e+03 5.603011e+03 5.659983e+03 5.633302e+03
17.5 5.560632e+03 5.590677e+03 5.630451e+03 5.600406e+03
18.5 5.581576e+03 5.584813e+03 5.608929e+03 5.605692e+03
19.5 5.571398e+03 5.582964e+03 5.594587e+03 5.583022e+03
20.5 5.611168e+03 5.583488e+03 5.585959e+03 5.613640e+03
21.5 5.588106e+03 5.585388e+03 5.581578e+03 5.584297e+03
22.5 5.562277e+03 5.588034e+03 5.580208e+03 5.554452e+03
23.5 5.580713e+03 5.590983e+03 5.580861e+03 5.570591e+03
24.5 5.586084e+03 5.593904e+03 5.582763e+03 5.574943e+03
25.5 5.571262e+03 5.596556e+03 5.585311e+03 5.560017e+03
26.5 5.654728e+03 5.598791e+03 5.588052e+03 5.643989e+03
27.5 5.554668e+03 5.600551e+03 5.590672e+03 5.544789e+03
28.5 5.568329e+03 5.601842e+03 5.592974e+03 5.559461e+03
29.5 5.588957e+03 5.602720e+03 5.594865e+03 5.581101e+03
30.5 5.576077e+03 5.603431e+03 5.596322e+03 5.568968e+03
31.5 5.592312e+03 5.605111e+03 5.597374e+03 5.584575e+03
32.5 5.615891e+03 5.608702e+03 5.598077e+03 5.605266e+03
33.5 5.618953e+03 5.612853e+03 5.598494e+03 5.604594e+03
34.5 5.574593e+03 5.615285e+03 5.598690e+03 5.557999e+03
35.5 5.594914e+03 5.615176e+03 5.598720e+03 5.578459e+03
36.5 5.583945e+03 5.613179e+03 5.598631e+03 5.569396e+03
37.5 5.621289e+03 5.610383e+03 5.598454e+03 5.609361e+03
38.5 5.600831e+03 5.607602e+03 5.598218e+03 5.591447e+03
39.5 5.594396e+03 5.605231e+03 5.597938e+03 5.587103e+03
40.5 5.627953e+03 5.603189e+03 5.597629e+03 5.622393e+03
41.5 5.635806e+03 5.600368e+03 5.597298e+03 5.632736e+03
42.5 5.579243e+03 5.595806e+03 5.596950e+03 5.580386e+03
43.5 5.583871e+03 5.590830e+03 5.596588e+03 5.589629e+03
44.5 5.555551e+03 5.587696e+03 5.596214e+03 5.564069e+03
45.5 5.569023e+03 5.587205e+03 5.595829e+03 5.577648e+03
0.5 5.643320e+03 5.595813e+03 5.588693e+03 5.636200e+03
1.5 5.583458e+03 5.602002e+03 5.589107e+03 5.570563e+03
2.5 5.619330e+03 5.622881e+03 5.596603e+03 5.593051e+03
3.5 5.666937e+03 5.657268e+03 5.617229e+03 5.626897e+03
4.5 5.740226e+03 5.693627e+03 5.649009e+03 5.695608e+03
5.5 5.775431e+03 5.722399e+03 5.684583e+03 5.737614e+03
6.5 5.734192e+03 5.740729e+03 5.717007e+03 5.710470e+03
7.5 5.769482e+03 5.750198e+03 5.742526e+03 5.761810e+03
8.5 5.701164e+03 5.753646e+03 5.760358e+03 5.707876e+03
9.5 5.692378e+03 5.753472e+03 5.771413e+03 5.710319e+03
10.5 5.697257e+03 5.750543e+03 5.777165e+03 5.723879e+03
