0.5 5.567985e+03 5.612674e+03 5.624121e+03 5.579432e+03
1.5 5.575125e+03 5.614589e+03 5.624231e+03 5.584767e+03
2.5 5.588585e+03 5.618418e+03 5.625613e+03 5.595780e+03
3.5 5.606760e+03 5.622812e+03 5.629351e+03 5.613299e+03
4.5 5.590658e+03 5.625491e+03 5.635091e+03 5.600259e+03
5.5 5.637900e+03 5.625633e+03 5.641519e+03 5.653787e+03
6.5 5.603147e+03 5.623891e+03 5.647392e+03 5.626648e+03
7.5 5.571689e+03 5.621351e+03 5.652038e+03 5.602377e+03
8.5 5.631614e+03 5.618830e+03 5.655317e+03 5.668101e+03
9.5 5.633509e+03 5.616724e+03 5.657391e+03 5.674176e+03
10.5 5.592007e+03 5.614952e+03 5.658524e+03 5.635579e+03
11.5 5.626045e+03 5.612404e+03 5.658794e+03 5.672435e+03
12.5 5.608954e+03 5.608120e+03 5.657318e+03 5.658153e+03
13.5 5.628859e+03 5.603426e+03 5.653179e+03 5.678612e+03
14.5 5.601729e+03 5.600581e+03 5.646855e+03 5.648003e+03
15.5 5.565851e+03 5.600384e+03 5.639761e+03 5.605227e+03
16.5 5.588895e+03 5.602155e+03 5.633210e+03 5.619950e+03
17.5 5.602869e+03 5.604780e+03 5.627924e+03 5.626013e+03
18.5 5.593404e+03 5.607415e+03 5.624075e+03 5.610064e+03
19.5 5.619714e+03 5.609641e+03 5.621513e+03 5.631586e+03
20.5 5.631279e+03 5.611348e+03 5.619976e+03 5.639907e+03
21.5 5.552885e+03 5.612578e+03 5.619202e+03 5.559509e+03
22.5 5.594521e+03 5.613416e+03 5.618969e+03 5.600073e+03
23.5 5.615558e+03 5.613944e+03 5.619100e+03 5.620714e+03
24.5 5.625203e+03 5.614228e+03 5.619458e+03 5.630432e+03
25.5 5.647681e+03 5.614327e+03 5.619933e+03 5.653287e+03
26.5 5.631871e+03 5.614289e+03 5.620445e+03 5.638027e+03
27.5 5.689713e+03 5.614160e+03 5.620938e+03 5.696491e+03
28.5 5.614368e+03 5.613978e+03 5.621377e+03 5.621767e+03
29.5 5.596564e+03 5.613775e+03 5.621745e+03 5.604534e+03
30.5 5.593235e+03 5.613744e+03 5.622038e+03 5.601530e+03
31.5 5.612141e+03 5.614954e+03 5.622439e+03 5.619626e+03
32.5 5.618660e+03 5.618284e+03 5.624050e+03 5.624426e+03
33.5 5.620175e+03 5.622325e+03 5.627967e+03 5.625816e+03
34.5 5.620145e+03 5.624754e+03 5.633847e+03 5.629238e+03
35.5 5.676944e+03 5.624713e+03 5.640385e+03 5.692616e+03
36.5 5.693952e+03 5.622832e+03 5.646348e+03 5.717468e+03
37.5 5.669981e+03 5.620180e+03 5.651069e+03 5.700870e+03
38.5 5.622008e+03 5.617564e+03 5.654413e+03 5.658858e+03
39.5 5.591208e+03 5.615371e+03 5.656545e+03 5.632382e+03
40.5 5.575611e+03 5.613517e+03 5.657732e+03 5.619825e+03
41.5 5.606951e+03 5.610890e+03 5.658052e+03 5.654112e+03
42.5 5.624016e+03 5.606529e+03 5.656624e+03 5.674112e+03
43.5 5.606365e+03 5.601758e+03 5.652532e+03 5.657139e+03
44.5 5.641254e+03 5.598835e+03 5.646254e+03 5.688672e+03
45.5 5.626550e+03 5.598560e+03 5.639203e+03 5.667194e+03
0.5 5.593235e+03 5.613744e+03 5.622038e+03 5.601530e+03
1.5 5.612141e+03 5.614954e+03 5.622439e+03 5.619626e+03
2.5 5.618660e+03 5.618284e+03 5.624050e+03 5.624426e+03
3.5 5.620175e+03 5.622325e+03 5.627967e+03 5.625816e+03
4.5 5.620145e+03 5.624754e+03 5.633847e+03 5.629238e+03
5.5 5.676944e+03 5.624713e+03 5.640385e+03 5.692616e+03
6.5 5.693952e+03 5.622832e+03 5.646348e+03 5.717468e+03
7.5 5.669981e+03 5.620180e+03 5.651069e+03 5.700870e+03
8.5 5.622008e+03 5.617564e+03 5.654413e+03 5.658858e+03
9.5 5.591208e+03 5.615371e+03 5.656545e+03 5.632382e+03
10.5 5.575611e+03 5.613517e+03 5.657732e+03 5.619825e+03
11.5 5.606951e+03 5.610890e+03 5.658052e+03 5.654112e+03
12.5 5.624016e+03 5.606529e+03 5.656624e+03 5.674112e+03
13.5 5.606365e+03 5.601758e+03 5.652532e+03 5.657139e+03
14.5 5.641254e+03 5.598835e+03 5.646254e+03 5.688672e+03
15.5 5.626550e+03 5.598560e+03 5.639203e+03 5.667194e+03
16.5 5.608200e+03 5.600253e+03 5.632696e+03 5.640642e+03
17.5 5.602410e+03 5.602801e+03 5.627453e+03 5.627062e+03
18.5 5.572523e+03 5.605357e+03 5.623646e+03 5.590812e+03
19.5 5.594141e+03 5.607503e+03 5.621126e+03 5.607764e+03
20.5 5.619632e+03 5.609130e+03 5.619629e+03 5.630131e+03
21.5 5.617789e+03 5.610281e+03 5.618895e+03 5.626403e+03
22.5 5.616104e+03 5.611039e+03 5.618701e+03 5.623766e+03
23.5 5.586557e+03 5.611487e+03 5.618872e+03 5.593941e+03
24.5 5.590488e+03 5.611692e+03 5.619267e+03 5.598063e+03
25.5 5.607532e+03 5.611710e+03 5.619780e+03 5.615602e+03
26.5 5.603545e+03 5.611592e+03 5.620329e+03 5.612282e+03
27.5 5.646793e+03 5.611383e+03 5.620858e+03 5.656267e+03
28.5 5.639628e+03 5.611122e+03 5.621332e+03 5.649837e+03
29.5 5.632180e+03 5.610842e+03 5.621734e+03 5.643071e+03
30.5 5.673870e+03 5.611302e+03 5.622060e+03 5.684628e+03
31.5 5.639325e+03 5.617838e+03 5.622315e+03 5.643803e+03
32.5 5.670158e+03 5.639077e+03 5.622510e+03 5.653590e+03
33.5 5.730498e+03 5.673847e+03 5.622655e+03 5.679307e+03
34.5 5.724788e+03 5.710617e+03 5.622763e+03 5.636933e+03
35.5 5.787760e+03 5.739835e+03 5.622842e+03 5.670766e+03
36.5 5.725479e+03 5.758643e+03 5.622902e+03 5.589738e+03
37.5 5.788355e+03 5.768616e+03 5.622949e+03 5.642687e+03
38.5 5.746538e+03 5.772594e+03 5.622986e+03 5.596929e+03
39.5 5.764023e+03 5.772971e+03 5.623018e+03 5.614070e+03
40.5 5.800513e+03 5.770567e+03 5.623046e+03 5.652993e+03
41.5 5.796226e+03 5.760979e+03 5.623073e+03 5.658320e+03
42.5 5.764276e+03 5.736139e+03 5.623098e+03 5.651235e+03
43.5 5.774242e+03 5.697608e+03 5.623123e+03 5.699757e+03
44.5 5.662276e+03 5.657200e+03 5.623148e+03 5.628224e+03
45.5 5.651254e+03 5.624674e+03 5.623173e+03 5.649753e+03
0.5 5.576077e+03 5.603431e+03 5.623603e+03 5.596249e+03
1.5 5.592312e+03 5.605111e+03 5.623814e+03 5.611015e+03
2.5 5.615891e+03 5.608702e+03 5.625296e+03 5.632485e+03
3.5 5.618953e+03 5.612853e+03 5.629131e+03 5.635231e+03
4.5 5.574593e+03 5.615285e+03 5.634969e+03 5.594277e+03
5.5 5.594914e+03 5.615176e+03 5.641492e+03 5.621230e+03
6.5 5.583945e+03 5.613179e+03 5.647459e+03 5.618225e+03
7.5 5.621289e+03 5.610383e+03 5.652199e+03 5.663105e+03
8.5 5.600831e+03 5.607602e+03 5.655570e+03 5.648800e+03
9.5 5.594396e+03 5.605231e+03 5.657736e+03 5.646901e+03
10.5 5.627953e+03 5.603189e+03 5.658959e+03 5.683723e+03
11.5 5.635806e+03 5.600368e+03 5.659318e+03 5.694755e+03
12.5 5.579243e+03 5.595806e+03 5.657930e+03 5.641367e+03
13.5 5.583871e+03 5.590830e+03 5.653878e+03 5.646919e+03
14.5 5.555551e+03 5.587696e+03 5.647640e+03 5.615495e+03
15.5 5.569023e+03 5.587205e+03 5.640630e+03 5.622449e+03
16.5 5.596315e+03 5.588674e+03 5.634163e+03 5.641804e+03
17.5 5.551814e+03 5.590991e+03 5.628960e+03 5.589783e+03
18.5 5.604821e+03 5.593310e+03 5.625193e+03 5.636704e+03
19.5 5.581243e+03 5.595213e+03 5.622712e+03 5.608743e+03
20.5 5.570605e+03 5.596589e+03 5.621256e+03 5.595272e+03
21.5 5.605278e+03 5.597482e+03 5.620561e+03 5.628358e+03
22.5 5.549014e+03 5.597975e+03 5.620407e+03 5.571447e+03
23.5 5.582708e+03 5.598149e+03 5.620617e+03 5.605176e+03
24.5 5.659320e+03 5.598073e+03 5.621053e+03 5.682299e+03
25.5 5.657272e+03 5.597802e+03 5.621605e+03 5.681076e+03
26.5 5.600923e+03 5.597386e+03 5.622195e+03 5.625732e+03
27.5 5.566292e+03 5.596871e+03 5.622764e+03 5.592185e+03
28.5 5.574130e+03 5.596294e+03 5.623279e+03 5.601116e+03
29.5 5.602024e+03 5.595688e+03 5.623723e+03 5.630059e+03
30.5 5.643320e+03 5.595813e+03 5.624091e+03 5.671598e+03
31.5 5.583458e+03 5.602002e+03 5.624389e+03 5.605845e+03
32.5 5.619330e+03 5.622881e+03 5.624627e+03 5.621075e+03
33.5 5.666937e+03 5.657268e+03 5.624816e+03 5.634485e+03
34.5 5.740226e+03 5.693627e+03 5.624969e+03 5.671568e+03
35.5 5.775431e+03 5.722399e+03 5.625094e+03 5.678126e+03
36.5 5.734192e+03 5.740729e+03 5.625201e+03 5.618663e+03
37.5 5.769482e+03 5.750198e+03 5.625295e+03 5.644579e+03
38.5 5.701164e+03 5.753646e+03 5.625382e+03 5.572899e+03
39.5 5.692378e+03 5.753472e+03 5.625464e+03 5.564369e+03
40.5 5.697257e+03 5.750543e+03 5.625543e+03 5.572257e+03
