0.5 3.110499e+03 3.191100e+03 3.170451e+03 3.089850e+03
1.5 3.282166e+03 3.190703e+03 3.174552e+03 3.266016e+03
2.5 3.043982e+03 3.191306e+03 3.184797e+03 3.037474e+03
3.5 3.150387e+03 3.192866e+03 3.197103e+03 3.154624e+03
4.5 3.220570e+03 3.194711e+03 3.204692e+03 3.230551e+03
5.5 3.173927e+03 3.196225e+03 3.205054e+03 3.182756e+03
6.5 3.191504e+03 3.197168e+03 3.200010e+03 3.194346e+03
7.5 3.195930e+03 3.197579e+03 3.192674e+03 3.191025e+03
8.5 3.297175e+03 3.197598e+03 3.185403e+03 3.284980e+03
9.5 3.152009e+03 3.197362e+03 3.179337e+03 3.133983e+03
10.5 3.120140e+03 3.196932e+03 3.174237e+03 3.097445e+03
11.5 3.133205e+03 3.196074e+03 3.166869e+03 3.104000e+03
12.5 3.170828e+03 3.194300e+03 3.154418e+03 3.130946e+03
13.5 3.148539e+03 3.191640e+03 3.140729e+03 3.097628e+03
14.5 3.147446e+03 3.188759e+03 3.132392e+03 3.091078e+03
15.5 3.219957e+03 3.186269e+03 3.131763e+03 3.165450e+03
16.5 3.125633e+03 3.184410e+03 3.136885e+03 3.078109e+03
17.5 3.145740e+03 3.183140e+03 3.144527e+03 3.107126e+03
18.5 3.149358e+03 3.182318e+03 3.152227e+03 3.119268e+03
19.5 3.142502e+03 3.181801e+03 3.158764e+03 3.119466e+03
20.5 3.164484e+03 3.181485e+03 3.163816e+03 3.146816e+03
21.5 3.191925e+03 3.181300e+03 3.167501e+03 3.178125e+03
22.5 3.196314e+03 3.181200e+03 3.170060e+03 3.185174e+03
23.5 3.041029e+03 3.181149e+03 3.171728e+03 3.031608e+03
24.5 3.152224e+03 3.181120e+03 3.172698e+03 3.143802e+03
25.5 3.347236e+03 3.181095e+03 3.173136e+03 3.339277e+03
26.5 3.145777e+03 3.181060e+03 3.173185e+03 3.137902e+03
27.5 3.190373e+03 3.181008e+03 3.172976e+03 3.182341e+03
28.5 3.178900e+03 3.180937e+03 3.172620e+03 3.170583e+03
29.5 3.211577e+03 3.180850e+03 3.172208e+03 3.202936e+03
30.5 3.231390e+03 3.180789e+03 3.172302e+03 3.222903e+03
31.5 3.323339e+03 3.181057e+03 3.176025e+03 3.318308e+03
32.5 3.011739e+03 3.182188e+03 3.185952e+03 3.015503e+03
33.5 3.159250e+03 3.184188e+03 3.198005e+03 3.173066e+03
34.5 3.139094e+03 3.186418e+03 3.205401e+03 3.158077e+03
35.5 3.262127e+03 3.188285e+03 3.205622e+03 3.279463e+03
36.5 3.238809e+03 3.189563e+03 3.200478e+03 3.249723e+03
37.5 3.264620e+03 3.190296e+03 3.193071e+03 3.267395e+03
38.5 3.165965e+03 3.190631e+03 3.185753e+03 3.161086e+03
39.5 3.138345e+03 3.190705e+03 3.179653e+03 3.127293e+03
40.5 3.219491e+03 3.190580e+03 3.174532e+03 3.203443e+03
41.5 3.154444e+03 3.190022e+03 3.167149e+03 3.131571e+03
42.5 3.148575e+03 3.188545e+03 3.154687e+03 3.114717e+03
43.5 3.181171e+03 3.186176e+03 3.140991e+03 3.135986e+03
44.5 3.187918e+03 3.183581e+03 3.132647e+03 3.136984e+03
45.5 3.190171e+03 3.181371e+03 3.132012e+03 3.140812e+03
0.5 3.231390e+03 3.180789e+03 3.172302e+03 3.222903e+03
1.5 3.323339e+03 3.181057e+03 3.176025e+03 3.318308e+03
2.5 3.011739e+03 3.182188e+03 3.185952e+03 3.015503e+03
3.5 3.159250e+03 3.184188e+03 3.198005e+03 3.173066e+03
4.5 3.139094e+03 3.186418e+03 3.205401e+03 3.158077e+03
5.5 3.262127e+03 3.188285e+03 3.205622e+03 3.279463e+03
6.5 3.238809e+03 3.189563e+03 3.200478e+03 3.249723e+03
7.5 3.264620e+03 3.190296e+03 3.193071e+03 3.267395e+03
8.5 3.165965e+03 3.190631e+03 3.185753e+03 3.161086e+03
9.5 3.138345e+03 3.190705e+03 3.179653e+03 3.127293e+03
10.5 3.219491e+03 3.190580e+03 3.174532e+03 3.203443e+03
11.5 3.154444e+03 3.190022e+03 3.167149e+03 3.131571e+03
12.5 3.148575e+03 3.188545e+03 3.154687e+03 3.114717e+03
13.5 3.181171e+03 3.186176e+03 3.140991e+03 3.135986e+03
14.5 3.187918e+03 3.183581e+03 3.132647e+03 3.136984e+03
15.5 3.190171e+03 3.181371e+03 3.132012e+03 3.140812e+03
16.5 3.207511e+03 3.179786e+03 3.137130e+03 3.164855e+03
17.5 3.176783e+03 3.178787e+03 3.144768e+03 3.142763e+03
18.5 3.199125e+03 3.178230e+03 3.152464e+03 3.173360e+03
19.5 3.255782e+03 3.177973e+03 3.158997e+03 3.236806e+03
20.5 3.130870e+03 3.177912e+03 3.164045e+03 3.117003e+03
21.5 3.123935e+03 3.177977e+03 3.167726e+03 3.113684e+03
22.5 3.236197e+03 3.178121e+03 3.170281e+03 3.228356e+03
23.5 3.065797e+03 3.178310e+03 3.171945e+03 3.059432e+03
24.5 3.196091e+03 3.178516e+03 3.172911e+03 3.190486e+03
25.5 3.306384e+03 3.178721e+03 3.173345e+03 3.301008e+03
26.5 3.195264e+03 3.178910e+03 3.173390e+03 3.189743e+03
27.5 3.108251e+03 3.179079e+03 3.173176e+03 3.102349e+03
28.5 3.188452e+03 3.179224e+03 3.172817e+03 3.182044e+03
29.5 3.210768e+03 3.179345e+03 3.172399e+03 3.203821e+03
30.5 3.146300e+03 3.178748e+03 3.171984e+03 3.139537e+03
31.5 3.181397e+03 3.172569e+03 3.171612e+03 3.180440e+03
32.5 3.171477e+03 3.153693e+03 3.171301e+03 3.189085e+03
33.5 3.147278e+03 3.124263e+03 3.171054e+03 3.194070e+03
34.5 3.172021e+03 3.094854e+03 3.170869e+03 3.248035e+03
35.5 3.201501e+03 3.073257e+03 3.170734e+03 3.298977e+03
36.5 3.018002e+03 3.060995e+03 3.170640e+03 3.127647e+03
37.5 2.921272e+03 3.055935e+03 3.170577e+03 3.035914e+03
38.5 3.037061e+03 3.055256e+03 3.170535e+03 3.152340e+03
39.5 2.963609e+03 3.056846e+03 3.170510e+03 3.077273e+03
40.5 3.048349e+03 3.060175e+03 3.170494e+03 3.158668e+03
41.5 2.985984e+03 3.069485e+03 3.170486e+03 3.086985e+03
42.5 3.163773e+03 3.091570e+03 3.170482e+03 3.242684e+03
43.5 3.219756e+03 3.124082e+03 3.170481e+03 3.266154e+03
44.5 3.202316e+03 3.156296e+03 3.170481e+03 3.216501e+03
45.5 3.247461e+03 3.180319e+03 3.170482e+03 3.237624e+03
0.5 3.215539e+03 3.183463e+03 3.171026e+03 3.203102e+03
1.5 3.261253e+03 3.183759e+03 3.175120e+03 3.252614e+03
2.5 3.182082e+03 3.185044e+03 3.185357e+03 3.182395e+03
3.5 3.237859e+03 3.187276e+03 3.197654e+03 3.248237e+03
4.5 3.150076e+03 3.189783e+03 3.205235e+03 3.165528e+03
5.5 3.125429e+03 3.191949e+03 3.205589e+03 3.139069e+03
6.5 3.189385e+03 3.193545e+03 3.200541e+03 3.196381e+03
7.5 3.218866e+03 3.194623e+03 3.193200e+03 3.217443e+03
8.5 3.176344e+03 3.195294e+03 3.185922e+03 3.166972e+03
9.5 3.330060e+03 3.195705e+03 3.179849e+03 3.314204e+03
10.5 3.146189e+03 3.195914e+03 3.174743e+03 3.125018e+03
11.5 3.337010e+03 3.195691e+03 3.167368e+03 3.308688e+03
12.5 3.169139e+03 3.194546e+03 3.154911e+03 3.129504e+03
13.5 3.139254e+03 3.192506e+03 3.141216e+03 3.087964e+03
14.5 3.265587e+03 3.190234e+03 3.132873e+03 3.208226e+03
15.5 3.241394e+03 3.188339e+03 3.132238e+03 3.185293e+03
16.5 3.164665e+03 3.187061e+03 3.137355e+03 3.114959e+03
17.5 3.243170e+03 3.186361e+03 3.144991e+03 3.201800e+03
18.5 3.168637e+03 3.186097e+03 3.152686e+03 3.135227e+03
19.5 3.281393e+03 3.186130e+03 3.159218e+03 3.254481e+03
20.5 3.190644e+03 3.186358e+03 3.164266e+03 3.168552e+03
21.5 3.267803e+03 3.186712e+03 3.167947e+03 3.249038e+03
22.5 3.096270e+03 3.187146e+03 3.170502e+03 3.079627e+03
23.5 3.172325e+03 3.187626e+03 3.172167e+03 3.156865e+03
24.5 3.215860e+03 3.188127e+03 3.173134e+03 3.200866e+03
25.5 3.169443e+03 3.188630e+03 3.173568e+03 3.154381e+03
26.5 3.064658e+03 3.189123e+03 3.173615e+03 3.049149e+03
27.5 3.067711e+03 3.189599e+03 3.173404e+03 3.051515e+03
28.5 3.127357e+03 3.190058e+03 3.173047e+03 3.110346e+03
29.5 3.196435e+03 3.190497e+03 3.172631e+03 3.178569e+03
30.5 3.186216e+03 3.190224e+03 3.172220e+03 3.168212e+03
31.5 3.234906e+03 3.184376e+03 3.171851e+03 3.222381e+03
32.5 3.106354e+03 3.165839e+03 3.171544e+03 3.112059e+03
33.5 3.233952e+03 3.136765e+03 3.171302e+03 3.268489e+03
34.5 3.110386e+03 3.107735e+03 3.171121e+03 3.173773e+03
35.5 3.132651e+03 3.086540e+03 3.170992e+03 3.217102e+03
36.5 3.009775e+03 3.074703e+03 3.170903e+03 3.105975e+03
37.5 3.024717e+03 3.070086e+03 3.170846e+03 3.125477e+03
38.5 2.981051e+03 3.069866e+03 3.170811e+03 3.081996e+03
39.5 3.034491e+03 3.071926e+03 3.170792e+03 3.133357e+03
40.5 3.146818e+03 3.075270e+03 3.170784e+03 3.242332e+03
