0.5 9.295254e+03 9.374061e+03 9.202308e+03 9.123501e+03
1.5 9.271799e+03 9.337269e+03 9.165078e+03 9.099607e+03
2.5 9.210505e+03 9.230780e+03 9.072330e+03 9.052055e+03
3.5 8.896788e+03 9.079611e+03 8.961200e+03 8.778377e+03
4.5 8.945243e+03 8.949037e+03 8.893051e+03 8.889256e+03
5.5 8.885741e+03 8.876341e+03 8.890475e+03 8.899875e+03
6.5 8.978683e+03 8.858741e+03 8.936821e+03 9.056763e+03
7.5 8.946916e+03 8.875464e+03 9.003803e+03 9.075256e+03
8.5 8.951295e+03 8.906698e+03 9.070039e+03 9.114636e+03
9.5 8.851010e+03 8.940319e+03 9.125213e+03 9.035904e+03
10.5 9.031525e+03 8.971024e+03 9.166965e+03 9.227467e+03
11.5 8.922440e+03 8.997353e+03 9.196693e+03 9.121781e+03
12.5 8.863934e+03 9.019326e+03 9.216768e+03 9.061376e+03
13.5 8.944084e+03 9.037269e+03 9.229349e+03 9.136164e+03
14.5 8.983851e+03 9.051485e+03 9.236158e+03 9.168523e+03
15.5 8.885588e+03 9.062289e+03 9.238601e+03 9.061900e+03
16.5 9.206514e+03 9.070095e+03 9.237905e+03 9.374323e+03
17.5 9.034945e+03 9.075437e+03 9.235161e+03 9.194669e+03
18.5 8.986339e+03 9.078910e+03 9.231304e+03 9.138733e+03
19.5 9.203379e+03 9.081110e+03 9.227091e+03 9.349360e+03
20.5 9.282095e+03 9.085580e+03 9.227575e+03 9.424090e+03
21.5 9.300606e+03 9.114841e+03 9.260987e+03 9.446753e+03
22.5 9.325290e+03 9.206134e+03 9.350485e+03 9.469641e+03
23.5 9.497842e+03 9.356271e+03 9.458954e+03 9.600524e+03
24.5 9.563422e+03 9.517438e+03 9.524999e+03 9.570983e+03
25.5 9.582198e+03 9.648559e+03 9.525961e+03 9.459600e+03
26.5 9.767682e+03 9.736175e+03 9.478405e+03 9.509911e+03
27.5 9.745336e+03 9.785837e+03 9.410528e+03 9.370027e+03
28.5 9.951781e+03 9.809006e+03 9.343632e+03 9.486407e+03
29.5 9.934525e+03 9.815733e+03 9.287948e+03 9.406740e+03
30.5 9.920841e+03 9.809744e+03 9.241248e+03 9.352344e+03
31.5 9.800283e+03 9.772937e+03 9.174114e+03 9.201460e+03
32.5 9.724863e+03 9.670926e+03 9.061228e+03 9.115166e+03
33.5 9.606648e+03 9.509028e+03 8.937622e+03 9.035242e+03
34.5 9.368559e+03 9.336404e+03 8.862812e+03 8.894967e+03
35.5 9.420219e+03 9.195128e+03 8.857937e+03 9.083028e+03
36.5 9.393176e+03 9.099257e+03 8.905095e+03 9.199014e+03
37.5 9.131515e+03 9.043478e+03 8.974903e+03 9.062940e+03
38.5 9.230395e+03 9.016267e+03 9.045043e+03 9.259171e+03
39.5 9.035688e+03 9.007311e+03 9.104467e+03 9.132844e+03
40.5 9.143359e+03 9.009503e+03 9.150305e+03 9.284162e+03
41.5 9.079507e+03 9.018378e+03 9.183646e+03 9.244774e+03
42.5 8.859837e+03 9.031048e+03 9.206723e+03 9.035512e+03
43.5 9.029549e+03 9.045449e+03 9.221678e+03 9.205778e+03
44.5 8.766414e+03 9.060020e+03 9.230287e+03 8.936681e+03
45.5 9.037171e+03 9.073630e+03 9.234051e+03 9.197592e+03
46.5 8.821418e+03 9.085563e+03 9.234297e+03 8.970152e+03
47.5 8.954423e+03 9.095493e+03 9.232210e+03 9.091140e+03
48.5 8.874202e+03 9.103409e+03 9.228806e+03 8.999600e+03
49.5 8.951104e+03 9.109508e+03 9.224902e+03 9.066497e+03
50.5 9.064598e+03 9.114581e+03 9.225597e+03 9.175614e+03
51.5 9.101236e+03 9.121991e+03 9.259150e+03 9.238395e+03
52.5 9.198532e+03 9.134759e+03 9.348728e+03 9.412502e+03
53.5 9.091572e+03 9.149411e+03 9.457236e+03 9.399398e+03
54.5 8.993459e+03 9.159489e+03 9.523296e+03 9.357266e+03
55.5 9.064068e+03 9.162420e+03 9.524272e+03 9.425921e+03
0.5 9.920841e+03 9.809744e+03 9.241248e+03 9.352344e+03
1.5 9.800283e+03 9.772937e+03 9.174114e+03 9.201460e+03
2.5 9.724863e+03 9.670926e+03 9.061228e+03 9.115166e+03
3.5 9.606648e+03 9.509028e+03 8.937622e+03 9.035242e+03
4.5 9.368559e+03 9.336404e+03 8.862812e+03 8.894967e+03
5.5 9.420219e+03 9.195128e+03 8.857937e+03 9.083028e+03
6.5 9.393176e+03 9.099257e+03 8.905095e+03 9.199014e+03
7.5 9.131515e+03 9.043478e+03 8.974903e+03 9.062940e+03
8.5 9.230395e+03 9.016267e+03 9.045043e+03 9.259171e+03
9.5 9.035688e+03 9.007311e+03 9.104467e+03 9.132844e+03
10.5 9.143359e+03 9.009503e+03 9.150305e+03 9.284162e+03
11.5 9.079507e+03 9.018378e+03 9.183646e+03 9.244774e+03
12.5 8.859837e+03 9.031048e+03 9.206723e+03 9.035512e+03
13.5 9.029549e+03 9.045449e+03 9.221678e+03 9.205778e+03
14.5 8.766414e+03 9.060020e+03 9.230287e+03 8.936681e+03
15.5 9.037171e+03 9.073630e+03 9.234051e+03 9.197592e+03
16.5 8.821418e+03 9.085563e+03 9.234297e+03 8.970152e+03
17.5 8.954423e+03 9.095493e+03 9.232210e+03 9.091140e+03
18.5 8.874202e+03 9.103409e+03 9.228806e+03 8.999600e+03
19.5 8.951104e+03 9.109508e+03 9.224902e+03 9.066497e+03
20.5 9.064598e+03 9.114581e+03 9.225597e+03 9.175614e+03
21.5 9.101236e+03 9.121991e+03 9.259150e+03 9.238395e+03
22.5 9.198532e+03 9.134759e+03 9.348728e+03 9.412502e+03
23.5 9.091572e+03 9.149411e+03 9.457236e+03 9.399398e+03
24.5 8.993459e+03 9.159489e+03 9.523296e+03 9.357266e+03
25.5 9.064068e+03 9.162420e+03 9.524272e+03 9.425921e+03
26.5 9.026089e+03 9.159801e+03 9.476737e+03 9.343024e+03
27.5 9.147403e+03 9.154569e+03 9.408888e+03 9.401722e+03
28.5 9.128893e+03 9.149021e+03 9.342027e+03 9.321899e+03
29.5 9.231503e+03 9.144324e+03 9.286388e+03 9.373566e+03
30.5 9.169278e+03 9.140318e+03 9.239738e+03 9.268698e+03
31.5 9.158713e+03 9.133888e+03 9.172731e+03 9.197556e+03
32.5 9.059476e+03 9.122116e+03 9.059965e+03 8.997325e+03
33.5 9.148938e+03 9.108541e+03 8.936396e+03 8.976792e+03
34.5 9.054908e+03 9.099660e+03 8.861622e+03 8.816870e+03
35.5 9.119013e+03 9.098063e+03 8.856781e+03 8.877731e+03
36.5 9.107550e+03 9.102132e+03 8.903973e+03 8.909391e+03
37.5 9.016621e+03 9.108891e+03 8.973814e+03 8.881544e+03
38.5 9.088514e+03 9.115987e+03 9.043986e+03 9.016512e+03
39.5 9.109210e+03 9.122202e+03 9.103441e+03 9.090449e+03
40.5 9.109163e+03 9.127168e+03 9.149308e+03 9.131304e+03
41.5 9.143663e+03 9.130941e+03 9.182678e+03 9.195400e+03
42.5 9.123064e+03 9.133710e+03 9.205783e+03 9.195137e+03
43.5 9.320986e+03 9.135665e+03 9.220765e+03 9.406086e+03
44.5 9.162338e+03 9.136965e+03 9.229402e+03 9.254775e+03
45.5 9.154461e+03 9.137745e+03 9.233191e+03 9.249907e+03
46.5 9.213727e+03 9.138129e+03 9.233461e+03 9.309059e+03
47.5 9.027222e+03 9.138232e+03 9.231399e+03 9.120388e+03
48.5 9.173401e+03 9.138155e+03 9.228018e+03 9.263264e+03
49.5 9.228430e+03 9.137982e+03 9.224135e+03 9.314583e+03
50.5 9.267888e+03 9.138259e+03 9.224852e+03 9.354481e+03
51.5 9.241422e+03 9.142055e+03 9.258425e+03 9.357792e+03
52.5 9.301783e+03 9.152107e+03 9.348024e+03 9.497700e+03
53.5 9.072725e+03 9.164691e+03 9.456551e+03 9.364584e+03
54.5 9.219554e+03 9.173153e+03 9.522629e+03 9.569030e+03
55.5 9.232356e+03 9.174769e+03 9.523623e+03 9.581210e+03
0.5 9.169278e+03 9.140318e+03 9.239738e+03 9.268698e+03
1.5 9.158713e+03 9.133888e+03 9.172731e+03 9.197556e+03
2.5 9.059476e+03 9.122116e+03 9.059965e+03 8.997325e+03
3.5 9.148938e+03 9.108541e+03 8.936396e+03 8.976792e+03
4.5 9.054908e+03 9.099660e+03 8.861622e+03 8.816870e+03
5.5 9.119013e+03 9.098063e+03 8.856781e+03 8.877731e+03
6.5 9.107550e+03 9.102132e+03 8.903973e+03 8.909391e+03
7.5 9.016621e+03 9.108891e+03 8.973814e+03 8.881544e+03
8.5 9.088514e+03 9.115987e+03 9.043986e+03 9.016512e+03
9.5 9.109210e+03 9.122202e+03 9.103441e+03 9.090449e+03
10.5 9.109163e+03 9.127168e+03 9.149308e+03 9.131304e+03
11.5 9.143663e+03 9.130941e+03 9.182678e+03 9.195400e+03
12.5 9.123064e+03 9.133710e+03 9.205783e+03 9.195137e+03
13.5 9.320986e+03 9.135665e+03 9.220765e+03 9.406086e+03
14.5 9.162338e+03 9.136965e+03 9.229402e+03 9.254775e+03
15.5 9.154461e+03 9.137745e+03 9.233191e+03 9.249907e+03
16.5 9.213727e+03 9.138129e+03 9.233461e+03 9.309059e+03
17.5 9.027222e+03 9.138232e+03 9.231399e+03 9.120388e+03
18.5 9.173401e+03 9.138155e+03 9.228018e+03 9.263264e+03
19.5 9.228430e+03 9.137982e+03 9.224135e+03 9.314583e+03
20.5 9.267888e+03 9.138259e+03 9.224852e+03 9.354481e+03
21.5 9.241422e+03 9.142055e+03 9.258425e+03 9.357792e+03
22.5 9.301783e+03 9.152107e+03 9.348024e+03 9.497700e+03
23.5 9.072725e+03 9.164691e+03 9.456551e+03 9.364584e+03
24.5 9.219554e+03 9.173153e+03 9.522629e+03 9.569030e+03
25.5 9.232356e+03 9.174769e+03 9.523623e+03 9.581210e+03
26.5 9.250183e+03 9.171031e+03 9.476104e+03 9.555256e+03
27.5 9.239657e+03 9.164808e+03 9.408271e+03 9.483120e+03
28.5 9.124957e+03 9.158352e+03 9.341427e+03 9.308031e+03
29.5 9.250675e+03 9.152797e+03 9.285802e+03 9.383679e+03
30.5 9.075041e+03 9.147966e+03 9.239166e+03 9.166241e+03
31.5 9.132891e+03 9.140733e+03 9.172172e+03 9.164330e+03
32.5 9.340017e+03 9.128174e+03 9.059419e+03 9.271262e+03
33.5 9.070967e+03 9.113824e+03 8.935862e+03 8.893005e+03
34.5 9.198254e+03 9.104179e+03 8.861099e+03 8.955174e+03
35.5 9.128681e+03 9.101830e+03 8.856270e+03 8.883121e+03
36.5 9.047688e+03 9.105159e+03 8.903472e+03 8.846002e+03
37.5 9.169117e+03 9.111184e+03 8.973322e+03 9.031255e+03
38.5 9.254709e+03 9.117555e+03 9.043503e+03 9.180657e+03
39.5 8.997026e+03 9.123053e+03 9.102966e+03 8.976940e+03
40.5 9.218527e+03 9.127310e+03 9.148842e+03 9.240059e+03
41.5 9.209867e+03 9.130385e+03 9.182219e+03 9.261701e+03
42.5 9.228280e+03 9.132465e+03 9.205331e+03 9.301146e+03
43.5 9.193566e+03 9.133739e+03 9.220319e+03 9.280146e+03
44.5 9.166377e+03 9.134368e+03 9.228960e+03 9.260970e+03
45.5 9.064207e+03 9.134485e+03 9.232755e+03 9.162476e+03
46.5 9.088190e+03 9.134216e+03 9.233029e+03 9.187003e+03
47.5 9.209518e+03 9.133675e+03 9.230970e+03 9.306812e+03
48.5 9.059723e+03 9.132963e+03 9.227592e+03 9.154352e+03
49.5 9.371349e+03 9.132173e+03 9.223713e+03 9.462888e+03
50.5 9.436338e+03 9.134405e+03 9.224432e+03 9.526364e+03
51.5 9.429076e+03 9.161827e+03 9.258006e+03 9.525255e+03
52.5 9.336466e+03 9.251422e+03 9.347606e+03 9.432649e+03
53.5 9.442775e+03 9.399846e+03 9.456133e+03 9.499063e+03
54.5 9.634202e+03 9.559204e+03 9.522211e+03 9.597210e+03
55.5 9.645676e+03 9.688400e+03 9.523204e+03 9.480480e+03
0.5 9.075041e+03 9.147966e+03 9.239166e+03 9.166241e+03
1.5 9.132891e+03 9.140733e+03 9.172172e+03 9.164330e+03
2.5 9.340017e+03 9.128174e+03 9.059419e+03 9.271262e+03
3.5 9.070967e+03 9.113824e+03 8.935862e+03 8.893005e+03
4.5 9.198254e+03 9.104179e+03 8.861099e+03 8.955174e+03
5.5 9.128681e+03 9.101830e+03 8.856270e+03 8.883121e+03
6.5 9.047688e+03 9.105159e+03 8.903472e+03 8.846002e+03
7.5 9.169117e+03 9.111184e+03 8.973322e+03 9.031255e+03
8.5 9.254709e+03 9.117555e+03 9.043503e+03 9.180657e+03
9.5 8.997026e+03 9.123053e+03 9.102966e+03 8.976940e+03
10.5 9.218527e+03 9.127310e+03 9.148842e+03 9.240059e+03
11.5 9.209867e+03 9.130385e+03 9.182219e+03 9.261701e+03
12.5 9.228280e+03 9.132465e+03 9.205331e+03 9.301146e+03
13.5 9.193566e+03 9.133739e+03 9.220319e+03 9.280146e+03
14.5 9.166377e+03 9.134368e+03 9.228960e+03 9.260970e+03
15.5 9.064207e+03 9.134485e+03 9.232755e+03 9.162476e+03
16.5 9.088190e+03 9.134216e+03 9.233029e+03 9.187003e+03
17.5 9.209518e+03 9.133675e+03 9.230970e+03 9.306812e+03
18.5 9.059723e+03 9.132963e+03 9.227592e+03 9.154352e+03
19.5 9.371349e+03 9.132173e+03 9.223713e+03 9.462888e+03
20.5 9.436338e+03 9.134405e+03 9.224432e+03 9.526364e+03
21.5 9.429076e+03 9.161827e+03 9.258006e+03 9.525255e+03
22.5 9.336466e+03 9.251422e+03 9.347606e+03 9.432649e+03
23.5 9.442775e+03 9.399846e+03 9.456133e+03 9.499063e+03
24.5 9.634202e+03 9.559204e+03 9.522211e+03 9.597210e+03
25.5 9.645676e+03 9.688400e+03 9.523204e+03 9.480480e+03
26.5 9.720042e+03 9.773985e+03 9.475684e+03 9.421741e+03
27.5 9.532858e+03 9.821529e+03 9.407849e+03 9.119179e+03
28.5 9.753433e+03 9.842518e+03 9.341002e+03 9.251916e+03
29.5 1.006472e+04 9.847027e+03 9.285374e+03 9.503068e+03
30.5 1.002060e+04 9.838798e+03 9.238735e+03 9.420541e+03
31.5 9.763349e+03 9.799824e+03 9.171737e+03 9.135262e+03
32.5 9.665437e+03 9.695718e+03 9.058979e+03 9.028698e+03
33.5 9.423134e+03 9.531638e+03 8.935417e+03 8.826913e+03
34.5 9.205994e+03 9.356835e+03 8.860649e+03 8.709808e+03
35.5 9.252245e+03 9.213391e+03 8.855813e+03 8.894667e+03
36.5 8.926658e+03 9.115364e+03 8.903008e+03 8.714302e+03
37.5 8.956239e+03 9.057437e+03 8.972850e+03 8.871653e+03
38.5 9.094979e+03 9.028088e+03 9.043023e+03 9.109914e+03
39.5 8.818385e+03 9.017007e+03 9.102478e+03 8.903856e+03
40.5 8.886336e+03 9.017086e+03 9.148344e+03 9.017594e+03
41.5 8.990479e+03 9.023864e+03 9.181711e+03 9.148326e+03
42.5 9.125601e+03 9.034447e+03 9.204812e+03 9.295966e+03
43.5 9.074329e+03 9.046774e+03 9.219789e+03 9.247344e+03
44.5 8.841587e+03 9.059285e+03 9.228419e+03 9.010721e+03
45.5 8.990702e+03 9.070846e+03 9.232201e+03 9.152057e+03
46.5 8.985768e+03 9.080742e+03 9.232462e+03 9.137488e+03
47.5 9.044045e+03 9.088647e+03 9.230390e+03 9.185788e+03
48.5 9.066060e+03 9.094549e+03 9.226998e+03 9.198509e+03
49.5 9.054909e+03 9.098644e+03 9.223103e+03 9.179368e+03
50.5 9.021857e+03 9.101724e+03 9.223806e+03 9.143940e+03
51.5 9.072552e+03 9.107149e+03 9.257364e+03 9.222767e+03
52.5 9.071632e+03 9.117942e+03 9.346947e+03 9.300637e+03
53.5 8.962885e+03 9.130627e+03 9.455457e+03 9.287715e+03
54.5 9.104415e+03 9.138746e+03 9.521517e+03 9.487186e+03
55.5 9.190587e+03 9.139724e+03 9.522490e+03 9.573354e+03
0.5 1.002060e+04 9.838798e+03 9.238735e+03 9.420541e+03
1.5 9.763349e+03 9.799824e+03 9.171737e+03 9.135262e+03
2.5 9.665437e+03 9.695718e+03 9.058979e+03 9.028698e+03
3.5 9.423134e+03 9.531638e+03 8.935417e+03 8.826913e+03
4.5 9.205994e+03 9.356835e+03 8.860649e+03 8.709808e+03
5.5 9.252245e+03 9.213391e+03 8.855813e+03 8.894667e+03
6.5 8.926658e+03 9.115364e+03 8.903008e+03 8.714302e+03
7.5 8.956239e+03 9.057437e+03 8.972850e+03 8.871653e+03
8.5 9.094979e+03 9.028088e+03 9.043023e+03 9.109914e+03
9.5 8.818385e+03 9.017007e+03 9.102478e+03 8.903856e+03
10.5 8.886336e+03 9.017086e+03 9.148344e+03 9.017594e+03
11.5 8.990479e+03 9.023864e+03 9.181711e+03 9.148326e+03
12.5 9.125601e+03 9.034447e+03 9.204812e+03 9.295966e+03
13.5 9.074329e+03 9.046774e+03 9.219789e+03 9.247344e+03
14.5 8.841587e+03 9.059285e+03 9.228419e+03 9.010721e+03
15.5 8.990702e+03 9.070846e+03 9.232201e+03 9.152057e+03
16.5 8.985768e+03 9.080742e+03 9.232462e+03 9.137488e+03
17.5 9.044045e+03 9.088647e+03 9.230390e+03 9.185788e+03
18.5 9.066060e+03 9.094549e+03 9.226998e+03 9.198509e+03
19.5 9.054909e+03 9.098644e+03 9.223103e+03 9.179368e+03
20.5 9.021857e+03 9.101724e+03 9.223806e+03 9.143940e+03
21.5 9.072552e+03 9.107149e+03 9.257364e+03 9.222767e+03
22.5 9.071632e+03 9.117942e+03 9.346947e+03 9.300637e+03
23.5 8.962885e+03 9.130627e+03 9.455457e+03 9.287715e+03
24.5 9.104415e+03 9.138746e+03 9.521517e+03 9.487186e+03
25.5 9.190587e+03 9.139724e+03 9.522490e+03 9.573354e+03
26.5 9.167583e+03 9.135069e+03 9.474885e+03 9.507399e+03
27.5 9.257576e+03 9.127756e+03 9.406959e+03 9.536779e+03
28.5 9.144490e+03 9.120210e+03 9.340079e+03 9.364359e+03
29.5 8.988244e+03 9.113513e+03 9.284417e+03 9.159148e+03
30.5 9.026784e+03 9.107505e+03 9.237743e+03 9.157023e+03
31.5 9.010154e+03 9.099071e+03 9.170712e+03 9.081795e+03
32.5 9.037948e+03 9.085297e+03 9.057925e+03 9.010576e+03
33.5 9.101777e+03 9.069735e+03 8.934350e+03 8.966392e+03
34.5 9.023297e+03 9.058890e+03 8.859591e+03 8.823997e+03
35.5 9.073705e+03 9.055353e+03 8.854782e+03 8.873134e+03
36.5 9.063128e+03 9.057495e+03 8.902011e+03 8.907643e+03
37.5 8.808504e+03 9.062330e+03 8.971884e+03 8.718057e+03
38.5 8.937011e+03 9.067497e+03 9.042077e+03 8.911591e+03
39.5 8.816010e+03 9.071769e+03 9.101540e+03 8.845781e+03
40.5 9.195962e+03 9.074776e+03 9.147404e+03 9.268590e+03
41.5 8.988687e+03 9.076572e+03 9.180759e+03 9.092873e+03
42.5 9.128988e+03 9.077345e+03 9.203840e+03 9.255483e+03
43.5 8.951602e+03 9.077282e+03 9.218789e+03 9.093109e+03
44.5 9.060438e+03 9.076540e+03 9.227387e+03 9.211285e+03
45.5 9.019485e+03 9.075254e+03 9.231133e+03 9.175364e+03
46.5 9.259323e+03 9.073548e+03 9.231356e+03 9.417131e+03
47.5 9.079830e+03 9.071533e+03 9.229243e+03 9.237540e+03
48.5 8.968634e+03 9.069310e+03 9.225809e+03 9.125133e+03
49.5 9.107049e+03 9.066972e+03 9.221873e+03 9.261950e+03
50.5 9.163995e+03 9.067615e+03 9.222534e+03 9.318914e+03
51.5 9.156272e+03 9.093405e+03 9.256048e+03 9.318916e+03
52.5 9.297635e+03 9.181313e+03 9.345570e+03 9.461892e+03
53.5 9.365238e+03 9.327960e+03 9.453973e+03 9.491251e+03
54.5 9.594318e+03 9.485417e+03 9.519865e+03 9.628766e+03
55.5 9.613807e+03 9.612572e+03 9.520625e+03 9.521859e+03
0.5 9.026784e+03 9.107505e+03 9.237743e+03 9.157023e+03
1.5 9.010154e+03 9.099071e+03 9.170712e+03 9.081795e+03
2.5 9.037948e+03 9.085297e+03 9.057925e+03 9.010576e+03
3.5 9.101777e+03 9.069735e+03 8.934350e+03 8.966392e+03
4.5 9.023297e+03 9.058890e+03 8.859591e+03 8.823997e+03
5.5 9.073705e+03 9.055353e+03 8.854782e+03 8.873134e+03
6.5 9.063128e+03 9.057495e+03 8.902011e+03 8.907643e+03
7.5 8.808504e+03 9.062330e+03 8.971884e+03 8.718057e+03
8.5 8.937011e+03 9.067497e+03 9.042077e+03 8.911591e+03
9.5 8.816010e+03 9.071769e+03 9.101540e+03 8.845781e+03
10.5 9.195962e+03 9.074776e+03 9.147404e+03 9.268590e+03
11.5 8.988687e+03 9.076572e+03 9.180759e+03 9.092873e+03
12.5 9.128988e+03 9.077345e+03 9.203840e+03 9.255483e+03
13.5 8.951602e+03 9.077282e+03 9.218789e+03 9.093109e+03
14.5 9.060438e+03 9.076540e+03 9.227387e+03 9.211285e+03
15.5 9.019485e+03 9.075254e+03 9.231133e+03 9.175364e+03
16.5 9.259323e+03 9.073548e+03 9.231356e+03 9.417131e+03
17.5 9.079830e+03 9.071533e+03 9.229243e+03 9.237540e+03
18.5 8.968634e+03 9.069310e+03 9.225809e+03 9.125133e+03
19.5 9.107049e+03 9.066972e+03 9.221873e+03 9.261950e+03
20.5 9.163995e+03 9.067615e+03 9.222534e+03 9.318914e+03
21.5 9.156272e+03 9.093405e+03 9.256048e+03 9.318916e+03
22.5 9.297635e+03 9.181313e+03 9.345570e+03 9.461892e+03
23.5 9.365238e+03 9.327960e+03 9.453973e+03 9.491251e+03
24.5 9.594318e+03 9.485417e+03 9.519865e+03 9.628766e+03
25.5 9.613807e+03 9.612572e+03 9.520625e+03 9.521859e+03
26.5 9.879691e+03 9.695980e+03 9.472855e+03 9.656566e+03
27.5 9.820974e+03 9.741229e+03 9.404780e+03 9.484524e+03
28.5 9.686684e+03 9.759821e+03 9.337717e+03 9.264580e+03
29.5 9.590169e+03 9.761857e+03 9.281919e+03 9.110231e+03
30.5 9.510419e+03 9.755632e+03 9.239688e+03 8.994475e+03
