0.5 3.037259e+03 3.039141e+03 3.170546e+03 3.168663e+03
1.5 3.002426e+03 3.042452e+03 3.174331e+03 3.134305e+03
2.5 3.014493e+03 3.059759e+03 3.183760e+03 3.138493e+03
3.5 3.164106e+03 3.094388e+03 3.195057e+03 3.264775e+03
4.5 3.101743e+03 3.137793e+03 3.201985e+03 3.165935e+03
5.5 3.145930e+03 3.179054e+03 3.202247e+03 3.169123e+03
6.5 3.255976e+03 3.211723e+03 3.197535e+03 3.241788e+03
7.5 3.253042e+03 3.234270e+03 3.190726e+03 3.209498e+03
8.5 3.196670e+03 3.247949e+03 3.183992e+03 3.132714e+03
9.5 3.279489e+03 3.254873e+03 3.178383e+03 3.203000e+03
10.5 3.327887e+03 3.257010e+03 3.174139e+03 3.245017e+03
11.5 3.199235e+03 3.255894e+03 3.171117e+03 3.114458e+03
12.5 3.252992e+03 3.252663e+03 3.169076e+03 3.169404e+03
13.5 3.274883e+03 3.248175e+03 3.167797e+03 3.194504e+03
14.5 3.240406e+03 3.243087e+03 3.167105e+03 3.164424e+03
15.5 3.281660e+03 3.237894e+03 3.166856e+03 3.210622e+03
16.5 3.259899e+03 3.232949e+03 3.166927e+03 3.193877e+03
17.5 3.243453e+03 3.228467e+03 3.167206e+03 3.182192e+03
18.5 3.252754e+03 3.224552e+03 3.167598e+03 3.195801e+03
19.5 3.258363e+03 3.221215e+03 3.168027e+03 3.205174e+03
20.5 3.127125e+03 3.217715e+03 3.167977e+03 3.077387e+03
21.5 3.088369e+03 3.209108e+03 3.164581e+03 3.043841e+03
22.5 3.131773e+03 3.188185e+03 3.155482e+03 3.099070e+03
23.5 3.166226e+03 3.157002e+03 3.144455e+03 3.153679e+03
24.5 3.054013e+03 3.126060e+03 3.137741e+03 3.065694e+03
25.5 3.126813e+03 3.103091e+03 3.137643e+03 3.161365e+03
26.5 3.175642e+03 3.089574e+03 3.142478e+03 3.228545e+03
27.5 3.122361e+03 3.083344e+03 3.149378e+03 3.188395e+03
28.5 3.059734e+03 3.081557e+03 3.156179e+03 3.134356e+03
29.5 3.065098e+03 3.082085e+03 3.161840e+03 3.144853e+03
30.5 3.151574e+03 3.084388e+03 3.166587e+03 3.233774e+03
31.5 3.061314e+03 3.092717e+03 3.173412e+03 3.142009e+03
32.5 3.135411e+03 3.113862e+03 3.184888e+03 3.206437e+03
33.5 3.132717e+03 3.145435e+03 3.197454e+03 3.184736e+03
34.5 3.129688e+03 3.176727e+03 3.205059e+03 3.158020e+03
35.5 3.241079e+03 3.199845e+03 3.205555e+03 3.246788e+03
36.5 3.096069e+03 3.213218e+03 3.200761e+03 3.083612e+03
37.5 3.114262e+03 3.218979e+03 3.193664e+03 3.088947e+03
38.5 3.135235e+03 3.219995e+03 3.186534e+03 3.101773e+03
39.5 3.300207e+03 3.218448e+03 3.180492e+03 3.262251e+03
40.5 3.180514e+03 3.215643e+03 3.175833e+03 3.140703e+03
41.5 3.126736e+03 3.212273e+03 3.172443e+03 3.086906e+03
42.5 3.315616e+03 3.208724e+03 3.170097e+03 3.276990e+03
43.5 3.238502e+03 3.205246e+03 3.168577e+03 3.201834e+03
44.5 3.179162e+03 3.202022e+03 3.167702e+03 3.144842e+03
45.5 3.179807e+03 3.199176e+03 3.167319e+03 3.147950e+03
46.5 3.218118e+03 3.196771e+03 3.167294e+03 3.188642e+03
47.5 3.286763e+03 3.194809e+03 3.167506e+03 3.259460e+03
48.5 3.309797e+03 3.193249e+03 3.167852e+03 3.284400e+03
49.5 3.291613e+03 3.192025e+03 3.168249e+03 3.267838e+03
50.5 3.110499e+03 3.191100e+03 3.168178e+03 3.087578e+03
51.5 3.282166e+03 3.190703e+03 3.164767e+03 3.256231e+03
52.5 3.043982e+03 3.191306e+03 3.155661e+03 3.008337e+03
53.5 3.150387e+03 3.192866e+03 3.144630e+03 3.102151e+03
54.5 3.220570e+03 3.194711e+03 3.137914e+03 3.163774e+03
55.5 3.173927e+03 3.196225e+03 3.137815e+03 3.115517e+03
0.5 3.151574e+03 3.084388e+03 3.166587e+03 3.233774e+03
1.5 3.061314e+03 3.092717e+03 3.173412e+03 3.142009e+03
2.5 3.135411e+03 3.113862e+03 3.184888e+03 3.206437e+03
3.5 3.132717e+03 3.145435e+03 3.197454e+03 3.184736e+03
4.5 3.129688e+03 3.176727e+03 3.205059e+03 3.158020e+03
5.5 3.241079e+03 3.199845e+03 3.205555e+03 3.246788e+03
6.5 3.096069e+03 3.213218e+03 3.200761e+03 3.083612e+03
7.5 3.114262e+03 3.218979e+03 3.193664e+03 3.088947e+03
8.5 3.135235e+03 3.219995e+03 3.186534e+03 3.101773e+03
9.5 3.300207e+03 3.218448e+03 3.180492e+03 3.262251e+03
10.5 3.180514e+03 3.215643e+03 3.175833e+03 3.140703e+03
11.5 3.126736e+03 3.212273e+03 3.172443e+03 3.086906e+03
12.5 3.315616e+03 3.208724e+03 3.170097e+03 3.276990e+03
13.5 3.238502e+03 3.205246e+03 3.168577e+03 3.201834e+03
14.5 3.179162e+03 3.202022e+03 3.167702e+03 3.144842e+03
15.5 3.179807e+03 3.199176e+03 3.167319e+03 3.147950e+03
16.5 3.218118e+03 3.196771e+03 3.167294e+03 3.188642e+03
17.5 3.286763e+03 3.194809e+03 3.167506e+03 3.259460e+03
18.5 3.309797e+03 3.193249e+03 3.167852e+03 3.284400e+03
19.5 3.291613e+03 3.192025e+03 3.168249e+03 3.267838e+03
20.5 3.110499e+03 3.191100e+03 3.168178e+03 3.087578e+03
21.5 3.282166e+03 3.190703e+03 3.164767e+03 3.256231e+03
22.5 3.043982e+03 3.191306e+03 3.155661e+03 3.008337e+03
23.5 3.150387e+03 3.192866e+03 3.144630e+03 3.102151e+03
24.5 3.220570e+03 3.194711e+03 3.137914e+03 3.163774e+03
25.5 3.173927e+03 3.196225e+03 3.137815e+03 3.115517e+03
26.5 3.191504e+03 3.197168e+03 3.142648e+03 3.136983e+03
27.5 3.195930e+03 3.197579e+03 3.149545e+03 3.147896e+03
28.5 3.297175e+03 3.197598e+03 3.156342e+03 3.255919e+03
29.5 3.152009e+03 3.197362e+03 3.161998e+03 3.116645e+03
30.5 3.120140e+03 3.196932e+03 3.166741e+03 3.089949e+03
31.5 3.133205e+03 3.196074e+03 3.173553e+03 3.110684e+03
32.5 3.170828e+03 3.194300e+03 3.185017e+03 3.161544e+03
33.5 3.148539e+03 3.191640e+03 3.197579e+03 3.154477e+03
34.5 3.147446e+03 3.188759e+03 3.205180e+03 3.163866e+03
35.5 3.219957e+03 3.186269e+03 3.205672e+03 3.239360e+03
36.5 3.125633e+03 3.184410e+03 3.200875e+03 3.142099e+03
37.5 3.145740e+03 3.183140e+03 3.193775e+03 3.156374e+03
38.5 3.149358e+03 3.182318e+03 3.186641e+03 3.153681e+03
39.5 3.142502e+03 3.181801e+03 3.180597e+03 3.141298e+03
40.5 3.164484e+03 3.181485e+03 3.175934e+03 3.158934e+03
41.5 3.191925e+03 3.181300e+03 3.172542e+03 3.183166e+03
42.5 3.196314e+03 3.181200e+03 3.170193e+03 3.185307e+03
43.5 3.041029e+03 3.181149e+03 3.168670e+03 3.028549e+03
44.5 3.152224e+03 3.181120e+03 3.167792e+03 3.138895e+03
45.5 3.347236e+03 3.181095e+03 3.167406e+03 3.333548e+03
46.5 3.145777e+03 3.181060e+03 3.167379e+03 3.132096e+03
47.5 3.190373e+03 3.181008e+03 3.167589e+03 3.176954e+03
48.5 3.178900e+03 3.180937e+03 3.167932e+03 3.165895e+03
49.5 3.211577e+03 3.180850e+03 3.168327e+03 3.199055e+03
50.5 3.231390e+03 3.180789e+03 3.168254e+03 3.218855e+03
51.5 3.323339e+03 3.181057e+03 3.164841e+03 3.307123e+03
52.5 3.011739e+03 3.182188e+03 3.155733e+03 2.985283e+03
53.5 3.159250e+03 3.184188e+03 3.144700e+03 3.119761e+03
54.5 3.139094e+03 3.186418e+03 3.137982e+03 3.090658e+03
55.5 3.262127e+03 3.188285e+03 3.137881e+03 3.211723e+03
0.5 3.120140e+03 3.196932e+03 3.166741e+03 3.089949e+03
1.5 3.133205e+03 3.196074e+03 3.173553e+03 3.110684e+03
2.5 3.170828e+03 3.194300e+03 3.185017e+03 3.161544e+03
3.5 3.148539e+03 3.191640e+03 3.197579e+03 3.154477e+03
4.5 3.147446e+03 3.188759e+03 3.205180e+03 3.163866e+03
5.5 3.219957e+03 3.186269e+03 3.205672e+03 3.239360e+03
6.5 3.125633e+03 3.184410e+03 3.200875e+03 3.142099e+03
7.5 3.145740e+03 3.183140e+03 3.193775e+03 3.156374e+03
8.5 3.149358e+03 3.182318e+03 3.186641e+03 3.153681e+03
9.5 3.142502e+03 3.181801e+03 3.180597e+03 3.141298e+03
10.5 3.164484e+03 3.181485e+03 3.175934e+03 3.158934e+03
11.5 3.191925e+03 3.181300e+03 3.172542e+03 3.183166e+03
12.5 3.196314e+03 3.181200e+03 3.170193e+03 3.185307e+03
13.5 3.041029e+03 3.181149e+03 3.168670e+03 3.028549e+03
14.5 3.152224e+03 3.181120e+03 3.167792e+03 3.138895e+03
15.5 3.347236e+03 3.181095e+03 3.167406e+03 3.333548e+03
16.5 3.145777e+03 3.181060e+03 3.167379e+03 3.132096e+03
17.5 3.190373e+03 3.181008e+03 3.167589e+03 3.176954e+03
18.5 3.178900e+03 3.180937e+03 3.167932e+03 3.165895e+03
19.5 3.211577e+03 3.180850e+03 3.168327e+03 3.199055e+03
20.5 3.231390e+03 3.180789e+03 3.168254e+03 3.218855e+03
21.5 3.323339e+03 3.181057e+03 3.164841e+03 3.307123e+03
22.5 3.011739e+03 3.182188e+03 3.155733e+03 2.985283e+03
23.5 3.159250e+03 3.184188e+03 3.144700e+03 3.119761e+03
24.5 3.139094e+03 3.186418e+03 3.137982e+03 3.090658e+03
25.5 3.262127e+03 3.188285e+03 3.137881e+03 3.211723e+03
26.5 3.238809e+03 3.189563e+03 3.142712e+03 3.191958e+03
27.5 3.264620e+03 3.190296e+03 3.149608e+03 3.223931e+03
28.5 3.165965e+03 3.190631e+03 3.156403e+03 3.131737e+03
29.5 3.138345e+03 3.190705e+03 3.162058e+03 3.109698e+03
30.5 3.219491e+03 3.190580e+03 3.166799e+03 3.195711e+03
31.5 3.154444e+03 3.190022e+03 3.173610e+03 3.138031e+03
32.5 3.148575e+03 3.188545e+03 3.185072e+03 3.145102e+03
33.5 3.181171e+03 3.186176e+03 3.197633e+03 3.192628e+03
34.5 3.187918e+03 3.183581e+03 3.205233e+03 3.209570e+03
35.5 3.190171e+03 3.181371e+03 3.205724e+03 3.214524e+03
36.5 3.207511e+03 3.179786e+03 3.200926e+03 3.228651e+03
37.5 3.176783e+03 3.178787e+03 3.193825e+03 3.191820e+03
38.5 3.199125e+03 3.178230e+03 3.186690e+03 3.207586e+03
39.5 3.255782e+03 3.177973e+03 3.180645e+03 3.258454e+03
40.5 3.130870e+03 3.177912e+03 3.175981e+03 3.128940e+03
41.5 3.123935e+03 3.177977e+03 3.172588e+03 3.118546e+03
42.5 3.236197e+03 3.178121e+03 3.170239e+03 3.228314e+03
43.5 3.065797e+03 3.178310e+03 3.168715e+03 3.056202e+03
44.5 3.196091e+03 3.178516e+03 3.167837e+03 3.185412e+03
45.5 3.306384e+03 3.178721e+03 3.167451e+03 3.295115e+03
46.5 3.195264e+03 3.178910e+03 3.167423e+03 3.183776e+03
47.5 3.108251e+03 3.179079e+03 3.167632e+03 3.096804e+03
48.5 3.188452e+03 3.179224e+03 3.167976e+03 3.177203e+03
49.5 3.210768e+03 3.179345e+03 3.168370e+03 3.199792e+03
50.5 3.146300e+03 3.178748e+03 3.168297e+03 3.135850e+03
51.5 3.181397e+03 3.172569e+03 3.164884e+03 3.173712e+03
52.5 3.171477e+03 3.153693e+03 3.155775e+03 3.173560e+03
53.5 3.147278e+03 3.124263e+03 3.144742e+03 3.167758e+03
54.5 3.172021e+03 3.094854e+03 3.138025e+03 3.215191e+03
55.5 3.201501e+03 3.073257e+03 3.137924e+03 3.266167e+03
0.5 3.219491e+03 3.190580e+03 3.166799e+03 3.195711e+03
1.5 3.154444e+03 3.190022e+03 3.173610e+03 3.138031e+03
2.5 3.148575e+03 3.188545e+03 3.185072e+03 3.145102e+03
3.5 3.181171e+03 3.186176e+03 3.197633e+03 3.192628e+03
4.5 3.187918e+03 3.183581e+03 3.205233e+03 3.209570e+03
5.5 3.190171e+03 3.181371e+03 3.205724e+03 3.214524e+03
6.5 3.207511e+03 3.179786e+03 3.200926e+03 3.228651e+03
7.5 3.176783e+03 3.178787e+03 3.193825e+03 3.191820e+03
8.5 3.199125e+03 3.178230e+03 3.186690e+03 3.207586e+03
9.5 3.255782e+03 3.177973e+03 3.180645e+03 3.258454e+03
10.5 3.130870e+03 3.177912e+03 3.175981e+03 3.128940e+03
11.5 3.123935e+03 3.177977e+03 3.172588e+03 3.118546e+03
12.5 3.236197e+03 3.178121e+03 3.170239e+03 3.228314e+03
13.5 3.065797e+03 3.178310e+03 3.168715e+03 3.056202e+03
14.5 3.196091e+03 3.178516e+03 3.167837e+03 3.185412e+03
15.5 3.306384e+03 3.178721e+03 3.167451e+03 3.295115e+03
16.5 3.195264e+03 3.178910e+03 3.167423e+03 3.183776e+03
17.5 3.108251e+03 3.179079e+03 3.167632e+03 3.096804e+03
18.5 3.188452e+03 3.179224e+03 3.167976e+03 3.177203e+03
19.5 3.210768e+03 3.179345e+03 3.168370e+03 3.199792e+03
20.5 3.146300e+03 3.178748e+03 3.168297e+03 3.135850e+03
21.5 3.181397e+03 3.172569e+03 3.164884e+03 3.173712e+03
22.5 3.171477e+03 3.153693e+03 3.155775e+03 3.173560e+03
23.5 3.147278e+03 3.124263e+03 3.144742e+03 3.167758e+03
24.5 3.172021e+03 3.094854e+03 3.138025e+03 3.215191e+03
25.5 3.201501e+03 3.073257e+03 3.137924e+03 3.266167e+03
26.5 3.018002e+03 3.060995e+03 3.142755e+03 3.099761e+03
27.5 2.921272e+03 3.055935e+03 3.149651e+03 3.014988e+03
28.5 3.037061e+03 3.055256e+03 3.156446e+03 3.138251e+03
29.5 2.963609e+03 3.056846e+03 3.162101e+03 3.068865e+03
30.5 3.048349e+03 3.060175e+03 3.166843e+03 3.155017e+03
31.5 2.985984e+03 3.069485e+03 3.173654e+03 3.090153e+03
32.5 3.163773e+03 3.091570e+03 3.185117e+03 3.257319e+03
33.5 3.219756e+03 3.124082e+03 3.197678e+03 3.293352e+03
34.5 3.202316e+03 3.156296e+03 3.205279e+03 3.251299e+03
35.5 3.247461e+03 3.180319e+03 3.205771e+03 3.272913e+03
36.5 3.298042e+03 3.194580e+03 3.200973e+03 3.304435e+03
37.5 3.156304e+03 3.201215e+03 3.193873e+03 3.148962e+03
38.5 3.246354e+03 3.203090e+03 3.186739e+03 3.230003e+03
39.5 3.158106e+03 3.202389e+03 3.180695e+03 3.136412e+03
40.5 3.256254e+03 3.200414e+03 3.176032e+03 3.231871e+03
41.5 3.167950e+03 3.197862e+03 3.172640e+03 3.142728e+03
42.5 3.096457e+03 3.195116e+03 3.170291e+03 3.071633e+03
43.5 3.121258e+03 3.192428e+03 3.168769e+03 3.097599e+03
44.5 3.185485e+03 3.189981e+03 3.167892e+03 3.163395e+03
45.5 3.170735e+03 3.187900e+03 3.167507e+03 3.150342e+03
46.5 3.302757e+03 3.186246e+03 3.167480e+03 3.283991e+03
47.5 3.075245e+03 3.185024e+03 3.167691e+03 3.057912e+03
48.5 3.301089e+03 3.184192e+03 3.168036e+03 3.284933e+03
49.5 3.153242e+03 3.183683e+03 3.168432e+03 3.137991e+03
50.5 3.215539e+03 3.183463e+03 3.168360e+03 3.200437e+03
51.5 3.261253e+03 3.183759e+03 3.164949e+03 3.242443e+03
52.5 3.182082e+03 3.185044e+03 3.155842e+03 3.152880e+03
53.5 3.237859e+03 3.187276e+03 3.144811e+03 3.195394e+03
54.5 3.150076e+03 3.189783e+03 3.138095e+03 3.098388e+03
55.5 3.125429e+03 3.191949e+03 3.137996e+03 3.071477e+03
0.5 3.048349e+03 3.060175e+03 3.166843e+03 3.155017e+03
1.5 2.985984e+03 3.069485e+03 3.173654e+03 3.090153e+03
2.5 3.163773e+03 3.091570e+03 3.185117e+03 3.257319e+03
3.5 3.219756e+03 3.124082e+03 3.197678e+03 3.293352e+03
4.5 3.202316e+03 3.156296e+03 3.205279e+03 3.251299e+03
5.5 3.247461e+03 3.180319e+03 3.205771e+03 3.272913e+03
6.5 3.298042e+03 3.194580e+03 3.200973e+03 3.304435e+03
7.5 3.156304e+03 3.201215e+03 3.193873e+03 3.148962e+03
8.5 3.246354e+03 3.203090e+03 3.186739e+03 3.230003e+03
9.5 3.158106e+03 3.202389e+03 3.180695e+03 3.136412e+03
10.5 3.256254e+03 3.200414e+03 3.176032e+03 3.231871e+03
11.5 3.167950e+03 3.197862e+03 3.172640e+03 3.142728e+03
12.5 3.096457e+03 3.195116e+03 3.170291e+03 3.071633e+03
13.5 3.121258e+03 3.192428e+03 3.168769e+03 3.097599e+03
14.5 3.185485e+03 3.189981e+03 3.167892e+03 3.163395e+03
15.5 3.170735e+03 3.187900e+03 3.167507e+03 3.150342e+03
16.5 3.302757e+03 3.186246e+03 3.167480e+03 3.283991e+03
17.5 3.075245e+03 3.185024e+03 3.167691e+03 3.057912e+03
18.5 3.301089e+03 3.184192e+03 3.168036e+03 3.284933e+03
19.5 3.153242e+03 3.183683e+03 3.168432e+03 3.137991e+03
20.5 3.215539e+03 3.183463e+03 3.168360e+03 3.200437e+03
21.5 3.261253e+03 3.183759e+03 3.164949e+03 3.242443e+03
22.5 3.182082e+03 3.185044e+03 3.155842e+03 3.152880e+03
23.5 3.237859e+03 3.187276e+03 3.144811e+03 3.195394e+03
24.5 3.150076e+03 3.189783e+03 3.138095e+03 3.098388e+03
25.5 3.125429e+03 3.191949e+03 3.137996e+03 3.071477e+03
26.5 3.189385e+03 3.193545e+03 3.142836e+03 3.138677e+03
27.5 3.218866e+03 3.194623e+03 3.149741e+03 3.173984e+03
28.5 3.176344e+03 3.195294e+03 3.156540e+03 3.137589e+03
29.5 3.330060e+03 3.195705e+03 3.162199e+03 3.296554e+03
30.5 3.146189e+03 3.195914e+03 3.166944e+03 3.117219e+03
31.5 3.337010e+03 3.195691e+03 3.173758e+03 3.315078e+03
32.5 3.169139e+03 3.194546e+03 3.185224e+03 3.159817e+03
33.5 3.139254e+03 3.192506e+03 3.197787e+03 3.144535e+03
34.5 3.265587e+03 3.190234e+03 3.205387e+03 3.280740e+03
35.5 3.241394e+03 3.188339e+03 3.205876e+03 3.258931e+03
36.5 3.164665e+03 3.187061e+03 3.201074e+03 3.178678e+03
37.5 3.243170e+03 3.186361e+03 3.193971e+03 3.250780e+03
38.5 3.168637e+03 3.186097e+03 3.186835e+03 3.169376e+03
39.5 3.281393e+03 3.186130e+03 3.180790e+03 3.276053e+03
40.5 3.190644e+03 3.186358e+03 3.176128e+03 3.180413e+03
41.5 3.267803e+03 3.186712e+03 3.172737e+03 3.253828e+03
42.5 3.096270e+03 3.187146e+03 3.170390e+03 3.079515e+03
43.5 3.172325e+03 3.187626e+03 3.168870e+03 3.153569e+03
44.5 3.215860e+03 3.188127e+03 3.167996e+03 3.195729e+03
45.5 3.169443e+03 3.188630e+03 3.167616e+03 3.148429e+03
46.5 3.064658e+03 3.189123e+03 3.167593e+03 3.043127e+03
47.5 3.067711e+03 3.189599e+03 3.167808e+03 3.045919e+03
48.5 3.127357e+03 3.190058e+03 3.168157e+03 3.105457e+03
49.5 3.196435e+03 3.190497e+03 3.168557e+03 3.174495e+03
50.5 3.186216e+03 3.190224e+03 3.168490e+03 3.164482e+03
51.5 3.234906e+03 3.184376e+03 3.165083e+03 3.215612e+03
52.5 3.106354e+03 3.165839e+03 3.155982e+03 3.096497e+03
53.5 3.233952e+03 3.136765e+03 3.144962e+03 3.242149e+03
54.5 3.110386e+03 3.107735e+03 3.138263e+03 3.140915e+03
55.5 3.132651e+03 3.086540e+03 3.138186e+03 3.184296e+03
0.5 3.146189e+03 3.195914e+03 3.166944e+03 3.117219e+03
1.5 3.337010e+03 3.195691e+03 3.173758e+03 3.315078e+03
2.5 3.169139e+03 3.194546e+03 3.185224e+03 3.159817e+03
3.5 3.139254e+03 3.192506e+03 3.197787e+03 3.144535e+03
4.5 3.265587e+03 3.190234e+03 3.205387e+03 3.280740e+03
5.5 3.241394e+03 3.188339e+03 3.205876e+03 3.258931e+03
6.5 3.164665e+03 3.187061e+03 3.201074e+03 3.178678e+03
7.5 3.243170e+03 3.186361e+03 3.193971e+03 3.250780e+03
8.5 3.168637e+03 3.186097e+03 3.186835e+03 3.169376e+03
9.5 3.281393e+03 3.186130e+03 3.180790e+03 3.276053e+03
10.5 3.190644e+03 3.186358e+03 3.176128e+03 3.180413e+03
11.5 3.267803e+03 3.186712e+03 3.172737e+03 3.253828e+03
12.5 3.096270e+03 3.187146e+03 3.170390e+03 3.079515e+03
13.5 3.172325e+03 3.187626e+03 3.168870e+03 3.153569e+03
14.5 3.215860e+03 3.188127e+03 3.167996e+03 3.195729e+03
15.5 3.169443e+03 3.188630e+03 3.167616e+03 3.148429e+03
16.5 3.064658e+03 3.189123e+03 3.167593e+03 3.043127e+03
17.5 3.067711e+03 3.189599e+03 3.167808e+03 3.045919e+03
18.5 3.127357e+03 3.190058e+03 3.168157e+03 3.105457e+03
19.5 3.196435e+03 3.190497e+03 3.168557e+03 3.174495e+03
20.5 3.186216e+03 3.190224e+03 3.168490e+03 3.164482e+03
21.5 3.234906e+03 3.184376e+03 3.165083e+03 3.215612e+03
22.5 3.106354e+03 3.165839e+03 3.155982e+03 3.096497e+03
23.5 3.233952e+03 3.136765e+03 3.144962e+03 3.242149e+03
24.5 3.110386e+03 3.107735e+03 3.138263e+03 3.140915e+03
25.5 3.132651e+03 3.086540e+03 3.138186e+03 3.184296e+03
26.5 3.009775e+03 3.074703e+03 3.143042e+03 3.078114e+03
27.5 3.024717e+03 3.070086e+03 3.149963e+03 3.104593e+03
28.5 2.981051e+03 3.069866e+03 3.156780e+03 3.067965e+03
29.5 3.034491e+03 3.071926e+03 3.162453e+03 3.125018e+03
30.5 3.146818e+03 3.075270e+03 3.166746e+03 3.238294e+03
