0.5 2.636138e+03 2.636041e+03 2.724191e+03 2.724288e+03
1.5 2.651819e+03 2.641148e+03 2.729583e+03 2.740255e+03
2.5 2.681651e+03 2.659634e+03 2.743018e+03 2.765034e+03
3.5 2.738491e+03 2.690662e+03 2.759114e+03 2.806942e+03
4.5 2.714234e+03 2.723872e+03 2.768985e+03 2.759348e+03
5.5 2.763370e+03 2.750476e+03 2.769358e+03 2.782252e+03
6.5 2.742420e+03 2.767684e+03 2.762645e+03 2.737381e+03
7.5 2.742853e+03 2.776776e+03 2.752943e+03 2.719020e+03
8.5 2.769180e+03 2.780259e+03 2.743349e+03 2.732270e+03
9.5 2.779364e+03 2.780309e+03 2.735358e+03 2.734413e+03
10.5 2.792453e+03 2.778371e+03 2.729310e+03 2.743393e+03
11.5 2.793035e+03 2.775314e+03 2.725004e+03 2.742725e+03
12.5 2.798195e+03 2.771676e+03 2.722096e+03 2.748615e+03
13.5 2.779796e+03 2.767834e+03 2.720274e+03 2.732237e+03
14.5 2.811065e+03 2.764068e+03 2.719288e+03 2.766285e+03
15.5 2.777279e+03 2.760585e+03 2.718934e+03 2.735628e+03
16.5 2.779032e+03 2.757511e+03 2.719035e+03 2.740556e+03
17.5 2.764298e+03 2.754897e+03 2.719432e+03 2.728834e+03
18.5 2.766791e+03 2.752734e+03 2.719991e+03 2.734047e+03
19.5 2.759583e+03 2.750972e+03 2.720601e+03 2.729212e+03
20.5 2.731578e+03 2.749291e+03 2.720531e+03 2.702818e+03
21.5 2.707327e+03 2.745819e+03 2.715691e+03 2.677199e+03
22.5 2.737456e+03 2.737608e+03 2.702728e+03 2.702576e+03
23.5 2.727807e+03 2.725039e+03 2.687017e+03 2.689785e+03
24.5 2.702147e+03 2.711966e+03 2.677451e+03 2.667631e+03
25.5 2.703407e+03 2.701549e+03 2.677311e+03 2.679169e+03
26.5 2.677754e+03 2.694690e+03 2.684200e+03 2.667264e+03
27.5 2.688871e+03 2.690815e+03 2.694031e+03 2.692087e+03
28.5 2.677972e+03 2.688948e+03 2.703721e+03 2.692744e+03
29.5 2.673198e+03 2.688279e+03 2.711786e+03 2.696705e+03
30.5 2.680650e+03 2.688534e+03 2.718551e+03 2.710666e+03
31.5 2.683791e+03 2.691217e+03 2.728275e+03 2.720849e+03
32.5 2.727289e+03 2.699027e+03 2.744626e+03 2.772888e+03
33.5 2.717774e+03 2.711382e+03 2.762529e+03 2.768921e+03
34.5 2.675626e+03 2.724305e+03 2.773365e+03 2.724686e+03
35.5 2.717393e+03 2.734538e+03 2.774071e+03 2.756926e+03
36.5 2.693250e+03 2.741120e+03 2.767241e+03 2.719371e+03
37.5 2.672312e+03 2.744596e+03 2.757129e+03 2.684846e+03
38.5 2.706151e+03 2.745941e+03 2.746970e+03 2.707180e+03
39.5 2.724114e+03 2.745983e+03 2.738363e+03 2.716494e+03
40.5 2.729515e+03 2.745268e+03 2.731723e+03 2.715970e+03
41.5 2.705798e+03 2.744124e+03 2.726894e+03 2.688568e+03
42.5 2.747969e+03 2.742756e+03 2.723551e+03 2.728764e+03
43.5 2.764680e+03 2.741308e+03 2.721385e+03 2.744757e+03
44.5 2.737711e+03 2.739888e+03 2.720138e+03 2.717961e+03
45.5 2.767879e+03 2.738571e+03 2.719593e+03 2.748900e+03
46.5 2.732210e+03 2.737406e+03 2.719557e+03 2.714362e+03
47.5 2.753240e+03 2.736410e+03 2.719860e+03 2.736690e+03
48.5 2.772645e+03 2.735578e+03 2.720353e+03 2.757420e+03
49.5 2.753756e+03 2.734893e+03 2.720918e+03 2.739782e+03
50.5 2.748979e+03 2.734326e+03 2.720818e+03 2.735471e+03
51.5 2.757348e+03 2.733863e+03 2.715958e+03 2.739443e+03
52.5 2.716740e+03 2.733586e+03 2.702983e+03 2.686136e+03
53.5 2.702484e+03 2.733600e+03 2.687266e+03 2.656150e+03
54.5 2.704815e+03 2.733867e+03 2.677697e+03 2.648645e+03
55.5 2.738733e+03 2.734248e+03 2.677556e+03 2.682041e+03
0.5 2.680650e+03 2.688534e+03 2.718551e+03 2.710666e+03
1.5 2.683791e+03 2.691217e+03 2.728275e+03 2.720849e+03
2.5 2.727289e+03 2.699027e+03 2.744626e+03 2.772888e+03
3.5 2.717774e+03 2.711382e+03 2.762529e+03 2.768921e+03
4.5 2.675626e+03 2.724305e+03 2.773365e+03 2.724686e+03
5.5 2.717393e+03 2.734538e+03 2.774071e+03 2.756926e+03
6.5 2.693250e+03 2.741120e+03 2.767241e+03 2.719371e+03
7.5 2.672312e+03 2.744596e+03 2.757129e+03 2.684846e+03
8.5 2.706151e+03 2.745941e+03 2.746970e+03 2.707180e+03
9.5 2.724114e+03 2.745983e+03 2.738363e+03 2.716494e+03
10.5 2.729515e+03 2.745268e+03 2.731723e+03 2.715970e+03
11.5 2.705798e+03 2.744124e+03 2.726894e+03 2.688568e+03
12.5 2.747969e+03 2.742756e+03 2.723551e+03 2.728764e+03
13.5 2.764680e+03 2.741308e+03 2.721385e+03 2.744757e+03
14.5 2.737711e+03 2.739888e+03 2.720138e+03 2.717961e+03
15.5 2.767879e+03 2.738571e+03 2.719593e+03 2.748900e+03
16.5 2.732210e+03 2.737406e+03 2.719557e+03 2.714362e+03
17.5 2.753240e+03 2.736410e+03 2.719860e+03 2.736690e+03
18.5 2.772645e+03 2.735578e+03 2.720353e+03 2.757420e+03
19.5 2.753756e+03 2.734893e+03 2.720918e+03 2.739782e+03
20.5 2.748979e+03 2.734326e+03 2.720818e+03 2.735471e+03
21.5 2.757348e+03 2.733863e+03 2.715958e+03 2.739443e+03
22.5 2.716740e+03 2.733586e+03 2.702983e+03 2.686136e+03
23.5 2.702484e+03 2.733600e+03 2.687266e+03 2.656150e+03
24.5 2.704815e+03 2.733867e+03 2.677697e+03 2.648645e+03
25.5 2.738733e+03 2.734248e+03 2.677556e+03 2.682041e+03
26.5 2.732018e+03 2.734601e+03 2.684441e+03 2.681858e+03
27.5 2.714874e+03 2.734845e+03 2.694269e+03 2.674298e+03
28.5 2.741098e+03 2.734959e+03 2.703953e+03 2.710092e+03
29.5 2.700575e+03 2.734954e+03 2.712012e+03 2.677633e+03
30.5 2.690353e+03 2.734857e+03 2.718769e+03 2.674265e+03
31.5 2.734227e+03 2.734684e+03 2.728475e+03 2.728018e+03
32.5 2.734544e+03 2.734349e+03 2.744809e+03 2.745003e+03
33.5 2.751048e+03 2.733747e+03 2.762707e+03 2.780008e+03
34.5 2.724059e+03 2.732913e+03 2.773538e+03 2.764683e+03
35.5 2.729519e+03 2.731989e+03 2.774239e+03 2.771769e+03
36.5 2.719606e+03 2.731114e+03 2.767403e+03 2.755896e+03
37.5 2.706982e+03 2.730371e+03 2.757287e+03 2.733898e+03
38.5 2.728608e+03 2.729784e+03 2.747123e+03 2.745948e+03
39.5 2.738350e+03 2.729339e+03 2.738511e+03 2.747522e+03
40.5 2.722717e+03 2.729011e+03 2.731868e+03 2.725574e+03
41.5 2.718071e+03 2.728771e+03 2.727034e+03 2.716334e+03
42.5 2.720720e+03 2.728596e+03 2.723687e+03 2.715812e+03
43.5 2.690524e+03 2.728466e+03 2.721517e+03 2.683575e+03
44.5 2.730432e+03 2.728368e+03 2.720266e+03 2.722331e+03
45.5 2.742466e+03 2.728289e+03 2.719718e+03 2.733895e+03
46.5 2.722289e+03 2.728220e+03 2.719678e+03 2.713748e+03
47.5 2.767374e+03 2.728155e+03 2.719977e+03 2.759196e+03
48.5 2.734676e+03 2.728090e+03 2.720467e+03 2.727053e+03
49.5 2.733734e+03 2.728023e+03 2.721029e+03 2.726741e+03
50.5 2.759266e+03 2.727952e+03 2.720925e+03 2.752239e+03
51.5 2.745251e+03 2.727889e+03 2.716063e+03 2.733424e+03
52.5 2.722556e+03 2.727943e+03 2.703085e+03 2.697698e+03
53.5 2.719380e+03 2.728235e+03 2.687365e+03 2.678510e+03
54.5 2.705822e+03 2.728747e+03 2.677794e+03 2.654870e+03
55.5 2.751265e+03 2.729348e+03 2.677650e+03 2.699567e+03
0.5 2.690353e+03 2.734857e+03 2.718769e+03 2.674265e+03
1.5 2.734227e+03 2.734684e+03 2.728475e+03 2.728018e+03
2.5 2.734544e+03 2.734349e+03 2.744809e+03 2.745003e+03
3.5 2.751048e+03 2.733747e+03 2.762707e+03 2.780008e+03
4.5 2.724059e+03 2.732913e+03 2.773538e+03 2.764683e+03
5.5 2.729519e+03 2.731989e+03 2.774239e+03 2.771769e+03
6.5 2.719606e+03 2.731114e+03 2.767403e+03 2.755896e+03
7.5 2.706982e+03 2.730371e+03 2.757287e+03 2.733898e+03
8.5 2.728608e+03 2.729784e+03 2.747123e+03 2.745948e+03
9.5 2.738350e+03 2.729339e+03 2.738511e+03 2.747522e+03
10.5 2.722717e+03 2.729011e+03 2.731868e+03 2.725574e+03
11.5 2.718071e+03 2.728771e+03 2.727034e+03 2.716334e+03
12.5 2.720720e+03 2.728596e+03 2.723687e+03 2.715812e+03
13.5 2.690524e+03 2.728466e+03 2.721517e+03 2.683575e+03
14.5 2.730432e+03 2.728368e+03 2.720266e+03 2.722331e+03
15.5 2.742466e+03 2.728289e+03 2.719718e+03 2.733895e+03
16.5 2.722289e+03 2.728220e+03 2.719678e+03 2.713748e+03
17.5 2.767374e+03 2.728155e+03 2.719977e+03 2.759196e+03
18.5 2.734676e+03 2.728090e+03 2.720467e+03 2.727053e+03
19.5 2.733734e+03 2.728023e+03 2.721029e+03 2.726741e+03
20.5 2.759266e+03 2.727952e+03 2.720925e+03 2.752239e+03
21.5 2.745251e+03 2.727889e+03 2.716063e+03 2.733424e+03
22.5 2.722556e+03 2.727943e+03 2.703085e+03 2.697698e+03
23.5 2.719380e+03 2.728235e+03 2.687365e+03 2.678510e+03
24.5 2.705822e+03 2.728747e+03 2.677794e+03 2.654870e+03
25.5 2.751265e+03 2.729348e+03 2.677650e+03 2.699567e+03
26.5 2.734722e+03 2.729906e+03 2.684533e+03 2.689349e+03
27.5 2.744208e+03 2.730345e+03 2.694358e+03 2.708221e+03
28.5 2.729227e+03 2.730646e+03 2.704040e+03 2.702622e+03
29.5 2.734069e+03 2.730821e+03 2.712097e+03 2.715345e+03
30.5 2.729596e+03 2.730901e+03 2.718852e+03 2.717547e+03
31.5 2.701110e+03 2.730900e+03 2.728556e+03 2.698766e+03
32.5 2.702448e+03 2.730733e+03 2.744888e+03 2.716603e+03
33.5 2.727167e+03 2.730296e+03 2.762784e+03 2.759655e+03
34.5 2.718622e+03 2.729623e+03 2.773613e+03 2.762612e+03
35.5 2.730136e+03 2.728857e+03 2.774313e+03 2.775592e+03
36.5 2.736031e+03 2.728136e+03 2.767476e+03 2.775370e+03
37.5 2.731607e+03 2.727545e+03 2.757358e+03 2.761420e+03
38.5 2.735432e+03 2.727106e+03 2.747193e+03 2.755519e+03
39.5 2.746255e+03 2.726806e+03 2.738580e+03 2.758029e+03
40.5 2.735030e+03 2.726620e+03 2.731935e+03 2.740345e+03
41.5 2.721070e+03 2.726519e+03 2.727101e+03 2.721652e+03
42.5 2.739412e+03 2.726480e+03 2.723753e+03 2.736685e+03
43.5 2.718032e+03 2.726483e+03 2.721582e+03 2.713131e+03
44.5 2.743578e+03 2.726515e+03 2.720330e+03 2.737394e+03
45.5 2.738774e+03 2.726563e+03 2.719781e+03 2.731992e+03
46.5 2.761727e+03 2.726618e+03 2.719741e+03 2.754850e+03
47.5 2.746102e+03 2.726675e+03 2.720039e+03 2.739466e+03
48.5 2.720186e+03 2.726729e+03 2.720529e+03 2.713986e+03
49.5 2.719266e+03 2.726778e+03 2.721091e+03 2.713578e+03
50.5 2.682260e+03 2.726569e+03 2.720986e+03 2.676677e+03
51.5 2.664300e+03 2.724308e+03 2.716123e+03 2.656116e+03
52.5 2.711414e+03 2.717110e+03 2.703145e+03 2.697449e+03
53.5 2.718297e+03 2.705417e+03 2.687426e+03 2.700305e+03
54.5 2.707057e+03 2.693124e+03 2.677854e+03 2.691787e+03
55.5 2.720223e+03 2.683421e+03 2.677711e+03 2.714512e+03
0.5 2.729596e+03 2.730901e+03 2.718852e+03 2.717547e+03
1.5 2.701110e+03 2.730900e+03 2.728556e+03 2.698766e+03
2.5 2.702448e+03 2.730733e+03 2.744888e+03 2.716603e+03
3.5 2.727167e+03 2.730296e+03 2.762784e+03 2.759655e+03
4.5 2.718622e+03 2.729623e+03 2.773613e+03 2.762612e+03
5.5 2.730136e+03 2.728857e+03 2.774313e+03 2.775592e+03
6.5 2.736031e+03 2.728136e+03 2.767476e+03 2.775370e+03
7.5 2.731607e+03 2.727545e+03 2.757358e+03 2.761420e+03
8.5 2.735432e+03 2.727106e+03 2.747193e+03 2.755519e+03
9.5 2.746255e+03 2.726806e+03 2.738580e+03 2.758029e+03
10.5 2.735030e+03 2.726620e+03 2.731935e+03 2.740345e+03
11.5 2.721070e+03 2.726519e+03 2.727101e+03 2.721652e+03
12.5 2.739412e+03 2.726480e+03 2.723753e+03 2.736685e+03
13.5 2.718032e+03 2.726483e+03 2.721582e+03 2.713131e+03
14.5 2.743578e+03 2.726515e+03 2.720330e+03 2.737394e+03
15.5 2.738774e+03 2.726563e+03 2.719781e+03 2.731992e+03
16.5 2.761727e+03 2.726618e+03 2.719741e+03 2.754850e+03
17.5 2.746102e+03 2.726675e+03 2.720039e+03 2.739466e+03
18.5 2.720186e+03 2.726729e+03 2.720529e+03 2.713986e+03
19.5 2.719266e+03 2.726778e+03 2.721091e+03 2.713578e+03
20.5 2.682260e+03 2.726569e+03 2.720986e+03 2.676677e+03
21.5 2.664300e+03 2.724308e+03 2.716123e+03 2.656116e+03
22.5 2.711414e+03 2.717110e+03 2.703145e+03 2.697449e+03
23.5 2.718297e+03 2.705417e+03 2.687426e+03 2.700305e+03
24.5 2.707057e+03 2.693124e+03 2.677854e+03 2.691787e+03
25.5 2.720223e+03 2.683421e+03 2.677711e+03 2.714512e+03
26.5 2.686302e+03 2.677231e+03 2.684594e+03 2.693665e+03
27.5 2.687405e+03 2.673993e+03 2.694419e+03 2.707831e+03
28.5 2.678791e+03 2.672740e+03 2.704102e+03 2.710153e+03
29.5 2.631365e+03 2.672667e+03 2.712159e+03 2.670858e+03
30.5 2.632289e+03 2.673503e+03 2.718915e+03 2.677701e+03
31.5 2.639117e+03 2.676744e+03 2.728619e+03 2.690992e+03
32.5 2.707398e+03 2.685093e+03 2.744951e+03 2.767256e+03
33.5 2.739500e+03 2.697986e+03 2.762849e+03 2.804363e+03
34.5 2.735098e+03 2.711437e+03 2.773679e+03 2.797340e+03
35.5 2.765051e+03 2.722187e+03 2.774379e+03 2.817243e+03
36.5 2.767324e+03 2.729277e+03 2.767543e+03 2.805590e+03
37.5 2.752994e+03 2.733251e+03 2.757427e+03 2.777169e+03
38.5 2.727637e+03 2.735086e+03 2.747262e+03 2.739813e+03
39.5 2.711138e+03 2.735609e+03 2.738651e+03 2.714180e+03
40.5 2.734619e+03 2.735365e+03 2.732007e+03 2.731261e+03
41.5 2.711048e+03 2.734684e+03 2.727174e+03 2.703538e+03
42.5 2.713235e+03 2.733771e+03 2.723828e+03 2.703292e+03
43.5 2.696250e+03 2.732769e+03 2.721659e+03 2.685139e+03
44.5 2.740666e+03 2.731786e+03 2.720409e+03 2.729289e+03
45.5 2.723031e+03 2.730899e+03 2.719861e+03 2.711994e+03
46.5 2.778123e+03 2.730155e+03 2.719823e+03 2.767792e+03
47.5 2.739458e+03 2.729572e+03 2.720123e+03 2.730009e+03
48.5 2.781897e+03 2.729146e+03 2.720615e+03 2.773365e+03
49.5 2.714500e+03 2.728859e+03 2.721179e+03 2.706820e+03
50.5 2.724698e+03 2.728684e+03 2.721077e+03 2.717091e+03
51.5 2.725973e+03 2.728605e+03 2.716216e+03 2.713584e+03
52.5 2.746778e+03 2.728706e+03 2.703241e+03 2.721313e+03
53.5 2.752525e+03 2.729090e+03 2.687523e+03 2.710958e+03
54.5 2.737687e+03 2.729721e+03 2.677955e+03 2.685921e+03
55.5 2.740817e+03 2.730459e+03 2.677814e+03 2.688171e+03
0.5 2.632289e+03 2.673503e+03 2.718915e+03 2.677701e+03
1.5 2.639117e+03 2.676744e+03 2.728619e+03 2.690992e+03
2.5 2.707398e+03 2.685093e+03 2.744951e+03 2.767256e+03
3.5 2.739500e+03 2.697986e+03 2.762849e+03 2.804363e+03
4.5 2.735098e+03 2.711437e+03 2.773679e+03 2.797340e+03
5.5 2.765051e+03 2.722187e+03 2.774379e+03 2.817243e+03
6.5 2.767324e+03 2.729277e+03 2.767543e+03 2.805590e+03
7.5 2.752994e+03 2.733251e+03 2.757427e+03 2.777169e+03
8.5 2.727637e+03 2.735086e+03 2.747262e+03 2.739813e+03
9.5 2.711138e+03 2.735609e+03 2.738651e+03 2.714180e+03
10.5 2.734619e+03 2.735365e+03 2.732007e+03 2.731261e+03
11.5 2.711048e+03 2.734684e+03 2.727174e+03 2.703538e+03
12.5 2.713235e+03 2.733771e+03 2.723828e+03 2.703292e+03
13.5 2.696250e+03 2.732769e+03 2.721659e+03 2.685139e+03
14.5 2.740666e+03 2.731786e+03 2.720409e+03 2.729289e+03
15.5 2.723031e+03 2.730899e+03 2.719861e+03 2.711994e+03
16.5 2.778123e+03 2.730155e+03 2.719823e+03 2.767792e+03
17.5 2.739458e+03 2.729572e+03 2.720123e+03 2.730009e+03
18.5 2.781897e+03 2.729146e+03 2.720615e+03 2.773365e+03
19.5 2.714500e+03 2.728859e+03 2.721179e+03 2.706820e+03
20.5 2.724698e+03 2.728684e+03 2.721077e+03 2.717091e+03
21.5 2.725973e+03 2.728605e+03 2.716216e+03 2.713584e+03
22.5 2.746778e+03 2.728706e+03 2.703241e+03 2.721313e+03
23.5 2.752525e+03 2.729090e+03 2.687523e+03 2.710958e+03
24.5 2.737687e+03 2.729721e+03 2.677955e+03 2.685921e+03
25.5 2.740817e+03 2.730459e+03 2.677814e+03 2.688171e+03
26.5 2.736025e+03 2.731177e+03 2.684709e+03 2.689557e+03
27.5 2.752490e+03 2.731797e+03 2.694548e+03 2.715241e+03
28.5 2.719709e+03 2.732269e+03 2.704235e+03 2.691675e+03
29.5 2.765683e+03 2.732619e+03 2.712298e+03 2.745362e+03
30.5 2.769030e+03 2.732872e+03 2.719058e+03 2.755216e+03
31.5 2.778091e+03 2.733046e+03 2.728767e+03 2.773813e+03
32.5 2.741827e+03 2.733052e+03 2.745104e+03 2.753879e+03
33.5 2.741922e+03 2.732785e+03 2.763003e+03 2.772140e+03
34.5 2.740275e+03 2.732277e+03 2.773832e+03 2.781830e+03
35.5 2.709008e+03 2.731667e+03 2.774528e+03 2.751869e+03
36.5 2.722626e+03 2.731098e+03 2.767687e+03 2.759216e+03
37.5 2.750298e+03 2.730652e+03 2.757567e+03 2.777212e+03
38.5 2.743857e+03 2.730355e+03 2.747400e+03 2.760901e+03
39.5 2.767427e+03 2.730196e+03 2.738787e+03 2.776018e+03
40.5 2.768596e+03 2.730148e+03 2.732143e+03 2.770591e+03
41.5 2.747398e+03 2.730186e+03 2.727312e+03 2.744524e+03
42.5 2.694220e+03 2.730286e+03 2.723969e+03 2.687902e+03
43.5 2.736102e+03 2.730430e+03 2.721804e+03 2.727476e+03
44.5 2.729578e+03 2.730603e+03 2.720558e+03 2.719533e+03
45.5 2.719411e+03 2.730793e+03 2.720016e+03 2.708633e+03
46.5 2.687418e+03 2.730993e+03 2.719983e+03 2.676409e+03
47.5 2.678961e+03 2.731196e+03 2.720289e+03 2.668054e+03
48.5 2.712948e+03 2.731398e+03 2.720787e+03 2.702336e+03
49.5 2.705371e+03 2.731597e+03 2.721357e+03 2.695132e+03
50.5 2.731589e+03 2.731541e+03 2.721261e+03 2.721309e+03
51.5 2.724797e+03 2.729434e+03 2.716407e+03 2.711770e+03
52.5 2.708232e+03 2.722395e+03 2.703440e+03 2.689277e+03
53.5 2.715848e+03 2.710866e+03 2.687738e+03 2.692720e+03
54.5 2.685926e+03 2.698745e+03 2.678194e+03 2.665375e+03
55.5 2.667270e+03 2.689225e+03 2.678084e+03 2.656129e+03
0.5 2.769030e+03 2.732872e+03 2.719058e+03 2.755216e+03
1.5 2.778091e+03 2.733046e+03 2.728767e+03 2.773813e+03
2.5 2.741827e+03 2.733052e+03 2.745104e+03 2.753879e+03
3.5 2.741922e+03 2.732785e+03 2.763003e+03 2.772140e+03
4.5 2.740275e+03 2.732277e+03 2.773832e+03 2.781830e+03
5.5 2.709008e+03 2.731667e+03 2.774528e+03 2.751869e+03
6.5 2.722626e+03 2.731098e+03 2.767687e+03 2.759216e+03
7.5 2.750298e+03 2.730652e+03 2.757567e+03 2.777212e+03
8.5 2.743857e+03 2.730355e+03 2.747400e+03 2.760901e+03
9.5 2.767427e+03 2.730196e+03 2.738787e+03 2.776018e+03
10.5 2.768596e+03 2.730148e+03 2.732143e+03 2.770591e+03
11.5 2.747398e+03 2.730186e+03 2.727312e+03 2.744524e+03
12.5 2.694220e+03 2.730286e+03 2.723969e+03 2.687902e+03
13.5 2.736102e+03 2.730430e+03 2.721804e+03 2.727476e+03
14.5 2.729578e+03 2.730603e+03 2.720558e+03 2.719533e+03
15.5 2.719411e+03 2.730793e+03 2.720016e+03 2.708633e+03
16.5 2.687418e+03 2.730993e+03 2.719983e+03 2.676409e+03
17.5 2.678961e+03 2.731196e+03 2.720289e+03 2.668054e+03
18.5 2.712948e+03 2.731398e+03 2.720787e+03 2.702336e+03
19.5 2.705371e+03 2.731597e+03 2.721357e+03 2.695132e+03
20.5 2.731589e+03 2.731541e+03 2.721261e+03 2.721309e+03
21.5 2.724797e+03 2.729434e+03 2.716407e+03 2.711770e+03
22.5 2.708232e+03 2.722395e+03 2.703440e+03 2.689277e+03
23.5 2.715848e+03 2.710866e+03 2.687738e+03 2.692720e+03
24.5 2.685926e+03 2.698745e+03 2.678194e+03 2.665375e+03
25.5 2.667270e+03 2.689225e+03 2.678084e+03 2.656129e+03
26.5 2.646550e+03 2.683227e+03 2.685003e+03 2.648327e+03
27.5 2.661221e+03 2.680189e+03 2.694864e+03 2.675896e+03
28.5 2.662909e+03 2.679143e+03 2.704578e+03 2.688343e+03
29.5 2.716477e+03 2.679280e+03 2.712660e+03 2.749856e+03
30.5 2.726510e+03 2.679670e+03 2.718777e+03 2.765617e+03
