0.5 9.347891e+03 9.272718e+03 9.311373e+03 9.386546e+03
1.5 9.323491e+03 9.280499e+03 9.308320e+03 9.351313e+03
2.5 9.339763e+03 9.301501e+03 9.300756e+03 9.339017e+03
3.5 9.327368e+03 9.334193e+03 9.291811e+03 9.284987e+03
4.5 9.367998e+03 9.367793e+03 9.286535e+03 9.286740e+03
5.5 9.401966e+03 9.393816e+03 9.286716e+03 9.294865e+03
6.5 9.385546e+03 9.410117e+03 9.290905e+03 9.266335e+03
7.5 9.437818e+03 9.418512e+03 9.296727e+03 9.316033e+03
8.5 9.416823e+03 9.421779e+03 9.302407e+03 9.297452e+03
9.5 9.432791e+03 9.422131e+03 9.307103e+03 9.317763e+03
10.5 9.414069e+03 9.420237e+03 9.311012e+03 9.304843e+03
11.5 9.396481e+03 9.411846e+03 9.316565e+03 9.301201e+03
12.5 9.381044e+03 9.389665e+03 9.325803e+03 9.317183e+03
13.5 9.388549e+03 9.355631e+03 9.335774e+03 9.368691e+03
14.5 9.349545e+03 9.320774e+03 9.341589e+03 9.370360e+03
15.5 9.353426e+03 9.293763e+03 9.341582e+03 9.401245e+03
16.5 9.318555e+03 9.276851e+03 9.337307e+03 9.379010e+03
17.5 9.335365e+03 9.268255e+03 9.331234e+03 9.398343e+03
18.5 9.356474e+03 9.265175e+03 9.325217e+03 9.416516e+03
19.5 9.310642e+03 9.265334e+03 9.320159e+03 9.365467e+03
20.5 9.330418e+03 9.267286e+03 9.316283e+03 9.379415e+03
21.5 9.332920e+03 9.270197e+03 9.313484e+03 9.376207e+03
22.5 9.279751e+03 9.273567e+03 9.311564e+03 9.317748e+03
23.5 9.259604e+03 9.277053e+03 9.310336e+03 9.292888e+03
24.5 9.255398e+03 9.280400e+03 9.309646e+03 9.284644e+03
25.5 9.270336e+03 9.283428e+03 9.309363e+03 9.296272e+03
26.5 9.235042e+03 9.286033e+03 9.309373e+03 9.258382e+03
27.5 9.237312e+03 9.288183e+03 9.309575e+03 9.258703e+03
28.5 9.227502e+03 9.289903e+03 9.309882e+03 9.247481e+03
29.5 9.207958e+03 9.291251e+03 9.310229e+03 9.226936e+03
30.5 9.281645e+03 9.292441e+03 9.310567e+03 9.299771e+03
31.5 9.259010e+03 9.294322e+03 9.310868e+03 9.275556e+03
32.5 9.309616e+03 9.297135e+03 9.311120e+03 9.323601e+03
33.5 9.321918e+03 9.299250e+03 9.311320e+03 9.333988e+03
34.5 9.304558e+03 9.298979e+03 9.311472e+03 9.317050e+03
35.5 9.295121e+03 9.296294e+03 9.311583e+03 9.310410e+03
36.5 9.315970e+03 9.292337e+03 9.311663e+03 9.335295e+03
37.5 9.287327e+03 9.288322e+03 9.311718e+03 9.310723e+03
38.5 9.289451e+03 9.284984e+03 9.311757e+03 9.316223e+03
39.5 9.319352e+03 9.282567e+03 9.311783e+03 9.348569e+03
40.5 9.312388e+03 9.280875e+03 9.311801e+03 9.343315e+03
41.5 9.308443e+03 9.278963e+03 9.311814e+03 9.341294e+03
42.5 9.283949e+03 9.276479e+03 9.311823e+03 9.319293e+03
43.5 9.267279e+03 9.274956e+03 9.311830e+03 9.304153e+03
44.5 9.293003e+03 9.276003e+03 9.311836e+03 9.328836e+03
45.5 9.257753e+03 9.279581e+03 9.311841e+03 9.290013e+03
0.5 9.363883e+03 9.303154e+03 9.311571e+03 9.372299e+03
1.5 9.346843e+03 9.309258e+03 9.308522e+03 9.346107e+03
2.5 9.360514e+03 9.328835e+03 9.300963e+03 9.332641e+03
3.5 9.346650e+03 9.360276e+03 9.292024e+03 9.278398e+03
4.5 9.403057e+03 9.392744e+03 9.286754e+03 9.297066e+03
5.5 9.437942e+03 9.417716e+03 9.286940e+03 9.307166e+03
6.5 9.440464e+03 9.433018e+03 9.291133e+03 9.298579e+03
7.5 9.532993e+03 9.440452e+03 9.296957e+03 9.389498e+03
8.5 9.489125e+03 9.442786e+03 9.302637e+03 9.348977e+03
9.5 9.491574e+03 9.442226e+03 9.307333e+03 9.356682e+03
10.5 9.504448e+03 9.439438e+03 9.311240e+03 9.376250e+03
11.5 9.452006e+03 9.430187e+03 9.316785e+03 9.338604e+03
12.5 9.398220e+03 9.407178e+03 9.326013e+03 9.317056e+03
13.5 9.316568e+03 9.372308e+03 9.335984e+03 9.280243e+03
14.5 9.302734e+03 9.336626e+03 9.341798e+03 9.307906e+03
15.5 9.271398e+03 9.308802e+03 9.341790e+03 9.304385e+03
16.5 9.265296e+03 9.291089e+03 9.337514e+03 9.311720e+03
17.5 9.296437e+03 9.281703e+03 9.331439e+03 9.346174e+03
18.5 9.310322e+03 9.277842e+03 9.325420e+03 9.357900e+03
19.5 9.321078e+03 9.277231e+03 9.320361e+03 9.364208e+03
20.5 9.333850e+03 9.278424e+03 9.316483e+03 9.371909e+03
21.5 9.318730e+03 9.280587e+03 9.313681e+03 9.351824e+03
22.5 9.307532e+03 9.283220e+03 9.311759e+03 9.336071e+03
23.5 9.293088e+03 9.285978e+03 9.310529e+03 9.317639e+03
24.5 9.292269e+03 9.288608e+03 9.309836e+03 9.313497e+03
25.5 9.273858e+03 9.290928e+03 9.309551e+03 9.292481e+03
26.5 9.269958e+03 9.292835e+03 9.309558e+03 9.286681e+03
27.5 9.284755e+03 9.294297e+03 9.309758e+03 9.300215e+03
28.5 9.240203e+03 9.295338e+03 9.310062e+03 9.254927e+03
29.5 9.311979e+03 9.296015e+03 9.310406e+03 9.326370e+03
30.5 9.288384e+03 9.296544e+03 9.310741e+03 9.302582e+03
31.5 9.287428e+03 9.297772e+03 9.311040e+03 9.300696e+03
32.5 9.267469e+03 9.299941e+03 9.311289e+03 9.278818e+03
33.5 9.250339e+03 9.301419e+03 9.311486e+03 9.260406e+03
34.5 9.288905e+03 9.300519e+03 9.311635e+03 9.300022e+03
35.5 9.267198e+03 9.297212e+03 9.311744e+03 9.281730e+03
36.5 9.250706e+03 9.292620e+03 9.311821e+03 9.269907e+03
37.5 9.280835e+03 9.287955e+03 9.311874e+03 9.304755e+03
38.5 9.290336e+03 9.283991e+03 9.311910e+03 9.318255e+03
39.5 9.267535e+03 9.280951e+03 9.311934e+03 9.298517e+03
40.5 9.279034e+03 9.278642e+03 9.311950e+03 9.312342e+03
41.5 9.238368e+03 9.276116e+03 9.311961e+03 9.274213e+03
42.5 9.285606e+03 9.273024e+03 9.311968e+03 9.324550e+03
43.5 9.262408e+03 9.270900e+03 9.311973e+03 9.303481e+03
44.5 9.224776e+03 9.271358e+03 9.311977e+03 9.265394e+03
45.5 9.284097e+03 9.274361e+03 9.311980e+03 9.321717e+03
0.5 9.311639e+03 9.289403e+03 9.311652e+03 9.333888e+03
1.5 9.294218e+03 9.295141e+03 9.308607e+03 9.307684e+03
2.5 9.311399e+03 9.314342e+03 9.301054e+03 9.298110e+03
3.5 9.377224e+03 9.345389e+03 9.292125e+03 9.323960e+03
4.5 9.418219e+03 9.377437e+03 9.286869e+03 9.327651e+03
5.5 9.418863e+03 9.401960e+03 9.287074e+03 9.303976e+03
6.5 9.462269e+03 9.416789e+03 9.291287e+03 9.336767e+03
7.5 9.437106e+03 9.423728e+03 9.297131e+03 9.310509e+03
8.5 9.372964e+03 9.425546e+03 9.302828e+03 9.250246e+03
9.5 9.342012e+03 9.424458e+03 9.307539e+03 9.225092e+03
10.5 9.300759e+03 9.422211e+03 9.311458e+03 9.190006e+03
