0.5 1.161439e+03 1.025336e+03 1.062478e+03 1.198581e+03
1.5 1.272942e+03 1.046595e+03 1.062988e+03 1.289336e+03
2.5 1.397154e+03 1.111878e+03 1.072471e+03 1.357747e+03
3.5 9.522502e+02 1.205318e+03 1.098560e+03 8.454929e+02
4.5 1.424699e+03 1.285658e+03 1.138782e+03 1.277822e+03
5.5 1.256006e+03 1.329384e+03 1.183869e+03 1.110491e+03
6.5 1.219940e+03 1.338306e+03 1.225076e+03 1.106711e+03
7.5 1.425680e+03 1.325589e+03 1.257664e+03 1.357755e+03
8.5 1.280066e+03 1.303771e+03 1.280641e+03 1.256936e+03
9.5 1.181689e+03 1.280517e+03 1.295144e+03 1.196316e+03
10.5 1.336474e+03 1.259176e+03 1.303028e+03 1.380327e+03
11.5 1.099074e+03 1.240662e+03 1.306092e+03 1.164504e+03
12.5 1.152931e+03 1.224957e+03 1.305815e+03 1.233788e+03
13.5 1.114946e+03 1.211851e+03 1.303353e+03 1.206448e+03
14.5 1.093544e+03 1.201147e+03 1.299599e+03 1.191996e+03
15.5 1.298832e+03 1.192643e+03 1.295240e+03 1.401429e+03
16.5 1.394208e+03 1.186073e+03 1.290788e+03 1.498923e+03
17.5 1.032811e+03 1.181098e+03 1.286593e+03 1.138306e+03
18.5 1.138158e+03 1.177339e+03 1.282870e+03 1.243689e+03
19.5 1.222550e+03 1.174421e+03 1.279714e+03 1.327843e+03
20.5 9.389002e+02 1.170804e+03 1.277131e+03 1.045227e+03
21.5 1.245679e+03 1.158973e+03 1.273825e+03 1.360531e+03
22.5 8.251953e+02 1.134146e+03 1.262028e+03 9.530770e+02
23.5 1.303851e+03 1.107808e+03 1.234025e+03 1.430068e+03
24.5 1.207840e+03 1.095936e+03 1.192209e+03 1.304113e+03
25.5 1.014516e+03 1.102687e+03 1.145777e+03 1.057606e+03
26.5 1.317635e+03 1.121768e+03 1.103411e+03 1.299278e+03
27.5 9.314998e+02 1.144588e+03 1.069804e+03 8.567162e+02
28.5 1.110774e+03 1.165196e+03 1.045910e+03 9.914880e+02
29.5 1.172856e+03 1.181068e+03 1.030563e+03 1.022351e+03
30.5 9.733964e+02 1.193188e+03 1.021896e+03 8.021042e+02
31.5 1.240020e+03 1.209633e+03 1.019345e+03 1.049733e+03
32.5 1.123522e+03 1.235935e+03 1.029135e+03 9.167223e+02
33.5 1.230995e+03 1.261261e+03 1.057706e+03 1.027441e+03
34.5 1.366860e+03 1.270296e+03 1.101683e+03 1.198247e+03
35.5 1.434764e+03 1.259397e+03 1.151108e+03 1.326474e+03
36.5 1.393745e+03 1.235301e+03 1.196729e+03 1.355173e+03
37.5 1.206035e+03 1.206977e+03 1.233459e+03 1.232516e+03
38.5 1.173529e+03 1.180689e+03 1.260097e+03 1.252937e+03
39.5 1.326316e+03 1.159201e+03 1.277691e+03 1.444806e+03
40.5 1.026462e+03 1.142905e+03 1.288086e+03 1.171643e+03
41.5 1.160373e+03 1.131126e+03 1.293131e+03 1.322378e+03
42.5 1.173911e+03 1.122940e+03 1.294383e+03 1.345354e+03
43.5 9.577206e+02 1.117512e+03 1.293086e+03 1.133295e+03
44.5 1.124471e+03 1.114161e+03 1.290215e+03 1.300525e+03
45.5 9.444376e+02 1.112326e+03 1.286531e+03 1.118643e+03
46.5 9.857055e+02 1.111531e+03 1.282602e+03 1.156777e+03
47.5 9.059987e+02 1.111375e+03 1.278827e+03 1.073451e+03
48.5 9.167998e+02 1.111531e+03 1.275449e+03 1.080717e+03
49.5 1.003757e+03 1.111766e+03 1.272589e+03 1.164580e+03
50.5 1.008372e+03 1.113211e+03 1.270268e+03 1.165429e+03
51.5 1.160765e+03 1.126102e+03 1.267202e+03 1.301865e+03
52.5 1.429023e+03 1.171910e+03 1.255630e+03 1.512744e+03
53.5 1.126507e+03 1.255010e+03 1.227846e+03 1.099343e+03
54.5 1.419879e+03 1.353260e+03 1.186246e+03 1.252866e+03
55.5 1.492571e+03 1.442251e+03 1.140029e+03 1.190350e+03
0.5 9.733964e+02 1.193188e+03 1.021896e+03 8.021042e+02
1.5 1.240020e+03 1.209633e+03 1.019345e+03 1.049733e+03
2.5 1.123522e+03 1.235935e+03 1.029135e+03 9.167223e+02
3.5 1.230995e+03 1.261261e+03 1.057706e+03 1.027441e+03
4.5 1.366860e+03 1.270296e+03 1.101683e+03 1.198247e+03
5.5 1.434764e+03 1.259397e+03 1.151108e+03 1.326474e+03
6.5 1.393745e+03 1.235301e+03 1.196729e+03 1.355173e+03
7.5 1.206035e+03 1.206977e+03 1.233459e+03 1.232516e+03
8.5 1.173529e+03 1.180689e+03 1.260097e+03 1.252937e+03
9.5 1.326316e+03 1.159201e+03 1.277691e+03 1.444806e+03
10.5 1.026462e+03 1.142905e+03 1.288086e+03 1.171643e+03
11.5 1.160373e+03 1.131126e+03 1.293131e+03 1.322378e+03
12.5 1.173911e+03 1.122940e+03 1.294383e+03 1.345354e+03
13.5 9.577206e+02 1.117512e+03 1.293086e+03 1.133295e+03
14.5 1.124471e+03 1.114161e+03 1.290215e+03 1.300525e+03
15.5 9.444376e+02 1.112326e+03 1.286531e+03 1.118643e+03
16.5 9.857055e+02 1.111531e+03 1.282602e+03 1.156777e+03
17.5 9.059987e+02 1.111375e+03 1.278827e+03 1.073451e+03
18.5 9.167998e+02 1.111531e+03 1.275449e+03 1.080717e+03
19.5 1.003757e+03 1.111766e+03 1.272589e+03 1.164580e+03
20.5 1.008372e+03 1.113211e+03 1.270268e+03 1.165429e+03
21.5 1.160765e+03 1.126102e+03 1.267202e+03 1.301865e+03
22.5 1.429023e+03 1.171910e+03 1.255630e+03 1.512744e+03
23.5 1.126507e+03 1.255010e+03 1.227846e+03 1.099343e+03
24.5 1.419879e+03 1.353260e+03 1.186246e+03 1.252866e+03
25.5 1.492571e+03 1.442251e+03 1.140029e+03 1.190350e+03
26.5 1.550334e+03 1.509688e+03 1.097878e+03 1.138524e+03
27.5 1.611483e+03 1.554375e+03 1.064482e+03 1.121590e+03
28.5 1.548862e+03 1.580459e+03 1.040795e+03 1.009197e+03
29.5 1.468456e+03 1.593098e+03 1.025650e+03 9.010081e+02
30.5 1.628747e+03 1.595302e+03 1.017180e+03 1.050625e+03
31.5 1.467125e+03 1.579874e+03 1.014820e+03 9.020712e+02
32.5 1.271842e+03 1.527539e+03 1.024772e+03 7.690758e+02
33.5 1.486803e+03 1.435575e+03 1.053501e+03 1.104730e+03
34.5 1.174976e+03 1.327412e+03 1.097631e+03 9.451960e+02
35.5 1.467629e+03 1.228440e+03 1.147206e+03 1.386396e+03
36.5 1.162765e+03 1.151640e+03 1.192972e+03 1.204097e+03
37.5 1.238162e+03 1.098622e+03 1.229842e+03 1.369382e+03
38.5 1.446557e+03 1.065415e+03 1.256618e+03 1.637759e+03
39.5 9.669112e+02 1.046859e+03 1.274344e+03 1.194396e+03
40.5 1.338153e+03 1.038539e+03 1.284868e+03 1.584483e+03
41.5 9.833716e+02 1.037160e+03 1.290038e+03 1.236250e+03
42.5 1.057575e+03 1.040315e+03 1.291413e+03 1.308673e+03
43.5 9.850398e+02 1.046185e+03 1.290234e+03 1.229089e+03
44.5 9.425815e+02 1.053367e+03 1.287478e+03 1.176693e+03
45.5 7.432047e+02 1.060804e+03 1.283906e+03 9.663066e+02
46.5 1.055141e+03 1.067760e+03 1.280086e+03 1.267467e+03
47.5 1.058740e+03 1.073796e+03 1.276416e+03 1.261361e+03
48.5 8.306829e+02 1.078718e+03 1.273141e+03 1.025106e+03
49.5 1.099198e+03 1.082524e+03 1.270381e+03 1.287055e+03
50.5 1.043773e+03 1.086613e+03 1.268157e+03 1.225317e+03
51.5 1.037344e+03 1.101475e+03 1.265187e+03 1.201056e+03
52.5 1.318044e+03 1.148794e+03 1.253707e+03 1.422957e+03
53.5 1.300575e+03 1.233107e+03 1.226012e+03 1.293479e+03
54.5 1.564029e+03 1.332389e+03 1.184500e+03 1.416140e+03
55.5 1.485925e+03 1.422307e+03 1.138369e+03 1.201986e+03
0.5 1.628747e+03 1.595302e+03 1.017180e+03 1.050625e+03
1.5 1.467125e+03 1.579874e+03 1.014820e+03 9.020712e+02
2.5 1.271842e+03 1.527539e+03 1.024772e+03 7.690758e+02
3.5 1.486803e+03 1.435575e+03 1.053501e+03 1.104730e+03
4.5 1.174976e+03 1.327412e+03 1.097631e+03 9.451960e+02
5.5 1.467629e+03 1.228440e+03 1.147206e+03 1.386396e+03
6.5 1.162765e+03 1.151640e+03 1.192972e+03 1.204097e+03
7.5 1.238162e+03 1.098622e+03 1.229842e+03 1.369382e+03
8.5 1.446557e+03 1.065415e+03 1.256618e+03 1.637759e+03
9.5 9.669112e+02 1.046859e+03 1.274344e+03 1.194396e+03
10.5 1.338153e+03 1.038539e+03 1.284868e+03 1.584483e+03
11.5 9.833716e+02 1.037160e+03 1.290038e+03 1.236250e+03
12.5 1.057575e+03 1.040315e+03 1.291413e+03 1.308673e+03
13.5 9.850398e+02 1.046185e+03 1.290234e+03 1.229089e+03
14.5 9.425815e+02 1.053367e+03 1.287478e+03 1.176693e+03
15.5 7.432047e+02 1.060804e+03 1.283906e+03 9.663066e+02
16.5 1.055141e+03 1.067760e+03 1.280086e+03 1.267467e+03
17.5 1.058740e+03 1.073796e+03 1.276416e+03 1.261361e+03
18.5 8.306829e+02 1.078718e+03 1.273141e+03 1.025106e+03
19.5 1.099198e+03 1.082524e+03 1.270381e+03 1.287055e+03
20.5 1.043773e+03 1.086613e+03 1.268157e+03 1.225317e+03
21.5 1.037344e+03 1.101475e+03 1.265187e+03 1.201056e+03
22.5 1.318044e+03 1.148794e+03 1.253707e+03 1.422957e+03
23.5 1.300575e+03 1.233107e+03 1.226012e+03 1.293479e+03
24.5 1.564029e+03 1.332389e+03 1.184500e+03 1.416140e+03
25.5 1.485925e+03 1.422307e+03 1.138369e+03 1.201986e+03
26.5 1.564776e+03 1.490615e+03 1.096300e+03 1.170461e+03
27.5 1.833504e+03 1.536138e+03 1.062986e+03 1.360352e+03
28.5 1.647785e+03 1.563038e+03 1.039378e+03 1.124125e+03
29.5 1.491757e+03 1.576480e+03 1.024311e+03 9.395875e+02
30.5 1.725284e+03 1.579477e+03 1.015916e+03 1.161723e+03
31.5 1.310873e+03 1.564832e+03 1.013630e+03 7.596702e+02
32.5 1.449659e+03 1.513270e+03 1.023655e+03 9.600433e+02
33.5 1.455302e+03 1.422068e+03 1.052455e+03 1.085689e+03
34.5 1.201118e+03 1.314654e+03 1.096654e+03 9.831182e+02
35.5 1.300481e+03 1.216416e+03 1.146297e+03 1.230362e+03
36.5 1.264986e+03 1.140336e+03 1.192130e+03 1.316780e+03
37.5 1.023150e+03 1.088027e+03 1.229066e+03 1.164189e+03
38.5 1.334522e+03 1.055517e+03 1.255906e+03 1.534911e+03
39.5 1.056364e+03 1.037643e+03 1.273696e+03 1.292416e+03
40.5 1.147034e+03 1.029991e+03 1.284283e+03 1.401326e+03
41.5 1.161516e+03 1.029268e+03 1.289515e+03 1.421763e+03
42.5 1.090656e+03 1.033064e+03 1.290951e+03 1.348543e+03
43.5 1.281999e+03 1.039561e+03 1.289832e+03 1.532270e+03
44.5 8.288746e+02 1.047357e+03 1.287137e+03 1.068654e+03
45.5 1.150896e+03 1.055394e+03 1.283624e+03 1.379125e+03
46.5 1.104619e+03 1.062937e+03 1.279863e+03 1.321544e+03
47.5 1.032039e+03 1.069546e+03 1.276251e+03 1.238744e+03
48.5 1.262104e+03 1.075029e+03 1.273035e+03 1.460110e+03
49.5 1.214647e+03 1.079372e+03 1.270333e+03 1.405608e+03
50.5 1.010230e+03 1.081463e+03 1.268167e+03 1.196934e+03
51.5 1.068798e+03 1.074203e+03 1.265254e+03 1.259849e+03
52.5 9.461180e+02 1.053159e+03 1.253832e+03 1.146791e+03
53.5 8.400233e+02 1.030088e+03 1.226195e+03 1.036130e+03
54.5 7.819666e+02 1.021156e+03 1.184742e+03 9.455525e+02
55.5 1.085827e+03 1.030644e+03 1.138668e+03 1.193851e+03
0.5 1.725284e+03 1.579477e+03 1.015916e+03 1.161723e+03
1.5 1.310873e+03 1.564832e+03 1.013630e+03 7.596702e+02
2.5 1.449659e+03 1.513270e+03 1.023655e+03 9.600433e+02
3.5 1.455302e+03 1.422068e+03 1.052455e+03 1.085689e+03
4.5 1.201118e+03 1.314654e+03 1.096654e+03 9.831182e+02
5.5 1.300481e+03 1.216416e+03 1.146297e+03 1.230362e+03
6.5 1.264986e+03 1.140336e+03 1.192130e+03 1.316780e+03
7.5 1.023150e+03 1.088027e+03 1.229066e+03 1.164189e+03
8.5 1.334522e+03 1.055517e+03 1.255906e+03 1.534911e+03
9.5 1.056364e+03 1.037643e+03 1.273696e+03 1.292416e+03
10.5 1.147034e+03 1.029991e+03 1.284283e+03 1.401326e+03
11.5 1.161516e+03 1.029268e+03 1.289515e+03 1.421763e+03
12.5 1.090656e+03 1.033064e+03 1.290951e+03 1.348543e+03
13.5 1.281999e+03 1.039561e+03 1.289832e+03 1.532270e+03
14.5 8.288746e+02 1.047357e+03 1.287137e+03 1.068654e+03
15.5 1.150896e+03 1.055394e+03 1.283624e+03 1.379125e+03
16.5 1.104619e+03 1.062937e+03 1.279863e+03 1.321544e+03
17.5 1.032039e+03 1.069546e+03 1.276251e+03 1.238744e+03
18.5 1.262104e+03 1.075029e+03 1.273035e+03 1.460110e+03
19.5 1.214647e+03 1.079372e+03 1.270333e+03 1.405608e+03
20.5 1.010230e+03 1.081463e+03 1.268167e+03 1.196934e+03
21.5 1.068798e+03 1.074203e+03 1.265254e+03 1.259849e+03
22.5 9.461180e+02 1.053159e+03 1.253832e+03 1.146791e+03
23.5 8.400233e+02 1.030088e+03 1.226195e+03 1.036130e+03
24.5 7.819666e+02 1.021156e+03 1.184742e+03 9.455525e+02
25.5 1.085827e+03 1.030644e+03 1.138668e+03 1.193851e+03
26.5 1.221054e+03 1.052339e+03 1.096659e+03 1.265373e+03
27.5 1.277859e+03 1.077694e+03 1.063403e+03 1.263569e+03
28.5 8.879340e+02 1.100781e+03 1.039855e+03 8.270073e+02
29.5 1.539688e+03 1.119092e+03 1.024848e+03 1.445444e+03
30.5 1.315338e+03 1.133616e+03 1.016514e+03 1.198236e+03
31.5 1.052918e+03 1.152379e+03 1.014289e+03 9.148274e+02
32.5 1.231415e+03 1.180951e+03 1.024376e+03 1.074841e+03
33.5 1.075396e+03 1.208570e+03 1.053240e+03 9.200654e+02
34.5 1.305347e+03 1.219865e+03 1.097503e+03 1.182985e+03
35.5 1.039932e+03 1.211191e+03 1.147211e+03 9.759524e+02
36.5 9.985409e+02 1.189282e+03 1.193110e+03 1.002369e+03
37.5 1.302654e+03 1.163114e+03 1.230114e+03 1.369653e+03
38.5 1.161019e+03 1.138950e+03 1.257022e+03 1.279091e+03
39.5 8.703789e+02 1.119551e+03 1.274883e+03 1.025710e+03
40.5 9.362213e+02 1.105309e+03 1.285541e+03 1.116453e+03
41.5 9.156056e+02 1.095549e+03 1.290847e+03 1.110903e+03
42.5 1.113002e+03 1.089348e+03 1.292357e+03 1.316011e+03
43.5 1.077886e+03 1.085870e+03 1.291315e+03 1.283331e+03
44.5 7.628243e+02 1.084435e+03 1.288698e+03 9.670871e+02
45.5 1.140372e+03 1.084482e+03 1.285265e+03 1.341155e+03
46.5 9.383546e+02 1.085536e+03 1.281586e+03 1.134405e+03
47.5 1.070767e+03 1.087195e+03 1.278059e+03 1.261632e+03
48.5 1.329719e+03 1.089134e+03 1.274929e+03 1.515514e+03
49.5 1.158698e+03 1.091118e+03 1.272316e+03 1.339896e+03
50.5 1.167375e+03 1.094280e+03 1.270241e+03 1.343335e+03
51.5 1.246946e+03 1.108857e+03 1.267422e+03 1.405510e+03
52.5 1.147066e+03 1.156319e+03 1.256096e+03 1.246842e+03
53.5 1.292417e+03 1.241043e+03 1.228558e+03 1.279932e+03
54.5 1.275250e+03 1.340886e+03 1.187206e+03 1.121571e+03
55.5 1.279258e+03 1.431440e+03 1.141237e+03 9.890558e+02
0.5 1.315338e+03 1.133616e+03 1.016514e+03 1.198236e+03
1.5 1.052918e+03 1.152379e+03 1.014289e+03 9.148274e+02
2.5 1.231415e+03 1.180951e+03 1.024376e+03 1.074841e+03
3.5 1.075396e+03 1.208570e+03 1.053240e+03 9.200654e+02
4.5 1.305347e+03 1.219865e+03 1.097503e+03 1.182985e+03
5.5 1.039932e+03 1.211191e+03 1.147211e+03 9.759524e+02
6.5 9.985409e+02 1.189282e+03 1.193110e+03 1.002369e+03
7.5 1.302654e+03 1.163114e+03 1.230114e+03 1.369653e+03
8.5 1.161019e+03 1.138950e+03 1.257022e+03 1.279091e+03
9.5 8.703789e+02 1.119551e+03 1.274883e+03 1.025710e+03
10.5 9.362213e+02 1.105309e+03 1.285541e+03 1.116453e+03
11.5 9.156056e+02 1.095549e+03 1.290847e+03 1.110903e+03
12.5 1.113002e+03 1.089348e+03 1.292357e+03 1.316011e+03
13.5 1.077886e+03 1.085870e+03 1.291315e+03 1.283331e+03
14.5 7.628243e+02 1.084435e+03 1.288698e+03 9.670871e+02
15.5 1.140372e+03 1.084482e+03 1.285265e+03 1.341155e+03
16.5 9.383546e+02 1.085536e+03 1.281586e+03 1.134405e+03
17.5 1.070767e+03 1.087195e+03 1.278059e+03 1.261632e+03
18.5 1.329719e+03 1.089134e+03 1.274929e+03 1.515514e+03
19.5 1.158698e+03 1.091118e+03 1.272316e+03 1.339896e+03
20.5 1.167375e+03 1.094280e+03 1.270241e+03 1.343335e+03
21.5 1.246946e+03 1.108857e+03 1.267422e+03 1.405510e+03
22.5 1.147066e+03 1.156319e+03 1.256096e+03 1.246842e+03
23.5 1.292417e+03 1.241043e+03 1.228558e+03 1.279932e+03
24.5 1.275250e+03 1.340886e+03 1.187206e+03 1.121571e+03
25.5 1.279258e+03 1.431440e+03 1.141237e+03 9.890558e+02
26.5 1.632519e+03 1.500476e+03 1.099335e+03 1.231379e+03
27.5 1.772224e+03 1.546779e+03 1.066208e+03 1.291654e+03
28.5 1.757045e+03 1.574394e+03 1.042794e+03 1.225444e+03
29.5 1.605216e+03 1.588540e+03 1.027925e+03 1.044602e+03
30.5 1.431671e+03 1.592226e+03 1.019735e+03 8.591794e+02
31.5 1.509136e+03 1.578258e+03 1.017659e+03 9.485377e+02
32.5 1.420058e+03 1.527356e+03 1.027900e+03 9.206029e+02
33.5 1.142961e+03 1.436791e+03 1.056921e+03 7.630918e+02
34.5 1.600210e+03 1.329987e+03 1.101343e+03 1.371566e+03
35.5 1.260879e+03 1.232333e+03 1.151207e+03 1.179754e+03
36.5 1.215808e+03 1.156818e+03 1.197259e+03 1.256249e+03
37.5 1.239667e+03 1.105057e+03 1.234410e+03 1.369019e+03
38.5 9.841262e+02 1.073086e+03 1.261463e+03 1.172503e+03
39.5 1.142172e+03 1.055748e+03 1.279466e+03 1.365891e+03
40.5 1.153456e+03 1.048629e+03 1.290268e+03 1.395095e+03
41.5 9.339750e+02 1.048438e+03 1.295718e+03 1.181255e+03
42.5 1.132955e+03 1.052766e+03 1.297376e+03 1.377564e+03
43.5 1.289144e+03 1.059797e+03 1.296485e+03 1.525832e+03
44.5 1.116291e+03 1.068127e+03 1.294023e+03 1.342187e+03
45.5 1.107743e+03 1.076701e+03 1.290751e+03 1.321793e+03
46.5 1.218185e+03 1.084782e+03 1.287239e+03 1.420642e+03
47.5 1.041212e+03 1.091933e+03 1.283885e+03 1.233164e+03
48.5 1.035335e+03 1.097960e+03 1.280933e+03 1.218309e+03
49.5 9.606804e+02 1.102852e+03 1.278505e+03 1.136334e+03
50.5 1.122696e+03 1.105496e+03 1.276622e+03 1.293822e+03
51.5 9.615375e+02 1.098795e+03 1.274001e+03 1.136743e+03
52.5 1.291266e+03 1.078321e+03 1.262880e+03 1.475824e+03
53.5 1.062830e+03 1.055837e+03 1.235557e+03 1.242550e+03
54.5 1.083627e+03 1.047514e+03 1.194441e+03 1.230554e+03
55.5 1.120976e+03 1.057628e+03 1.148736e+03 1.212084e+03
0.5 1.431671e+03 1.592226e+03 1.019735e+03 8.591794e+02
1.5 1.509136e+03 1.578258e+03 1.017659e+03 9.485377e+02
2.5 1.420058e+03 1.527356e+03 1.027900e+03 9.206029e+02
3.5 1.142961e+03 1.436791e+03 1.056921e+03 7.630918e+02
4.5 1.600210e+03 1.329987e+03 1.101343e+03 1.371566e+03
5.5 1.260879e+03 1.232333e+03 1.151207e+03 1.179754e+03
6.5 1.215808e+03 1.156818e+03 1.197259e+03 1.256249e+03
7.5 1.239667e+03 1.105057e+03 1.234410e+03 1.369019e+03
8.5 9.841262e+02 1.073086e+03 1.261463e+03 1.172503e+03
9.5 1.142172e+03 1.055748e+03 1.279466e+03 1.365891e+03
10.5 1.153456e+03 1.048629e+03 1.290268e+03 1.395095e+03
11.5 9.339750e+02 1.048438e+03 1.295718e+03 1.181255e+03
12.5 1.132955e+03 1.052766e+03 1.297376e+03 1.377564e+03
13.5 1.289144e+03 1.059797e+03 1.296485e+03 1.525832e+03
14.5 1.116291e+03 1.068127e+03 1.294023e+03 1.342187e+03
15.5 1.107743e+03 1.076701e+03 1.290751e+03 1.321793e+03
16.5 1.218185e+03 1.084782e+03 1.287239e+03 1.420642e+03
17.5 1.041212e+03 1.091933e+03 1.283885e+03 1.233164e+03
18.5 1.035335e+03 1.097960e+03 1.280933e+03 1.218309e+03
19.5 9.606804e+02 1.102852e+03 1.278505e+03 1.136334e+03
20.5 1.122696e+03 1.105496e+03 1.276622e+03 1.293822e+03
21.5 9.615375e+02 1.098795e+03 1.274001e+03 1.136743e+03
22.5 1.291266e+03 1.078321e+03 1.262880e+03 1.475824e+03
23.5 1.062830e+03 1.055837e+03 1.235557e+03 1.242550e+03
24.5 1.083627e+03 1.047514e+03 1.194441e+03 1.230554e+03
25.5 1.120976e+03 1.057628e+03 1.148736e+03 1.212084e+03
26.5 1.128991e+03 1.079957e+03 1.107130e+03 1.156164e+03
27.5 9.973250e+02 1.105948e+03 1.074313e+03 9.656897e+02
28.5 1.082073e+03 1.129673e+03 1.051237e+03 1.003637e+03
29.5 9.487784e+02 1.148610e+03 1.036732e+03 8.369002e+02
30.5 1.136158e+03 1.160880e+03 1.028920e+03 1.004198e+03
