0.5 5.596209e+03 5.586800e+03 5.629504e+03 5.638914e+03
1.5 5.599536e+03 5.586308e+03 5.629136e+03 5.642364e+03
2.5 5.610523e+03 5.586558e+03 5.628219e+03 5.652184e+03
3.5 5.580883e+03 5.589003e+03 5.627120e+03 5.619000e+03
4.5 5.594505e+03 5.593898e+03 5.626446e+03 5.627053e+03
5.5 5.651389e+03 5.600144e+03 5.626421e+03 5.677666e+03
6.5 5.594109e+03 5.606328e+03 5.626879e+03 5.614661e+03
7.5 5.577927e+03 5.611495e+03 5.627541e+03 5.593973e+03
8.5 5.591752e+03 5.615293e+03 5.628196e+03 5.604655e+03
9.5 5.612314e+03 5.617781e+03 5.628742e+03 5.623275e+03
10.5 5.573727e+03 5.619201e+03 5.629155e+03 5.583681e+03
11.5 5.595042e+03 5.619823e+03 5.629449e+03 5.604667e+03
12.5 5.637640e+03 5.619883e+03 5.629647e+03 5.647404e+03
13.5 5.573593e+03 5.619565e+03 5.629772e+03 5.583800e+03
14.5 5.604442e+03 5.619013e+03 5.629839e+03 5.615268e+03
15.5 5.656706e+03 5.618341e+03 5.629863e+03 5.668229e+03
16.5 5.614067e+03 5.617631e+03 5.629856e+03 5.626292e+03
17.5 5.621487e+03 5.616945e+03 5.629829e+03 5.634371e+03
18.5 5.685317e+03 5.616323e+03 5.629791e+03 5.698784e+03
19.5 5.638957e+03 5.615787e+03 5.629749e+03 5.652919e+03
20.5 5.669740e+03 5.616083e+03 5.629754e+03 5.683411e+03
21.5 5.642244e+03 5.622530e+03 5.630084e+03 5.649799e+03
22.5 5.715034e+03 5.643742e+03 5.630969e+03 5.702261e+03
23.5 5.703983e+03 5.678534e+03 5.632042e+03 5.657491e+03
24.5 5.674887e+03 5.715365e+03 5.632695e+03 5.592216e+03
25.5 5.776609e+03 5.744672e+03 5.632704e+03 5.664642e+03
26.5 5.726035e+03 5.763587e+03 5.632234e+03 5.594682e+03
27.5 5.761757e+03 5.773683e+03 5.631563e+03 5.619637e+03
28.5 5.797716e+03 5.777793e+03 5.630902e+03 5.650825e+03
29.5 5.760120e+03 5.778310e+03 5.630351e+03 5.612161e+03
30.5 5.774887e+03 5.776053e+03 5.629889e+03 5.628723e+03
31.5 5.738979e+03 5.766603e+03 5.629225e+03 5.601601e+03
32.5 5.785830e+03 5.741894e+03 5.628109e+03 5.672045e+03
33.5 5.728676e+03 5.703514e+03 5.626887e+03 5.652050e+03
34.5 5.643425e+03 5.663263e+03 5.626147e+03 5.606309e+03
35.5 5.693850e+03 5.630900e+03 5.626099e+03 5.689050e+03
36.5 5.581708e+03 5.609405e+03 5.626565e+03 5.598868e+03
37.5 5.571387e+03 5.597245e+03 5.627256e+03 5.601398e+03
38.5 5.629309e+03 5.591560e+03 5.627949e+03 5.665698e+03
39.5 5.654350e+03 5.589895e+03 5.628537e+03 5.692992e+03
40.5 5.587695e+03 5.590607e+03 5.628990e+03 5.626077e+03
41.5 5.606485e+03 5.592700e+03 5.629320e+03 5.643104e+03
42.5 5.558361e+03 5.595544e+03 5.629548e+03 5.592365e+03
43.5 5.610716e+03 5.598695e+03 5.629696e+03 5.641717e+03
44.5 5.594274e+03 5.601822e+03 5.629781e+03 5.622232e+03
45.5 5.589906e+03 5.604684e+03 5.629818e+03 5.615040e+03
46.5 5.560166e+03 5.607135e+03 5.629820e+03 5.582852e+03
47.5 5.552408e+03 5.609113e+03 5.629800e+03 5.573094e+03
48.5 5.561080e+03 5.610628e+03 5.629766e+03 5.580219e+03
49.5 5.586912e+03 5.611732e+03 5.629728e+03 5.604908e+03
50.5 5.567985e+03 5.612674e+03 5.629734e+03 5.585045e+03
51.5 5.575125e+03 5.614589e+03 5.630066e+03 5.590603e+03
52.5 5.588585e+03 5.618418e+03 5.630952e+03 5.601119e+03
53.5 5.606760e+03 5.622812e+03 5.632025e+03 5.615973e+03
54.5 5.590658e+03 5.625491e+03 5.632678e+03 5.597845e+03
55.5 5.637900e+03 5.625633e+03 5.632688e+03 5.644955e+03
0.5 5.774887e+03 5.776053e+03 5.629889e+03 5.628723e+03
1.5 5.738979e+03 5.766603e+03 5.629225e+03 5.601601e+03
2.5 5.785830e+03 5.741894e+03 5.628109e+03 5.672045e+03
3.5 5.728676e+03 5.703514e+03 5.626887e+03 5.652050e+03
4.5 5.643425e+03 5.663263e+03 5.626147e+03 5.606309e+03
5.5 5.693850e+03 5.630900e+03 5.626099e+03 5.689050e+03
6.5 5.581708e+03 5.609405e+03 5.626565e+03 5.598868e+03
7.5 5.571387e+03 5.597245e+03 5.627256e+03 5.601398e+03
8.5 5.629309e+03 5.591560e+03 5.627949e+03 5.665698e+03
9.5 5.654350e+03 5.589895e+03 5.628537e+03 5.692992e+03
10.5 5.587695e+03 5.590607e+03 5.628990e+03 5.626077e+03
11.5 5.606485e+03 5.592700e+03 5.629320e+03 5.643104e+03
12.5 5.558361e+03 5.595544e+03 5.629548e+03 5.592365e+03
13.5 5.610716e+03 5.598695e+03 5.629696e+03 5.641717e+03
14.5 5.594274e+03 5.601822e+03 5.629781e+03 5.622232e+03
15.5 5.589906e+03 5.604684e+03 5.629818e+03 5.615040e+03
16.5 5.560166e+03 5.607135e+03 5.629820e+03 5.582852e+03
17.5 5.552408e+03 5.609113e+03 5.629800e+03 5.573094e+03
18.5 5.561080e+03 5.610628e+03 5.629766e+03 5.580219e+03
19.5 5.586912e+03 5.611732e+03 5.629728e+03 5.604908e+03
20.5 5.567985e+03 5.612674e+03 5.629734e+03 5.585045e+03
21.5 5.575125e+03 5.614589e+03 5.630066e+03 5.590603e+03
22.5 5.588585e+03 5.618418e+03 5.630952e+03 5.601119e+03
23.5 5.606760e+03 5.622812e+03 5.632025e+03 5.615973e+03
24.5 5.590658e+03 5.625491e+03 5.632678e+03 5.597845e+03
25.5 5.637900e+03 5.625633e+03 5.632688e+03 5.644955e+03
26.5 5.603147e+03 5.623891e+03 5.632218e+03 5.611473e+03
27.5 5.571689e+03 5.621351e+03 5.631547e+03 5.581885e+03
28.5 5.631614e+03 5.618830e+03 5.630886e+03 5.643670e+03
29.5 5.633509e+03 5.616724e+03 5.630336e+03 5.647120e+03
30.5 5.592007e+03 5.614952e+03 5.629874e+03 5.606929e+03
31.5 5.626045e+03 5.612404e+03 5.629212e+03 5.642853e+03
32.5 5.608954e+03 5.608120e+03 5.628097e+03 5.628931e+03
33.5 5.628859e+03 5.603426e+03 5.626875e+03 5.652308e+03
34.5 5.601729e+03 5.600581e+03 5.626136e+03 5.627283e+03
35.5 5.565851e+03 5.600384e+03 5.626088e+03 5.591554e+03
36.5 5.588895e+03 5.602155e+03 5.626554e+03 5.613295e+03
37.5 5.602869e+03 5.604780e+03 5.627245e+03 5.625333e+03
38.5 5.593404e+03 5.607415e+03 5.627939e+03 5.613927e+03
39.5 5.619714e+03 5.609641e+03 5.628527e+03 5.638600e+03
40.5 5.631279e+03 5.611348e+03 5.628980e+03 5.648911e+03
41.5 5.552885e+03 5.612578e+03 5.629310e+03 5.569617e+03
42.5 5.594521e+03 5.613416e+03 5.629539e+03 5.610643e+03
43.5 5.615558e+03 5.613944e+03 5.629687e+03 5.631300e+03
44.5 5.625203e+03 5.614228e+03 5.629772e+03 5.640746e+03
45.5 5.647681e+03 5.614327e+03 5.629810e+03 5.663164e+03
46.5 5.631871e+03 5.614289e+03 5.629812e+03 5.647394e+03
47.5 5.689713e+03 5.614160e+03 5.629792e+03 5.705345e+03
48.5 5.614368e+03 5.613978e+03 5.629758e+03 5.630148e+03
49.5 5.596564e+03 5.613775e+03 5.629720e+03 5.612509e+03
50.5 5.593235e+03 5.613744e+03 5.629727e+03 5.609219e+03
51.5 5.612141e+03 5.614954e+03 5.630059e+03 5.627246e+03
52.5 5.618660e+03 5.618284e+03 5.630945e+03 5.631321e+03
53.5 5.620175e+03 5.622325e+03 5.632018e+03 5.629868e+03
54.5 5.620145e+03 5.624754e+03 5.632671e+03 5.628063e+03
55.5 5.676944e+03 5.624713e+03 5.632681e+03 5.684912e+03
0.5 5.592007e+03 5.614952e+03 5.629874e+03 5.606929e+03
1.5 5.626045e+03 5.612404e+03 5.629212e+03 5.642853e+03
2.5 5.608954e+03 5.608120e+03 5.628097e+03 5.628931e+03
3.5 5.628859e+03 5.603426e+03 5.626875e+03 5.652308e+03
4.5 5.601729e+03 5.600581e+03 5.626136e+03 5.627283e+03
5.5 5.565851e+03 5.600384e+03 5.626088e+03 5.591554e+03
6.5 5.588895e+03 5.602155e+03 5.626554e+03 5.613295e+03
7.5 5.602869e+03 5.604780e+03 5.627245e+03 5.625333e+03
8.5 5.593404e+03 5.607415e+03 5.627939e+03 5.613927e+03
9.5 5.619714e+03 5.609641e+03 5.628527e+03 5.638600e+03
10.5 5.631279e+03 5.611348e+03 5.628980e+03 5.648911e+03
11.5 5.552885e+03 5.612578e+03 5.629310e+03 5.569617e+03
12.5 5.594521e+03 5.613416e+03 5.629539e+03 5.610643e+03
13.5 5.615558e+03 5.613944e+03 5.629687e+03 5.631300e+03
14.5 5.625203e+03 5.614228e+03 5.629772e+03 5.640746e+03
15.5 5.647681e+03 5.614327e+03 5.629810e+03 5.663164e+03
16.5 5.631871e+03 5.614289e+03 5.629812e+03 5.647394e+03
17.5 5.689713e+03 5.614160e+03 5.629792e+03 5.705345e+03
18.5 5.614368e+03 5.613978e+03 5.629758e+03 5.630148e+03
19.5 5.596564e+03 5.613775e+03 5.629720e+03 5.612509e+03
20.5 5.593235e+03 5.613744e+03 5.629727e+03 5.609219e+03
21.5 5.612141e+03 5.614954e+03 5.630059e+03 5.627246e+03
22.5 5.618660e+03 5.618284e+03 5.630945e+03 5.631321e+03
23.5 5.620175e+03 5.622325e+03 5.632018e+03 5.629868e+03
24.5 5.620145e+03 5.624754e+03 5.632671e+03 5.628063e+03
25.5 5.676944e+03 5.624713e+03 5.632681e+03 5.684912e+03
26.5 5.693952e+03 5.622832e+03 5.632211e+03 5.703331e+03
27.5 5.669981e+03 5.620180e+03 5.631541e+03 5.681341e+03
28.5 5.622008e+03 5.617564e+03 5.630880e+03 5.635325e+03
29.5 5.591208e+03 5.615371e+03 5.630330e+03 5.606166e+03
30.5 5.575611e+03 5.613517e+03 5.629869e+03 5.591962e+03
31.5 5.606951e+03 5.610890e+03 5.629206e+03 5.625266e+03
32.5 5.624016e+03 5.606529e+03 5.628091e+03 5.645579e+03
33.5 5.606365e+03 5.601758e+03 5.626870e+03 5.631476e+03
34.5 5.641254e+03 5.598835e+03 5.626130e+03 5.668549e+03
35.5 5.626550e+03 5.598560e+03 5.626083e+03 5.654073e+03
36.5 5.608200e+03 5.600253e+03 5.626549e+03 5.634496e+03
37.5 5.602410e+03 5.602801e+03 5.627240e+03 5.626849e+03
38.5 5.572523e+03 5.605357e+03 5.627934e+03 5.595100e+03
39.5 5.594141e+03 5.607503e+03 5.628522e+03 5.615160e+03
40.5 5.619632e+03 5.609130e+03 5.628976e+03 5.639477e+03
41.5 5.617789e+03 5.610281e+03 5.629306e+03 5.636814e+03
42.5 5.616104e+03 5.611039e+03 5.629534e+03 5.634599e+03
43.5 5.586557e+03 5.611487e+03 5.629682e+03 5.604752e+03
44.5 5.590488e+03 5.611692e+03 5.629768e+03 5.608564e+03
45.5 5.607532e+03 5.611710e+03 5.629805e+03 5.625627e+03
46.5 5.603545e+03 5.611592e+03 5.629808e+03 5.621761e+03
47.5 5.646793e+03 5.611383e+03 5.629788e+03 5.665197e+03
48.5 5.639628e+03 5.611122e+03 5.629754e+03 5.658260e+03
49.5 5.632180e+03 5.610842e+03 5.629716e+03 5.651054e+03
50.5 5.673870e+03 5.611302e+03 5.629723e+03 5.692291e+03
51.5 5.639325e+03 5.617838e+03 5.630055e+03 5.651543e+03
52.5 5.670158e+03 5.639077e+03 5.630941e+03 5.662021e+03
53.5 5.730498e+03 5.673847e+03 5.632014e+03 5.688666e+03
54.5 5.724788e+03 5.710617e+03 5.632667e+03 5.646838e+03
55.5 5.787760e+03 5.739835e+03 5.632677e+03 5.680601e+03
0.5 5.575611e+03 5.613517e+03 5.629869e+03 5.591962e+03
1.5 5.606951e+03 5.610890e+03 5.629206e+03 5.625266e+03
2.5 5.624016e+03 5.606529e+03 5.628091e+03 5.645579e+03
3.5 5.606365e+03 5.601758e+03 5.626870e+03 5.631476e+03
4.5 5.641254e+03 5.598835e+03 5.626130e+03 5.668549e+03
5.5 5.626550e+03 5.598560e+03 5.626083e+03 5.654073e+03
6.5 5.608200e+03 5.600253e+03 5.626549e+03 5.634496e+03
7.5 5.602410e+03 5.602801e+03 5.627240e+03 5.626849e+03
8.5 5.572523e+03 5.605357e+03 5.627934e+03 5.595100e+03
9.5 5.594141e+03 5.607503e+03 5.628522e+03 5.615160e+03
10.5 5.619632e+03 5.609130e+03 5.628976e+03 5.639477e+03
11.5 5.617789e+03 5.610281e+03 5.629306e+03 5.636814e+03
12.5 5.616104e+03 5.611039e+03 5.629534e+03 5.634599e+03
13.5 5.586557e+03 5.611487e+03 5.629682e+03 5.604752e+03
14.5 5.590488e+03 5.611692e+03 5.629768e+03 5.608564e+03
15.5 5.607532e+03 5.611710e+03 5.629805e+03 5.625627e+03
16.5 5.603545e+03 5.611592e+03 5.629808e+03 5.621761e+03
17.5 5.646793e+03 5.611383e+03 5.629788e+03 5.665197e+03
18.5 5.639628e+03 5.611122e+03 5.629754e+03 5.658260e+03
19.5 5.632180e+03 5.610842e+03 5.629716e+03 5.651054e+03
20.5 5.673870e+03 5.611302e+03 5.629723e+03 5.692291e+03
21.5 5.639325e+03 5.617838e+03 5.630055e+03 5.651543e+03
22.5 5.670158e+03 5.639077e+03 5.630941e+03 5.662021e+03
23.5 5.730498e+03 5.673847e+03 5.632014e+03 5.688666e+03
24.5 5.724788e+03 5.710617e+03 5.632667e+03 5.646838e+03
25.5 5.787760e+03 5.739835e+03 5.632677e+03 5.680601e+03
26.5 5.725479e+03 5.758643e+03 5.632207e+03 5.599043e+03
27.5 5.788355e+03 5.768616e+03 5.631536e+03 5.651275e+03
28.5 5.746538e+03 5.772594e+03 5.630876e+03 5.604819e+03
29.5 5.764023e+03 5.772971e+03 5.630325e+03 5.621377e+03
30.5 5.800513e+03 5.770567e+03 5.629864e+03 5.659811e+03
31.5 5.796226e+03 5.760979e+03 5.629202e+03 5.664449e+03
32.5 5.764276e+03 5.736139e+03 5.628087e+03 5.656224e+03
33.5 5.774242e+03 5.697608e+03 5.626865e+03 5.703500e+03
34.5 5.662276e+03 5.657200e+03 5.626126e+03 5.631202e+03
35.5 5.651254e+03 5.624674e+03 5.626078e+03 5.652658e+03
36.5 5.576330e+03 5.603011e+03 5.626545e+03 5.599864e+03
37.5 5.560632e+03 5.590677e+03 5.627235e+03 5.597191e+03
38.5 5.581576e+03 5.584813e+03 5.627929e+03 5.624692e+03
39.5 5.571398e+03 5.582964e+03 5.628517e+03 5.616952e+03
40.5 5.611168e+03 5.583488e+03 5.628971e+03 5.656651e+03
41.5 5.588106e+03 5.585388e+03 5.629301e+03 5.632019e+03
42.5 5.562277e+03 5.588034e+03 5.629529e+03 5.603773e+03
43.5 5.580713e+03 5.590983e+03 5.629677e+03 5.619406e+03
44.5 5.586084e+03 5.593904e+03 5.629762e+03 5.621942e+03
45.5 5.571262e+03 5.596556e+03 5.629800e+03 5.604506e+03
46.5 5.654728e+03 5.598791e+03 5.629802e+03 5.685739e+03
47.5 5.554668e+03 5.600551e+03 5.629782e+03 5.583899e+03
48.5 5.568329e+03 5.601842e+03 5.629748e+03 5.596235e+03
49.5 5.588957e+03 5.602720e+03 5.629710e+03 5.615947e+03
50.5 5.576077e+03 5.603431e+03 5.629717e+03 5.602363e+03
51.5 5.592312e+03 5.605111e+03 5.630049e+03 5.617249e+03
52.5 5.615891e+03 5.608702e+03 5.630934e+03 5.638123e+03
53.5 5.618953e+03 5.612853e+03 5.632007e+03 5.638107e+03
54.5 5.574593e+03 5.615285e+03 5.632660e+03 5.591969e+03
55.5 5.594914e+03 5.615176e+03 5.632670e+03 5.612408e+03
0.5 5.800513e+03 5.770567e+03 5.629864e+03 5.659811e+03
1.5 5.796226e+03 5.760979e+03 5.629202e+03 5.664449e+03
2.5 5.764276e+03 5.736139e+03 5.628087e+03 5.656224e+03
3.5 5.774242e+03 5.697608e+03 5.626865e+03 5.703500e+03
4.5 5.662276e+03 5.657200e+03 5.626126e+03 5.631202e+03
5.5 5.651254e+03 5.624674e+03 5.626078e+03 5.652658e+03
6.5 5.576330e+03 5.603011e+03 5.626545e+03 5.599864e+03
7.5 5.560632e+03 5.590677e+03 5.627235e+03 5.597191e+03
8.5 5.581576e+03 5.584813e+03 5.627929e+03 5.624692e+03
9.5 5.571398e+03 5.582964e+03 5.628517e+03 5.616952e+03
10.5 5.611168e+03 5.583488e+03 5.628971e+03 5.656651e+03
11.5 5.588106e+03 5.585388e+03 5.629301e+03 5.632019e+03
12.5 5.562277e+03 5.588034e+03 5.629529e+03 5.603773e+03
13.5 5.580713e+03 5.590983e+03 5.629677e+03 5.619406e+03
14.5 5.586084e+03 5.593904e+03 5.629762e+03 5.621942e+03
15.5 5.571262e+03 5.596556e+03 5.629800e+03 5.604506e+03
16.5 5.654728e+03 5.598791e+03 5.629802e+03 5.685739e+03
17.5 5.554668e+03 5.600551e+03 5.629782e+03 5.583899e+03
18.5 5.568329e+03 5.601842e+03 5.629748e+03 5.596235e+03
19.5 5.588957e+03 5.602720e+03 5.629710e+03 5.615947e+03
20.5 5.576077e+03 5.603431e+03 5.629717e+03 5.602363e+03
21.5 5.592312e+03 5.605111e+03 5.630049e+03 5.617249e+03
22.5 5.615891e+03 5.608702e+03 5.630934e+03 5.638123e+03
23.5 5.618953e+03 5.612853e+03 5.632007e+03 5.638107e+03
24.5 5.574593e+03 5.615285e+03 5.632660e+03 5.591969e+03
25.5 5.594914e+03 5.615176e+03 5.632670e+03 5.612408e+03
26.5 5.583945e+03 5.613179e+03 5.632199e+03 5.602965e+03
27.5 5.621289e+03 5.610383e+03 5.631528e+03 5.642434e+03
28.5 5.600831e+03 5.607602e+03 5.630866e+03 5.624096e+03
29.5 5.594396e+03 5.605231e+03 5.630316e+03 5.619481e+03
30.5 5.627953e+03 5.603189e+03 5.629855e+03 5.654618e+03
31.5 5.635806e+03 5.600368e+03 5.629192e+03 5.664630e+03
32.5 5.579243e+03 5.595806e+03 5.628077e+03 5.611514e+03
33.5 5.583871e+03 5.590830e+03 5.626855e+03 5.619896e+03
34.5 5.555551e+03 5.587696e+03 5.626116e+03 5.593970e+03
35.5 5.569023e+03 5.587205e+03 5.626068e+03 5.607887e+03
36.5 5.596315e+03 5.588674e+03 5.626535e+03 5.634176e+03
37.5 5.551814e+03 5.590991e+03 5.627226e+03 5.588048e+03
38.5 5.604821e+03 5.593310e+03 5.627920e+03 5.639430e+03
39.5 5.581243e+03 5.595213e+03 5.628508e+03 5.614539e+03
40.5 5.570605e+03 5.596589e+03 5.628961e+03 5.602977e+03
41.5 5.605278e+03 5.597482e+03 5.629291e+03 5.637088e+03
42.5 5.549014e+03 5.597975e+03 5.629519e+03 5.580559e+03
43.5 5.582708e+03 5.598149e+03 5.629667e+03 5.614226e+03
44.5 5.659320e+03 5.598073e+03 5.629752e+03 5.690999e+03
45.5 5.657272e+03 5.597802e+03 5.629789e+03 5.689259e+03
46.5 5.600923e+03 5.597386e+03 5.629791e+03 5.633329e+03
47.5 5.566292e+03 5.596871e+03 5.629770e+03 5.599191e+03
48.5 5.574130e+03 5.596294e+03 5.629737e+03 5.607573e+03
49.5 5.602024e+03 5.595688e+03 5.629698e+03 5.636034e+03
50.5 5.643320e+03 5.595813e+03 5.629704e+03 5.677211e+03
51.5 5.583458e+03 5.602002e+03 5.630036e+03 5.611491e+03
52.5 5.619330e+03 5.622881e+03 5.630921e+03 5.627369e+03
53.5 5.666937e+03 5.657268e+03 5.631993e+03 5.641661e+03
54.5 5.740226e+03 5.693627e+03 5.632644e+03 5.679243e+03
55.5 5.775431e+03 5.722399e+03 5.632652e+03 5.685683e+03
0.5 5.627953e+03 5.603189e+03 5.629855e+03 5.654618e+03
1.5 5.635806e+03 5.600368e+03 5.629192e+03 5.664630e+03
2.5 5.579243e+03 5.595806e+03 5.628077e+03 5.611514e+03
3.5 5.583871e+03 5.590830e+03 5.626855e+03 5.619896e+03
4.5 5.555551e+03 5.587696e+03 5.626116e+03 5.593970e+03
5.5 5.569023e+03 5.587205e+03 5.626068e+03 5.607887e+03
6.5 5.596315e+03 5.588674e+03 5.626535e+03 5.634176e+03
7.5 5.551814e+03 5.590991e+03 5.627226e+03 5.588048e+03
8.5 5.604821e+03 5.593310e+03 5.627920e+03 5.639430e+03
9.5 5.581243e+03 5.595213e+03 5.628508e+03 5.614539e+03
10.5 5.570605e+03 5.596589e+03 5.628961e+03 5.602977e+03
11.5 5.605278e+03 5.597482e+03 5.629291e+03 5.637088e+03
12.5 5.549014e+03 5.597975e+03 5.629519e+03 5.580559e+03
13.5 5.582708e+03 5.598149e+03 5.629667e+03 5.614226e+03
14.5 5.659320e+03 5.598073e+03 5.629752e+03 5.690999e+03
15.5 5.657272e+03 5.597802e+03 5.629789e+03 5.689259e+03
16.5 5.600923e+03 5.597386e+03 5.629791e+03 5.633329e+03
17.5 5.566292e+03 5.596871e+03 5.629770e+03 5.599191e+03
18.5 5.574130e+03 5.596294e+03 5.629737e+03 5.607573e+03
19.5 5.602024e+03 5.595688e+03 5.629698e+03 5.636034e+03
20.5 5.643320e+03 5.595813e+03 5.629704e+03 5.677211e+03
21.5 5.583458e+03 5.602002e+03 5.630036e+03 5.611491e+03
22.5 5.619330e+03 5.622881e+03 5.630921e+03 5.627369e+03
23.5 5.666937e+03 5.657268e+03 5.631993e+03 5.641661e+03
24.5 5.740226e+03 5.693627e+03 5.632644e+03 5.679243e+03
25.5 5.775431e+03 5.722399e+03 5.632652e+03 5.685683e+03
26.5 5.734192e+03 5.740729e+03 5.632179e+03 5.625641e+03
27.5 5.769482e+03 5.750198e+03 5.631506e+03 5.650790e+03
28.5 5.701164e+03 5.753646e+03 5.630843e+03 5.578361e+03
29.5 5.692378e+03 5.753472e+03 5.630291e+03 5.569197e+03
30.5 5.697257e+03 5.750543e+03 5.629874e+03 5.576588e+03
