0.5 6.499721e+03 6.508360e+03 6.512552e+03 6.503913e+03
1.5 6.545038e+03 6.508494e+03 6.508850e+03 6.545394e+03
2.5 6.520205e+03 6.511274e+03 6.499604e+03 6.508535e+03
3.5 6.502265e+03 6.518490e+03 6.488498e+03 6.472273e+03
4.5 6.506848e+03 6.529224e+03 6.481649e+03 6.459272e+03
5.5 6.558518e+03 6.540973e+03 6.481322e+03 6.498867e+03
6.5 6.550274e+03 6.551536e+03 6.485874e+03 6.484611e+03
7.5 6.573731e+03 6.559801e+03 6.492495e+03 6.506425e+03
8.5 6.578779e+03 6.565595e+03 6.499057e+03 6.512241e+03
9.5 6.570175e+03 6.569251e+03 6.504532e+03 6.505456e+03
10.5 6.574590e+03 6.571236e+03 6.509135e+03 6.512489e+03
11.5 6.568426e+03 6.571568e+03 6.515785e+03 6.512643e+03
12.5 6.529228e+03 6.568537e+03 6.527022e+03 6.487713e+03
13.5 6.577687e+03 6.560620e+03 6.539377e+03 6.556443e+03
14.5 6.539936e+03 6.548935e+03 6.546901e+03 6.537903e+03
15.5 6.578328e+03 6.536138e+03 6.547469e+03 6.589660e+03
16.5 6.535135e+03 6.524544e+03 6.542846e+03 6.553437e+03
17.5 6.524705e+03 6.515341e+03 6.535949e+03 6.545313e+03
18.5 6.562645e+03 6.508748e+03 6.529000e+03 6.582897e+03
19.5 6.554568e+03 6.504446e+03 6.523100e+03 6.573221e+03
20.5 6.527179e+03 6.501949e+03 6.518540e+03 6.543770e+03
21.5 6.531917e+03 6.500784e+03 6.515215e+03 6.546348e+03
22.5 6.532046e+03 6.500557e+03 6.512905e+03 6.544394e+03
23.5 6.496626e+03 6.500958e+03 6.511400e+03 6.507068e+03
24.5 6.538454e+03 6.501741e+03 6.510524e+03 6.547236e+03
25.5 6.510051e+03 6.502717e+03 6.510129e+03 6.517463e+03
26.5 6.520089e+03 6.503745e+03 6.510085e+03 6.526430e+03
27.5 6.538151e+03 6.504726e+03 6.510273e+03 6.543698e+03
28.5 6.502403e+03 6.505602e+03 6.510594e+03 6.507395e+03
29.5 6.513857e+03 6.506345e+03 6.510966e+03 6.518478e+03
30.5 6.555336e+03 6.506971e+03 6.510881e+03 6.559246e+03
31.5 6.558010e+03 6.507929e+03 6.507521e+03 6.557602e+03
32.5 6.552379e+03 6.511319e+03 6.498562e+03 6.539622e+03
33.5 6.542823e+03 6.518975e+03 6.487684e+03 6.511533e+03
34.5 6.551785e+03 6.530022e+03 6.481009e+03 6.502772e+03
35.5 6.594571e+03 6.541993e+03 6.480810e+03 6.533388e+03
36.5 6.585373e+03 6.552715e+03 6.485452e+03 6.518110e+03
37.5 6.588803e+03 6.561096e+03 6.492137e+03 6.519844e+03
38.5 6.576010e+03 6.566978e+03 6.498742e+03 6.507775e+03
39.5 6.565471e+03 6.570705e+03 6.504247e+03 6.499013e+03
40.5 6.602087e+03 6.572749e+03 6.508869e+03 6.538206e+03
41.5 6.556458e+03 6.573135e+03 6.515532e+03 6.498855e+03
42.5 6.544467e+03 6.570155e+03 6.526779e+03 6.501090e+03
43.5 6.551627e+03 6.562288e+03 6.539141e+03 6.528480e+03
44.5 6.529821e+03 6.550651e+03 6.546671e+03 6.525840e+03
45.5 6.544368e+03 6.537903e+03 6.547244e+03 6.553709e+03
0.5 6.555336e+03 6.506971e+03 6.510881e+03 6.559246e+03
1.5 6.558010e+03 6.507929e+03 6.507521e+03 6.557602e+03
2.5 6.552379e+03 6.511319e+03 6.498562e+03 6.539622e+03
3.5 6.542823e+03 6.518975e+03 6.487684e+03 6.511533e+03
4.5 6.551785e+03 6.530022e+03 6.481009e+03 6.502772e+03
5.5 6.594571e+03 6.541993e+03 6.480810e+03 6.533388e+03
6.5 6.585373e+03 6.552715e+03 6.485452e+03 6.518110e+03
7.5 6.588803e+03 6.561096e+03 6.492137e+03 6.519844e+03
8.5 6.576010e+03 6.566978e+03 6.498742e+03 6.507775e+03
9.5 6.565471e+03 6.570705e+03 6.504247e+03 6.499013e+03
10.5 6.602087e+03 6.572749e+03 6.508869e+03 6.538206e+03
11.5 6.556458e+03 6.573135e+03 6.515532e+03 6.498855e+03
12.5 6.544467e+03 6.570155e+03 6.526779e+03 6.501090e+03
13.5 6.551627e+03 6.562288e+03 6.539141e+03 6.528480e+03
14.5 6.529821e+03 6.550651e+03 6.546671e+03 6.525840e+03
15.5 6.544368e+03 6.537903e+03 6.547244e+03 6.553709e+03
16.5 6.554115e+03 6.526357e+03 6.542625e+03 6.570383e+03
17.5 6.514503e+03 6.517204e+03 6.535732e+03 6.533031e+03
18.5 6.543619e+03 6.510661e+03 6.528786e+03 6.561744e+03
19.5 6.544578e+03 6.506410e+03 6.522890e+03 6.561058e+03
20.5 6.541823e+03 6.503964e+03 6.518333e+03 6.556192e+03
21.5 6.531443e+03 6.502850e+03 6.515012e+03 6.543604e+03
22.5 6.496741e+03 6.502676e+03 6.512706e+03 6.506771e+03
23.5 6.488395e+03 6.503129e+03 6.511204e+03 6.496470e+03
24.5 6.493505e+03 6.503964e+03 6.510331e+03 6.499872e+03
25.5 6.519425e+03 6.504993e+03 6.509941e+03 6.524372e+03
26.5 6.521129e+03 6.506073e+03 6.509900e+03 6.524955e+03
27.5 6.524222e+03 6.507108e+03 6.510092e+03 6.527207e+03
28.5 6.540410e+03 6.508037e+03 6.510417e+03 6.542790e+03
29.5 6.552557e+03 6.508832e+03 6.510794e+03 6.554519e+03
30.5 6.505705e+03 6.509341e+03 6.511168e+03 6.507533e+03
31.5 6.479917e+03 6.508301e+03 6.511504e+03 6.483120e+03
32.5 6.490016e+03 6.502735e+03 6.511785e+03 6.499066e+03
33.5 6.461993e+03 6.491645e+03 6.512007e+03 6.482355e+03
34.5 6.435689e+03 6.477772e+03 6.512175e+03 6.470092e+03
35.5 6.408472e+03 6.464576e+03 6.512297e+03 6.456193e+03
36.5 6.447995e+03 6.454081e+03 6.512381e+03 6.506295e+03
37.5 6.464540e+03 6.446761e+03 6.512438e+03 6.530218e+03
38.5 6.436656e+03 6.442215e+03 6.512476e+03 6.506917e+03
39.5 6.477783e+03 6.439782e+03 6.512499e+03 6.550500e+03
40.5 6.474369e+03 6.438995e+03 6.512513e+03 6.547888e+03
41.5 6.416033e+03 6.440648e+03 6.512521e+03 6.487906e+03
42.5 6.456095e+03 6.447383e+03 6.512524e+03 6.521236e+03
43.5 6.440209e+03 6.459953e+03 6.512525e+03 6.492781e+03
44.5 6.458772e+03 6.475434e+03 6.512525e+03 6.495863e+03
45.5 6.466796e+03 6.490229e+03 6.512524e+03 6.489091e+03
0.5 6.514670e+03 6.516204e+03 6.512033e+03 6.510500e+03
1.5 6.542535e+03 6.516470e+03 6.508338e+03 6.534403e+03
2.5 6.546050e+03 6.519387e+03 6.499099e+03 6.525762e+03
3.5 6.540177e+03 6.526742e+03 6.488001e+03 6.501436e+03
4.5 6.546159e+03 6.537619e+03 6.481159e+03 6.489698e+03
5.5 6.545703e+03 6.549514e+03 6.480839e+03 6.477027e+03
6.5 6.584117e+03 6.560218e+03 6.485395e+03 6.509294e+03
7.5 6.582382e+03 6.568618e+03 6.492020e+03 6.505785e+03
8.5 6.539055e+03 6.574558e+03 6.498589e+03 6.463086e+03
9.5 6.560985e+03 6.578363e+03 6.504070e+03 6.486692e+03
10.5 6.560675e+03 6.580499e+03 6.508679e+03 6.488856e+03
11.5 6.565982e+03 6.580984e+03 6.515334e+03 6.500332e+03
12.5 6.576240e+03 6.578111e+03 6.526578e+03 6.524707e+03
13.5 6.565242e+03 6.570357e+03 6.538937e+03 6.533822e+03
14.5 6.612425e+03 6.558842e+03 6.546467e+03 6.600051e+03
15.5 6.539563e+03 6.546223e+03 6.547041e+03 6.540380e+03
16.5 6.512801e+03 6.534815e+03 6.542422e+03 6.520409e+03
17.5 6.544083e+03 6.525806e+03 6.535530e+03 6.553807e+03
18.5 6.543801e+03 6.519411e+03 6.528585e+03 6.552975e+03
19.5 6.531316e+03 6.515315e+03 6.522690e+03 6.538691e+03
20.5 6.562260e+03 6.513027e+03 6.518134e+03 6.567367e+03
21.5 6.539361e+03 6.512076e+03 6.514812e+03 6.542097e+03
22.5 6.495534e+03 6.512069e+03 6.512506e+03 6.495971e+03
23.5 6.508399e+03 6.512693e+03 6.511004e+03 6.506709e+03
24.5 6.524903e+03 6.513705e+03 6.510130e+03 6.521329e+03
25.5 6.490107e+03 6.514914e+03 6.509738e+03 6.484931e+03
26.5 6.504075e+03 6.516180e+03 6.509696e+03 6.497592e+03
27.5 6.496418e+03 6.517405e+03 6.509887e+03 6.488900e+03
28.5 6.502143e+03 6.518529e+03 6.510209e+03 6.493823e+03
29.5 6.474418e+03 6.519527e+03 6.510584e+03 6.465476e+03
30.5 6.537986e+03 6.520243e+03 6.510955e+03 6.528698e+03
31.5 6.492700e+03 6.519418e+03 6.511288e+03 6.484570e+03
32.5 6.525129e+03 6.514074e+03 6.511566e+03 6.522620e+03
33.5 6.512352e+03 6.503216e+03 6.511784e+03 6.520920e+03
34.5 6.483247e+03 6.489589e+03 6.511947e+03 6.505606e+03
35.5 6.472667e+03 6.476653e+03 6.512064e+03 6.508078e+03
36.5 6.474245e+03 6.466436e+03 6.512144e+03 6.519953e+03
37.5 6.412075e+03 6.459409e+03 6.512196e+03 6.464862e+03
38.5 6.413216e+03 6.455172e+03 6.512227e+03 6.470271e+03
39.5 6.425540e+03 6.453062e+03 6.512244e+03 6.484722e+03
40.5 6.459161e+03 6.453086e+03 6.512251e+03 6.518327e+03
