0.5 2.731578e+03 2.749291e+03 2.723717e+03 2.706003e+03
1.5 2.707327e+03 2.745819e+03 2.727036e+03 2.688543e+03
2.5 2.737456e+03 2.737608e+03 2.735261e+03 2.735109e+03
3.5 2.727807e+03 2.725039e+03 2.744987e+03 2.747756e+03
4.5 2.702147e+03 2.711966e+03 2.750725e+03 2.740906e+03
5.5 2.703407e+03 2.701549e+03 2.750528e+03 2.752386e+03
6.5 2.677754e+03 2.694690e+03 2.745973e+03 2.729037e+03
7.5 2.688871e+03 2.690815e+03 2.739642e+03 2.737698e+03
8.5 2.677972e+03 2.688948e+03 2.733466e+03 2.722489e+03
9.5 2.673198e+03 2.688279e+03 2.728359e+03 2.713278e+03
10.5 2.680650e+03 2.688534e+03 2.724109e+03 2.716225e+03
11.5 2.683791e+03 2.691217e+03 2.718070e+03 2.710645e+03
12.5 2.727289e+03 2.699027e+03 2.708026e+03 2.736288e+03
13.5 2.717774e+03 2.711382e+03 2.697183e+03 2.703575e+03
14.5 2.675626e+03 2.724305e+03 2.690860e+03 2.642181e+03
15.5 2.717393e+03 2.734538e+03 2.690868e+03 2.673723e+03
16.5 2.693250e+03 2.741120e+03 2.695516e+03 2.647647e+03
17.5 2.672312e+03 2.744596e+03 2.702120e+03 2.629836e+03
18.5 2.706151e+03 2.745941e+03 2.708663e+03 2.668873e+03
19.5 2.724114e+03 2.745983e+03 2.714163e+03 2.692294e+03
20.5 2.729515e+03 2.745268e+03 2.718377e+03 2.702624e+03
21.5 2.705798e+03 2.744124e+03 2.721421e+03 2.683096e+03
22.5 2.747969e+03 2.742756e+03 2.723509e+03 2.728722e+03
23.5 2.764680e+03 2.741308e+03 2.724844e+03 2.748215e+03
24.5 2.737711e+03 2.739888e+03 2.725594e+03 2.723418e+03
25.5 2.767879e+03 2.738571e+03 2.725902e+03 2.755209e+03
26.5 2.732210e+03 2.737406e+03 2.725891e+03 2.720696e+03
27.5 2.753240e+03 2.736410e+03 2.725672e+03 2.742502e+03
28.5 2.772645e+03 2.735578e+03 2.725337e+03 2.762404e+03
29.5 2.753756e+03 2.734893e+03 2.724961e+03 2.743824e+03
30.5 2.748979e+03 2.734326e+03 2.724593e+03 2.739246e+03
31.5 2.757348e+03 2.733863e+03 2.724265e+03 2.747751e+03
32.5 2.716740e+03 2.733586e+03 2.723991e+03 2.707145e+03
33.5 2.702484e+03 2.733600e+03 2.723774e+03 2.692659e+03
34.5 2.704815e+03 2.733867e+03 2.723609e+03 2.694556e+03
35.5 2.738733e+03 2.734248e+03 2.723488e+03 2.727973e+03
36.5 2.732018e+03 2.734601e+03 2.723402e+03 2.720819e+03
37.5 2.714874e+03 2.734845e+03 2.723341e+03 2.703370e+03
38.5 2.741098e+03 2.734959e+03 2.723299e+03 2.729438e+03
39.5 2.700575e+03 2.734954e+03 2.723271e+03 2.688891e+03
40.5 2.690353e+03 2.734857e+03 2.723251e+03 2.678747e+03
41.5 2.734227e+03 2.734684e+03 2.723237e+03 2.722780e+03
42.5 2.734544e+03 2.734349e+03 2.723227e+03 2.723422e+03
43.5 2.751048e+03 2.733747e+03 2.723219e+03 2.740521e+03
44.5 2.724059e+03 2.732913e+03 2.723213e+03 2.714359e+03
45.5 2.729519e+03 2.731989e+03 2.723208e+03 2.720738e+03
0.5 2.682260e+03 2.726569e+03 2.723501e+03 2.679192e+03
1.5 2.664300e+03 2.724308e+03 2.726817e+03 2.666809e+03
2.5 2.711414e+03 2.717110e+03 2.735036e+03 2.729340e+03
3.5 2.718297e+03 2.705417e+03 2.744756e+03 2.757635e+03
4.5 2.707057e+03 2.693124e+03 2.750487e+03 2.764419e+03
5.5 2.720223e+03 2.683421e+03 2.750285e+03 2.787086e+03
6.5 2.686302e+03 2.677231e+03 2.745725e+03 2.754797e+03
7.5 2.687405e+03 2.673993e+03 2.739392e+03 2.752804e+03
8.5 2.678791e+03 2.672740e+03 2.733215e+03 2.739266e+03
9.5 2.631365e+03 2.672667e+03 2.728109e+03 2.686808e+03
10.5 2.632289e+03 2.673503e+03 2.723861e+03 2.682647e+03
11.5 2.639117e+03 2.676744e+03 2.717832e+03 2.680205e+03
12.5 2.707398e+03 2.685093e+03 2.707797e+03 2.730101e+03
13.5 2.739500e+03 2.697986e+03 2.696955e+03 2.738469e+03
14.5 2.735098e+03 2.711437e+03 2.690633e+03 2.714294e+03
15.5 2.765051e+03 2.722187e+03 2.690642e+03 2.733505e+03
16.5 2.767324e+03 2.729277e+03 2.695292e+03 2.733339e+03
17.5 2.752994e+03 2.733251e+03 2.701897e+03 2.721639e+03
18.5 2.727637e+03 2.735086e+03 2.708442e+03 2.700992e+03
19.5 2.711138e+03 2.735609e+03 2.713943e+03 2.689472e+03
20.5 2.734619e+03 2.735365e+03 2.718160e+03 2.717413e+03
21.5 2.711048e+03 2.734684e+03 2.721206e+03 2.697570e+03
22.5 2.713235e+03 2.733771e+03 2.723296e+03 2.702760e+03
23.5 2.696250e+03 2.732769e+03 2.724634e+03 2.688115e+03
24.5 2.740666e+03 2.731786e+03 2.725387e+03 2.734267e+03
25.5 2.723031e+03 2.730899e+03 2.725698e+03 2.717830e+03
26.5 2.778123e+03 2.730155e+03 2.725690e+03 2.773658e+03
27.5 2.739458e+03 2.729572e+03 2.725473e+03 2.735359e+03
28.5 2.781897e+03 2.729146e+03 2.725142e+03 2.777892e+03
29.5 2.714500e+03 2.728859e+03 2.724768e+03 2.710409e+03
30.5 2.724698e+03 2.728684e+03 2.724403e+03 2.720418e+03
31.5 2.725973e+03 2.728605e+03 2.724078e+03 2.721446e+03
32.5 2.746778e+03 2.728706e+03 2.723807e+03 2.741879e+03
33.5 2.752525e+03 2.729090e+03 2.723593e+03 2.747028e+03
34.5 2.737687e+03 2.729721e+03 2.723431e+03 2.731397e+03
35.5 2.740817e+03 2.730459e+03 2.723313e+03 2.733670e+03
36.5 2.736025e+03 2.731177e+03 2.723229e+03 2.728077e+03
37.5 2.752490e+03 2.731797e+03 2.723171e+03 2.743864e+03
38.5 2.719709e+03 2.732269e+03 2.723132e+03 2.710572e+03
39.5 2.765683e+03 2.732619e+03 2.723106e+03 2.756170e+03
40.5 2.769030e+03 2.732872e+03 2.723089e+03 2.759247e+03
41.5 2.778091e+03 2.733046e+03 2.723078e+03 2.768123e+03
42.5 2.741827e+03 2.733052e+03 2.723070e+03 2.731844e+03
43.5 2.741922e+03 2.732785e+03 2.723064e+03 2.732201e+03
44.5 2.740275e+03 2.732277e+03 2.723060e+03 2.731058e+03
45.5 2.709008e+03 2.731667e+03 2.723056e+03 2.700397e+03
0.5 2.731589e+03 2.731541e+03 2.723413e+03 2.723461e+03
1.5 2.724797e+03 2.729434e+03 2.726724e+03 2.722087e+03
2.5 2.708232e+03 2.722395e+03 2.734937e+03 2.720775e+03
3.5 2.715848e+03 2.710866e+03 2.744647e+03 2.749628e+03
4.5 2.685926e+03 2.698745e+03 2.750361e+03 2.737542e+03
5.5 2.667270e+03 2.689225e+03 2.750139e+03 2.728183e+03
6.5 2.646550e+03 2.683227e+03 2.745557e+03 2.708880e+03
7.5 2.661221e+03 2.680189e+03 2.739203e+03 2.720235e+03
8.5 2.662909e+03 2.679143e+03 2.733008e+03 2.716773e+03
9.5 2.716477e+03 2.679280e+03 2.727886e+03 2.765082e+03
10.5 2.726510e+03 2.679670e+03 2.723624e+03 2.770464e+03
