0.5 1.161439e+03 1.025336e+03 1.192459e+03 1.328562e+03
1.5 1.272942e+03 1.046595e+03 1.215994e+03 1.442342e+03
2.5 1.397154e+03 1.111878e+03 1.274627e+03 1.559903e+03
3.5 9.522502e+02 1.205318e+03 1.344880e+03 1.091813e+03
4.5 1.424699e+03 1.285658e+03 1.387961e+03 1.527002e+03
5.5 1.256006e+03 1.329384e+03 1.389590e+03 1.316212e+03
6.5 1.219940e+03 1.338306e+03 1.360291e+03 1.241925e+03
7.5 1.425680e+03 1.325589e+03 1.317947e+03 1.418038e+03
8.5 1.280066e+03 1.303771e+03 1.276075e+03 1.252370e+03
9.5 1.181689e+03 1.280517e+03 1.241196e+03 1.142367e+03
10.5 1.336474e+03 1.259176e+03 1.214801e+03 1.292100e+03
11.5 1.099074e+03 1.240662e+03 1.196008e+03 1.054420e+03
12.5 1.152931e+03 1.224957e+03 1.183318e+03 1.111291e+03
13.5 1.114946e+03 1.211851e+03 1.175364e+03 1.078459e+03
14.5 1.093544e+03 1.201147e+03 1.171060e+03 1.063457e+03
15.5 1.298832e+03 1.192643e+03 1.169515e+03 1.275704e+03
16.5 1.394208e+03 1.186073e+03 1.169956e+03 1.378091e+03
17.5 1.032811e+03 1.181098e+03 1.171690e+03 1.023403e+03
18.5 1.138158e+03 1.177339e+03 1.174128e+03 1.134947e+03
19.5 1.222550e+03 1.174421e+03 1.176792e+03 1.224921e+03
20.5 9.389002e+02 1.170804e+03 1.176486e+03 9.445823e+02
21.5 1.245679e+03 1.158973e+03 1.155363e+03 1.242069e+03
22.5 8.251953e+02 1.134146e+03 1.098786e+03 7.898353e+02
23.5 1.303851e+03 1.107808e+03 1.030215e+03 1.226258e+03
24.5 1.207840e+03 1.095936e+03 9.884637e+02 1.100367e+03
25.5 1.014516e+03 1.102687e+03 9.878555e+02 8.996848e+02
26.5 1.317635e+03 1.121768e+03 1.017919e+03 1.213786e+03
27.5 9.314998e+02 1.144588e+03 1.060829e+03 8.477407e+02
28.5 1.110774e+03 1.165196e+03 1.103118e+03 1.048697e+03
29.5 1.172856e+03 1.181068e+03 1.138320e+03 1.130108e+03
30.5 9.733964e+02 1.193188e+03 1.167842e+03 9.480509e+02
31.5 1.240020e+03 1.209633e+03 1.210282e+03 1.240670e+03
32.5 1.123522e+03 1.235935e+03 1.281645e+03 1.169232e+03
33.5 1.230995e+03 1.261261e+03 1.359785e+03 1.329519e+03
34.5 1.366860e+03 1.270296e+03 1.407077e+03 1.503641e+03
35.5 1.434764e+03 1.259397e+03 1.410159e+03 1.585525e+03
36.5 1.393745e+03 1.235301e+03 1.380347e+03 1.538791e+03
37.5 1.206035e+03 1.206977e+03 1.336217e+03 1.335275e+03
38.5 1.173529e+03 1.180689e+03 1.291877e+03 1.284716e+03
39.5 1.326316e+03 1.159201e+03 1.254311e+03 1.421426e+03
40.5 1.026462e+03 1.142905e+03 1.225334e+03 1.108890e+03
41.5 1.160373e+03 1.131126e+03 1.204256e+03 1.233504e+03
42.5 1.173911e+03 1.122940e+03 1.189668e+03 1.240639e+03
43.5 9.577206e+02 1.117512e+03 1.180214e+03 1.020423e+03
44.5 1.124471e+03 1.114161e+03 1.174771e+03 1.185081e+03
45.5 9.444376e+02 1.112326e+03 1.172392e+03 1.004503e+03
46.5 9.857055e+02 1.111531e+03 1.172237e+03 1.046411e+03
47.5 9.059987e+02 1.111375e+03 1.173555e+03 9.681797e+02
48.5 9.167998e+02 1.111531e+03 1.175707e+03 9.809760e+02
49.5 1.003757e+03 1.111766e+03 1.178176e+03 1.070167e+03
50.5 1.008372e+03 1.113211e+03 1.177736e+03 1.072897e+03
51.5 1.160765e+03 1.126102e+03 1.156525e+03 1.191188e+03
52.5 1.429023e+03 1.171910e+03 1.099897e+03 1.357010e+03
53.5 1.126507e+03 1.255010e+03 1.031301e+03 9.027989e+02
54.5 1.419879e+03 1.353260e+03 9.895402e+02 1.056159e+03
55.5 1.492571e+03 1.442251e+03 9.889232e+02 1.039244e+03
0.5 9.733964e+02 1.193188e+03 1.167842e+03 9.480509e+02
1.5 1.240020e+03 1.209633e+03 1.210282e+03 1.240670e+03
2.5 1.123522e+03 1.235935e+03 1.281645e+03 1.169232e+03
3.5 1.230995e+03 1.261261e+03 1.359785e+03 1.329519e+03
4.5 1.366860e+03 1.270296e+03 1.407077e+03 1.503641e+03
5.5 1.434764e+03 1.259397e+03 1.410159e+03 1.585525e+03
6.5 1.393745e+03 1.235301e+03 1.380347e+03 1.538791e+03
7.5 1.206035e+03 1.206977e+03 1.336217e+03 1.335275e+03
8.5 1.173529e+03 1.180689e+03 1.291877e+03 1.284716e+03
9.5 1.326316e+03 1.159201e+03 1.254311e+03 1.421426e+03
10.5 1.026462e+03 1.142905e+03 1.225334e+03 1.108890e+03
11.5 1.160373e+03 1.131126e+03 1.204256e+03 1.233504e+03
12.5 1.173911e+03 1.122940e+03 1.189668e+03 1.240639e+03
13.5 9.577206e+02 1.117512e+03 1.180214e+03 1.020423e+03
14.5 1.124471e+03 1.114161e+03 1.174771e+03 1.185081e+03
15.5 9.444376e+02 1.112326e+03 1.172392e+03 1.004503e+03
16.5 9.857055e+02 1.111531e+03 1.172237e+03 1.046411e+03
17.5 9.059987e+02 1.111375e+03 1.173555e+03 9.681797e+02
18.5 9.167998e+02 1.111531e+03 1.175707e+03 9.809760e+02
19.5 1.003757e+03 1.111766e+03 1.178176e+03 1.070167e+03
20.5 1.008372e+03 1.113211e+03 1.177736e+03 1.072897e+03
21.5 1.160765e+03 1.126102e+03 1.156525e+03 1.191188e+03
22.5 1.429023e+03 1.171910e+03 1.099897e+03 1.357010e+03
23.5 1.126507e+03 1.255010e+03 1.031301e+03 9.027989e+02
24.5 1.419879e+03 1.353260e+03 9.895402e+02 1.056159e+03
25.5 1.492571e+03 1.442251e+03 9.889232e+02 1.039244e+03
26.5 1.550334e+03 1.509688e+03 1.018974e+03 1.059620e+03
27.5 1.611483e+03 1.554375e+03 1.061866e+03 1.118974e+03
28.5 1.548862e+03 1.580459e+03 1.104133e+03 1.072535e+03
29.5 1.468456e+03 1.593098e+03 1.139306e+03 1.014664e+03
30.5 1.628747e+03 1.595302e+03 1.168797e+03 1.202242e+03
31.5 1.467125e+03 1.579874e+03 1.211157e+03 1.098408e+03
32.5 1.271842e+03 1.527539e+03 1.282444e+03 1.026747e+03
33.5 1.486803e+03 1.435575e+03 1.360560e+03 1.411788e+03
34.5 1.174976e+03 1.327412e+03 1.407830e+03 1.255395e+03
35.5 1.467629e+03 1.228440e+03 1.410890e+03 1.650080e+03
36.5 1.162765e+03 1.151640e+03 1.381057e+03 1.392181e+03
37.5 1.238162e+03 1.098622e+03 1.336906e+03 1.476446e+03
38.5 1.446557e+03 1.065415e+03 1.292545e+03 1.673687e+03
39.5 9.669112e+02 1.046859e+03 1.254960e+03 1.175012e+03
40.5 1.338153e+03 1.038539e+03 1.225964e+03 1.525578e+03
41.5 9.833716e+02 1.037160e+03 1.204868e+03 1.151080e+03
42.5 1.057575e+03 1.040315e+03 1.190262e+03 1.207522e+03
43.5 9.850398e+02 1.046185e+03 1.180791e+03 1.119646e+03
44.5 9.425815e+02 1.053367e+03 1.175331e+03 1.064545e+03
45.5 7.432047e+02 1.060804e+03 1.172936e+03 8.553362e+02
46.5 1.055141e+03 1.067760e+03 1.172765e+03 1.160146e+03
47.5 1.058740e+03 1.073796e+03 1.174069e+03 1.159014e+03
48.5 8.306829e+02 1.078718e+03 1.176206e+03 9.281709e+02
49.5 1.099198e+03 1.082524e+03 1.178660e+03 1.195335e+03
50.5 1.043773e+03 1.086613e+03 1.178207e+03 1.135367e+03
51.5 1.037344e+03 1.101475e+03 1.156983e+03 1.092852e+03
52.5 1.318044e+03 1.148794e+03 1.100342e+03 1.269592e+03
53.5 1.300575e+03 1.233107e+03 1.031735e+03 1.099202e+03
54.5 1.564029e+03 1.332389e+03 9.899619e+02 1.221602e+03
55.5 1.485925e+03 1.422307e+03 9.893338e+02 1.052951e+03
0.5 1.628747e+03 1.595302e+03 1.168797e+03 1.202242e+03
1.5 1.467125e+03 1.579874e+03 1.211157e+03 1.098408e+03
2.5 1.271842e+03 1.527539e+03 1.282444e+03 1.026747e+03
3.5 1.486803e+03 1.435575e+03 1.360560e+03 1.411788e+03
4.5 1.174976e+03 1.327412e+03 1.407830e+03 1.255395e+03
5.5 1.467629e+03 1.228440e+03 1.410890e+03 1.650080e+03
6.5 1.162765e+03 1.151640e+03 1.381057e+03 1.392181e+03
7.5 1.238162e+03 1.098622e+03 1.336906e+03 1.476446e+03
8.5 1.446557e+03 1.065415e+03 1.292545e+03 1.673687e+03
9.5 9.669112e+02 1.046859e+03 1.254960e+03 1.175012e+03
10.5 1.338153e+03 1.038539e+03 1.225964e+03 1.525578e+03
11.5 9.833716e+02 1.037160e+03 1.204868e+03 1.151080e+03
12.5 1.057575e+03 1.040315e+03 1.190262e+03 1.207522e+03
13.5 9.850398e+02 1.046185e+03 1.180791e+03 1.119646e+03
14.5 9.425815e+02 1.053367e+03 1.175331e+03 1.064545e+03
15.5 7.432047e+02 1.060804e+03 1.172936e+03 8.553362e+02
16.5 1.055141e+03 1.067760e+03 1.172765e+03 1.160146e+03
17.5 1.058740e+03 1.073796e+03 1.174069e+03 1.159014e+03
18.5 8.306829e+02 1.078718e+03 1.176206e+03 9.281709e+02
19.5 1.099198e+03 1.082524e+03 1.178660e+03 1.195335e+03
20.5 1.043773e+03 1.086613e+03 1.178207e+03 1.135367e+03
21.5 1.037344e+03 1.101475e+03 1.156983e+03 1.092852e+03
22.5 1.318044e+03 1.148794e+03 1.100342e+03 1.269592e+03
23.5 1.300575e+03 1.233107e+03 1.031735e+03 1.099202e+03
24.5 1.564029e+03 1.332389e+03 9.899619e+02 1.221602e+03
25.5 1.485925e+03 1.422307e+03 9.893338e+02 1.052951e+03
26.5 1.564776e+03 1.490615e+03 1.019373e+03 1.093534e+03
27.5 1.833504e+03 1.536138e+03 1.062255e+03 1.359621e+03
28.5 1.647785e+03 1.563038e+03 1.104512e+03 1.189259e+03
29.5 1.491757e+03 1.576480e+03 1.139677e+03 1.054954e+03
30.5 1.725284e+03 1.579477e+03 1.169159e+03 1.314966e+03
31.5 1.310873e+03 1.564832e+03 1.211510e+03 9.575501e+02
32.5 1.449659e+03 1.513270e+03 1.282789e+03 1.219177e+03
33.5 1.455302e+03 1.422068e+03 1.360898e+03 1.394131e+03
34.5 1.201118e+03 1.314654e+03 1.408160e+03 1.294624e+03
35.5 1.300481e+03 1.216416e+03 1.411213e+03 1.495278e+03
36.5 1.264986e+03 1.140336e+03 1.381373e+03 1.506023e+03
37.5 1.023150e+03 1.088027e+03 1.337216e+03 1.272339e+03
38.5 1.334522e+03 1.055517e+03 1.292850e+03 1.571856e+03
39.5 1.056364e+03 1.037643e+03 1.255259e+03 1.273980e+03
40.5 1.147034e+03 1.029991e+03 1.226258e+03 1.343301e+03
41.5 1.161516e+03 1.029268e+03 1.205158e+03 1.337406e+03
42.5 1.090656e+03 1.033064e+03 1.190548e+03 1.248140e+03
43.5 1.281999e+03 1.039561e+03 1.181073e+03 1.423511e+03
44.5 8.288746e+02 1.047357e+03 1.175610e+03 9.571275e+02
45.5 1.150896e+03 1.055394e+03 1.173211e+03 1.268713e+03
46.5 1.104619e+03 1.062937e+03 1.173038e+03 1.214719e+03
47.5 1.032039e+03 1.069546e+03 1.174339e+03 1.136832e+03
48.5 1.262104e+03 1.075029e+03 1.176475e+03 1.363550e+03
49.5 1.214647e+03 1.079372e+03 1.178928e+03 1.314203e+03
50.5 1.010230e+03 1.081463e+03 1.178473e+03 1.107240e+03
51.5 1.068798e+03 1.074203e+03 1.157248e+03 1.151844e+03
52.5 9.461180e+02 1.053159e+03 1.100606e+03 9.935650e+02
53.5 8.400233e+02 1.030088e+03 1.031999e+03 8.419340e+02
54.5 7.819666e+02 1.021156e+03 9.902262e+02 7.510370e+02
55.5 1.085827e+03 1.030644e+03 9.895985e+02 1.044781e+03
0.5 1.725284e+03 1.579477e+03 1.169159e+03 1.314966e+03
1.5 1.310873e+03 1.564832e+03 1.211510e+03 9.575501e+02
2.5 1.449659e+03 1.513270e+03 1.282789e+03 1.219177e+03
3.5 1.455302e+03 1.422068e+03 1.360898e+03 1.394131e+03
4.5 1.201118e+03 1.314654e+03 1.408160e+03 1.294624e+03
5.5 1.300481e+03 1.216416e+03 1.411213e+03 1.495278e+03
6.5 1.264986e+03 1.140336e+03 1.381373e+03 1.506023e+03
7.5 1.023150e+03 1.088027e+03 1.337216e+03 1.272339e+03
8.5 1.334522e+03 1.055517e+03 1.292850e+03 1.571856e+03
9.5 1.056364e+03 1.037643e+03 1.255259e+03 1.273980e+03
10.5 1.147034e+03 1.029991e+03 1.226258e+03 1.343301e+03
11.5 1.161516e+03 1.029268e+03 1.205158e+03 1.337406e+03
12.5 1.090656e+03 1.033064e+03 1.190548e+03 1.248140e+03
13.5 1.281999e+03 1.039561e+03 1.181073e+03 1.423511e+03
14.5 8.288746e+02 1.047357e+03 1.175610e+03 9.571275e+02
15.5 1.150896e+03 1.055394e+03 1.173211e+03 1.268713e+03
16.5 1.104619e+03 1.062937e+03 1.173038e+03 1.214719e+03
17.5 1.032039e+03 1.069546e+03 1.174339e+03 1.136832e+03
18.5 1.262104e+03 1.075029e+03 1.176475e+03 1.363550e+03
19.5 1.214647e+03 1.079372e+03 1.178928e+03 1.314203e+03
20.5 1.010230e+03 1.081463e+03 1.178473e+03 1.107240e+03
21.5 1.068798e+03 1.074203e+03 1.157248e+03 1.151844e+03
22.5 9.461180e+02 1.053159e+03 1.100606e+03 9.935650e+02
23.5 8.400233e+02 1.030088e+03 1.031999e+03 8.419340e+02
24.5 7.819666e+02 1.021156e+03 9.902262e+02 7.510370e+02
25.5 1.085827e+03 1.030644e+03 9.895985e+02 1.044781e+03
26.5 1.221054e+03 1.052339e+03 1.019639e+03 1.188353e+03
27.5 1.277859e+03 1.077694e+03 1.062522e+03 1.262688e+03
28.5 8.879340e+02 1.100781e+03 1.104781e+03 8.919333e+02
29.5 1.539688e+03 1.119092e+03 1.139947e+03 1.560543e+03
30.5 1.315338e+03 1.133616e+03 1.169431e+03 1.351153e+03
31.5 1.052918e+03 1.152379e+03 1.211785e+03 1.112323e+03
32.5 1.231415e+03 1.180951e+03 1.283067e+03 1.333531e+03
33.5 1.075396e+03 1.208570e+03 1.361179e+03 1.228005e+03
34.5 1.305347e+03 1.219865e+03 1.408445e+03 1.493927e+03
35.5 1.039932e+03 1.211191e+03 1.411502e+03 1.240244e+03
36.5 9.985409e+02 1.189282e+03 1.381667e+03 1.190926e+03
37.5 1.302654e+03 1.163114e+03 1.337515e+03 1.477054e+03
38.5 1.161019e+03 1.138950e+03 1.293153e+03 1.315222e+03
39.5 8.703789e+02 1.119551e+03 1.255568e+03 1.006396e+03
40.5 9.362213e+02 1.105309e+03 1.226573e+03 1.057485e+03
41.5 9.156056e+02 1.095549e+03 1.205479e+03 1.025536e+03
42.5 1.113002e+03 1.089348e+03 1.190876e+03 1.214530e+03
43.5 1.077886e+03 1.085870e+03 1.181408e+03 1.173424e+03
44.5 7.628243e+02 1.084435e+03 1.175952e+03 8.543417e+02
45.5 1.140372e+03 1.084482e+03 1.173561e+03 1.229451e+03
46.5 9.383546e+02 1.085536e+03 1.173396e+03 1.026215e+03
47.5 1.070767e+03 1.087195e+03 1.174706e+03 1.158279e+03
48.5 1.329719e+03 1.089134e+03 1.176851e+03 1.417436e+03
49.5 1.158698e+03 1.091118e+03 1.179313e+03 1.246894e+03
50.5 1.167375e+03 1.094280e+03 1.178868e+03 1.251963e+03
51.5 1.246946e+03 1.108857e+03 1.157654e+03 1.295742e+03
52.5 1.147066e+03 1.156319e+03 1.101023e+03 1.091769e+03
53.5 1.292417e+03 1.241043e+03 1.032426e+03 1.083800e+03
54.5 1.275250e+03 1.340886e+03 9.906652e+02 9.250297e+02
55.5 1.279258e+03 1.431440e+03 9.900496e+02 8.378681e+02
0.5 1.315338e+03 1.133616e+03 1.169431e+03 1.351153e+03
1.5 1.052918e+03 1.152379e+03 1.211785e+03 1.112323e+03
2.5 1.231415e+03 1.180951e+03 1.283067e+03 1.333531e+03
3.5 1.075396e+03 1.208570e+03 1.361179e+03 1.228005e+03
4.5 1.305347e+03 1.219865e+03 1.408445e+03 1.493927e+03
5.5 1.039932e+03 1.211191e+03 1.411502e+03 1.240244e+03
6.5 9.985409e+02 1.189282e+03 1.381667e+03 1.190926e+03
7.5 1.302654e+03 1.163114e+03 1.337515e+03 1.477054e+03
8.5 1.161019e+03 1.138950e+03 1.293153e+03 1.315222e+03
9.5 8.703789e+02 1.119551e+03 1.255568e+03 1.006396e+03
10.5 9.362213e+02 1.105309e+03 1.226573e+03 1.057485e+03
11.5 9.156056e+02 1.095549e+03 1.205479e+03 1.025536e+03
12.5 1.113002e+03 1.089348e+03 1.190876e+03 1.214530e+03
13.5 1.077886e+03 1.085870e+03 1.181408e+03 1.173424e+03
14.5 7.628243e+02 1.084435e+03 1.175952e+03 8.543417e+02
15.5 1.140372e+03 1.084482e+03 1.173561e+03 1.229451e+03
16.5 9.383546e+02 1.085536e+03 1.173396e+03 1.026215e+03
17.5 1.070767e+03 1.087195e+03 1.174706e+03 1.158279e+03
18.5 1.329719e+03 1.089134e+03 1.176851e+03 1.417436e+03
19.5 1.158698e+03 1.091118e+03 1.179313e+03 1.246894e+03
20.5 1.167375e+03 1.094280e+03 1.178868e+03 1.251963e+03
21.5 1.246946e+03 1.108857e+03 1.157654e+03 1.295742e+03
22.5 1.147066e+03 1.156319e+03 1.101023e+03 1.091769e+03
23.5 1.292417e+03 1.241043e+03 1.032426e+03 1.083800e+03
24.5 1.275250e+03 1.340886e+03 9.906652e+02 9.250297e+02
25.5 1.279258e+03 1.431440e+03 9.900496e+02 8.378681e+02
26.5 1.632519e+03 1.500476e+03 1.020144e+03 1.152187e+03
27.5 1.772224e+03 1.546779e+03 1.063085e+03 1.288531e+03
28.5 1.757045e+03 1.574394e+03 1.105365e+03 1.288015e+03
29.5 1.605216e+03 1.588540e+03 1.140552e+03 1.157229e+03
30.5 1.431671e+03 1.592226e+03 1.170058e+03 1.009502e+03
31.5 1.509136e+03 1.578258e+03 1.212433e+03 1.143312e+03
32.5 1.420058e+03 1.527356e+03 1.283733e+03 1.176436e+03
33.5 1.142961e+03 1.436791e+03 1.361853e+03 1.068024e+03
34.5 1.600210e+03 1.329987e+03 1.409114e+03 1.679337e+03
35.5 1.260879e+03 1.232333e+03 1.412154e+03 1.440700e+03
36.5 1.215808e+03 1.156818e+03 1.382297e+03 1.441287e+03
37.5 1.239667e+03 1.105057e+03 1.338126e+03 1.472735e+03
38.5 9.841262e+02 1.073086e+03 1.293752e+03 1.204791e+03
39.5 1.142172e+03 1.055748e+03 1.256161e+03 1.342585e+03
40.5 1.153456e+03 1.048629e+03 1.227167e+03 1.331994e+03
41.5 9.339750e+02 1.048438e+03 1.206081e+03 1.091618e+03
42.5 1.132955e+03 1.052766e+03 1.191491e+03 1.271679e+03
43.5 1.289144e+03 1.059797e+03 1.182040e+03 1.411387e+03
44.5 1.116291e+03 1.068127e+03 1.176605e+03 1.224768e+03
45.5 1.107743e+03 1.076701e+03 1.174237e+03 1.205278e+03
46.5 1.218185e+03 1.084782e+03 1.174096e+03 1.307498e+03
47.5 1.041212e+03 1.091933e+03 1.175431e+03 1.124710e+03
48.5 1.035335e+03 1.097960e+03 1.177602e+03 1.114977e+03
49.5 9.606804e+02 1.102852e+03 1.180091e+03 1.037919e+03
50.5 1.122696e+03 1.105496e+03 1.179672e+03 1.196873e+03
51.5 9.615375e+02 1.098795e+03 1.158486e+03 1.021229e+03
52.5 1.291266e+03 1.078321e+03 1.101893e+03 1.314838e+03
53.5 1.062830e+03 1.055837e+03 1.033364e+03 1.040357e+03
54.5 1.083627e+03 1.047514e+03 9.917094e+02 1.027822e+03
55.5 1.120976e+03 1.057628e+03 9.912292e+02 1.054577e+03
0.5 1.431671e+03 1.592226e+03 1.170058e+03 1.009502e+03
1.5 1.509136e+03 1.578258e+03 1.212433e+03 1.143312e+03
2.5 1.420058e+03 1.527356e+03 1.283733e+03 1.176436e+03
3.5 1.142961e+03 1.436791e+03 1.361853e+03 1.068024e+03
4.5 1.600210e+03 1.329987e+03 1.409114e+03 1.679337e+03
5.5 1.260879e+03 1.232333e+03 1.412154e+03 1.440700e+03
6.5 1.215808e+03 1.156818e+03 1.382297e+03 1.441287e+03
7.5 1.239667e+03 1.105057e+03 1.338126e+03 1.472735e+03
8.5 9.841262e+02 1.073086e+03 1.293752e+03 1.204791e+03
9.5 1.142172e+03 1.055748e+03 1.256161e+03 1.342585e+03
10.5 1.153456e+03 1.048629e+03 1.227167e+03 1.331994e+03
11.5 9.339750e+02 1.048438e+03 1.206081e+03 1.091618e+03
12.5 1.132955e+03 1.052766e+03 1.191491e+03 1.271679e+03
13.5 1.289144e+03 1.059797e+03 1.182040e+03 1.411387e+03
14.5 1.116291e+03 1.068127e+03 1.176605e+03 1.224768e+03
15.5 1.107743e+03 1.076701e+03 1.174237e+03 1.205278e+03
16.5 1.218185e+03 1.084782e+03 1.174096e+03 1.307498e+03
17.5 1.041212e+03 1.091933e+03 1.175431e+03 1.124710e+03
18.5 1.035335e+03 1.097960e+03 1.177602e+03 1.114977e+03
19.5 9.606804e+02 1.102852e+03 1.180091e+03 1.037919e+03
20.5 1.122696e+03 1.105496e+03 1.179672e+03 1.196873e+03
21.5 9.615375e+02 1.098795e+03 1.158486e+03 1.021229e+03
22.5 1.291266e+03 1.078321e+03 1.101893e+03 1.314838e+03
23.5 1.062830e+03 1.055837e+03 1.033364e+03 1.040357e+03
24.5 1.083627e+03 1.047514e+03 9.917094e+02 1.027822e+03
25.5 1.120976e+03 1.057628e+03 9.912292e+02 1.054577e+03
26.5 1.128991e+03 1.079957e+03 1.021428e+03 1.070462e+03
27.5 9.973250e+02 1.105948e+03 1.064463e+03 9.558391e+02
28.5 1.082073e+03 1.129673e+03 1.106858e+03 1.059258e+03
29.5 9.487784e+02 1.148610e+03 1.142131e+03 9.422995e+02
30.5 1.136158e+03 1.160880e+03 1.168828e+03 1.144106e+03
