0.5 8.741098e+03 8.803042e+03 8.858828e+03 8.796885e+03
1.5 8.806387e+03 8.805845e+03 8.858443e+03 8.858985e+03
2.5 8.817155e+03 8.815774e+03 8.853595e+03 8.854976e+03
3.5 8.867665e+03 8.834816e+03 8.840486e+03 8.873335e+03
4.5 8.895586e+03 8.858723e+03 8.820350e+03 8.857213e+03
5.5 8.920869e+03 8.881781e+03 8.797805e+03 8.836894e+03
6.5 8.916117e+03 8.900468e+03 8.777206e+03 8.792856e+03
7.5 8.944864e+03 8.913829e+03 8.760911e+03 8.791945e+03
8.5 8.949269e+03 8.922433e+03 8.749410e+03 8.776246e+03
9.5 8.955457e+03 8.927355e+03 8.742135e+03 8.770237e+03
10.5 8.930482e+03 8.929408e+03 8.738162e+03 8.739236e+03
11.5 8.908819e+03 8.927419e+03 8.737216e+03 8.718616e+03
12.5 8.880949e+03 8.917042e+03 8.742391e+03 8.706298e+03
13.5 8.875483e+03 8.896787e+03 8.756909e+03 8.735605e+03
14.5 8.852848e+03 8.871280e+03 8.779089e+03 8.760657e+03
15.5 8.882814e+03 8.846517e+03 8.803973e+03 8.840269e+03
16.5 8.843870e+03 8.826220e+03 8.826951e+03 8.844600e+03
17.5 8.849738e+03 8.811466e+03 8.845489e+03 8.883760e+03
18.5 8.853104e+03 8.801748e+03 8.858990e+03 8.910345e+03
19.5 8.827267e+03 8.796000e+03 8.867976e+03 8.899243e+03
20.5 8.824073e+03 8.793160e+03 8.873366e+03 8.904279e+03
21.5 8.822585e+03 8.792363e+03 8.876082e+03 8.906303e+03
22.5 8.824034e+03 8.792945e+03 8.876900e+03 8.907989e+03
23.5 8.800798e+03 8.794392e+03 8.876438e+03 8.882844e+03
24.5 8.833671e+03 8.796307e+03 8.875185e+03 8.912548e+03
25.5 8.804185e+03 8.798387e+03 8.873517e+03 8.879316e+03
26.5 8.780953e+03 8.800413e+03 8.871720e+03 8.852260e+03
27.5 8.754875e+03 8.802246e+03 8.869991e+03 8.822619e+03
28.5 8.725796e+03 8.803816e+03 8.868452e+03 8.790431e+03
29.5 8.728160e+03 8.805102e+03 8.867163e+03 8.790220e+03
30.5 8.760867e+03 8.806347e+03 8.866134e+03 8.820655e+03
31.5 8.784405e+03 8.809586e+03 8.864728e+03 8.839547e+03
32.5 8.803065e+03 8.819827e+03 8.859076e+03 8.842314e+03
33.5 8.848579e+03 8.839070e+03 8.845340e+03 8.854849e+03
34.5 8.889768e+03 8.863087e+03 8.824715e+03 8.851397e+03
35.5 8.924855e+03 8.886183e+03 8.801782e+03 8.840454e+03
36.5 8.933912e+03 8.904858e+03 8.780868e+03 8.809922e+03
37.5 8.928412e+03 8.918170e+03 8.764309e+03 8.774551e+03
38.5 8.915359e+03 8.926701e+03 8.752581e+03 8.741239e+03
39.5 8.924078e+03 8.931534e+03 8.745102e+03 8.737646e+03
40.5 8.917806e+03 8.933491e+03 8.740941e+03 8.725257e+03
41.5 8.924482e+03 8.931400e+03 8.739819e+03 8.732901e+03
42.5 8.945101e+03 8.920920e+03 8.744825e+03 8.769005e+03
43.5 8.942265e+03 8.900563e+03 8.759179e+03 8.800881e+03
44.5 8.912613e+03 8.874954e+03 8.781200e+03 8.818858e+03
45.5 8.863150e+03 8.850094e+03 8.805927e+03 8.818983e+03
0.5 8.760867e+03 8.806347e+03 8.866134e+03 8.820655e+03
1.5 8.784405e+03 8.809586e+03 8.864728e+03 8.839547e+03
2.5 8.803065e+03 8.819827e+03 8.859076e+03 8.842314e+03
3.5 8.848579e+03 8.839070e+03 8.845340e+03 8.854849e+03
4.5 8.889768e+03 8.863087e+03 8.824715e+03 8.851397e+03
5.5 8.924855e+03 8.886183e+03 8.801782e+03 8.840454e+03
6.5 8.933912e+03 8.904858e+03 8.780868e+03 8.809922e+03
7.5 8.928412e+03 8.918170e+03 8.764309e+03 8.774551e+03
8.5 8.915359e+03 8.926701e+03 8.752581e+03 8.741239e+03
9.5 8.924078e+03 8.931534e+03 8.745102e+03 8.737646e+03
10.5 8.917806e+03 8.933491e+03 8.740941e+03 8.725257e+03
11.5 8.924482e+03 8.931400e+03 8.739819e+03 8.732901e+03
12.5 8.945101e+03 8.920920e+03 8.744825e+03 8.769005e+03
13.5 8.942265e+03 8.900563e+03 8.759179e+03 8.800881e+03
14.5 8.912613e+03 8.874954e+03 8.781200e+03 8.818858e+03
15.5 8.863150e+03 8.850094e+03 8.805927e+03 8.818983e+03
16.5 8.839332e+03 8.829701e+03 8.828752e+03 8.838384e+03
17.5 8.814032e+03 8.814853e+03 8.847140e+03 8.846319e+03
18.5 8.792497e+03 8.805045e+03 8.860494e+03 8.847946e+03
19.5 8.832042e+03 8.799208e+03 8.869334e+03 8.902168e+03
20.5 8.819445e+03 8.796283e+03 8.874582e+03 8.897744e+03
21.5 8.814196e+03 8.795404e+03 8.877157e+03 8.895950e+03
22.5 8.789250e+03 8.795906e+03 8.877837e+03 8.871182e+03
23.5 8.762324e+03 8.797276e+03 8.877240e+03 8.842289e+03
24.5 8.758030e+03 8.799116e+03 8.875853e+03 8.834768e+03
25.5 8.779438e+03 8.801123e+03 8.874055e+03 8.852371e+03
26.5 8.806159e+03 8.803078e+03 8.872129e+03 8.875210e+03
27.5 8.848285e+03 8.804843e+03 8.870274e+03 8.913716e+03
28.5 8.880758e+03 8.806346e+03 8.868612e+03 8.943023e+03
29.5 8.900122e+03 8.807569e+03 8.867202e+03 8.959755e+03
30.5 8.871177e+03 8.809081e+03 8.866058e+03 8.928154e+03
31.5 8.819591e+03 8.814680e+03 8.865162e+03 8.870073e+03
32.5 8.835931e+03 8.829453e+03 8.864480e+03 8.870957e+03
33.5 8.818227e+03 8.851137e+03 8.863970e+03 8.831061e+03
34.5 8.824101e+03 8.871575e+03 8.863593e+03 8.816119e+03
35.5 8.835420e+03 8.885351e+03 8.863314e+03 8.813383e+03
36.5 8.881648e+03 8.891976e+03 8.863104e+03 8.852776e+03
37.5 8.962165e+03 8.893535e+03 8.862941e+03 8.931570e+03
38.5 8.958976e+03 8.892359e+03 8.862809e+03 8.929425e+03
39.5 8.984533e+03 8.890043e+03 8.862698e+03 8.957188e+03
40.5 8.971067e+03 8.886866e+03 8.862598e+03 8.946800e+03
41.5 8.888929e+03 8.879420e+03 8.862505e+03 8.872014e+03
42.5 8.835936e+03 8.862808e+03 8.862416e+03 8.835545e+03
43.5 8.776421e+03 8.839408e+03 8.862329e+03 8.799341e+03
44.5 8.724018e+03 8.817467e+03 8.862241e+03 8.768791e+03
45.5 8.728521e+03 8.802461e+03 8.862153e+03 8.788212e+03
0.5 8.839893e+03 8.811935e+03 8.860645e+03 8.888603e+03
1.5 8.843036e+03 8.814475e+03 8.859906e+03 8.888466e+03
2.5 8.837123e+03 8.824149e+03 8.854708e+03 8.867682e+03
3.5 8.831383e+03 8.842942e+03 8.841255e+03 8.829695e+03
4.5 8.875458e+03 8.866607e+03 8.820780e+03 8.829631e+03
5.5 8.904763e+03 8.889428e+03 8.797900e+03 8.813235e+03
6.5 8.930094e+03 8.907876e+03 8.776971e+03 8.799189e+03
7.5 8.937381e+03 8.920982e+03 8.760347e+03 8.776746e+03
8.5 8.908437e+03 8.929340e+03 8.748522e+03 8.727618e+03
9.5 8.915231e+03 8.934021e+03 8.740926e+03 8.722135e+03
10.5 8.901364e+03 8.935837e+03 8.736637e+03 8.702164e+03
11.5 8.876682e+03 8.933613e+03 8.735379e+03 8.678448e+03
12.5 8.881135e+03 8.923004e+03 8.740245e+03 8.698376e+03
13.5 8.889665e+03 8.902522e+03 8.754458e+03 8.741600e+03
14.5 8.897659e+03 8.876798e+03 8.776337e+03 8.797198e+03
15.5 8.862244e+03 8.851832e+03 8.800924e+03 8.811336e+03
16.5 8.852703e+03 8.831342e+03 8.823607e+03 8.844968e+03
17.5 8.822369e+03 8.816408e+03 8.841854e+03 8.847816e+03
18.5 8.779363e+03 8.806519e+03 8.855068e+03 8.827911e+03
19.5 8.754646e+03 8.800607e+03 8.863768e+03 8.817808e+03
20.5 8.796508e+03 8.797610e+03 8.868877e+03 8.867774e+03
21.5 8.803552e+03 8.796661e+03 8.871313e+03 8.878203e+03
22.5 8.773465e+03 8.797095e+03 8.871854e+03 8.848224e+03
23.5 8.828998e+03 8.798397e+03 8.871117e+03 8.901718e+03
24.5 8.860859e+03 8.800169e+03 8.869591e+03 8.930281e+03
25.5 8.839762e+03 8.802107e+03 8.867652e+03 8.905307e+03
26.5 8.847728e+03 8.803993e+03 8.865585e+03 8.909319e+03
27.5 8.801710e+03 8.805688e+03 8.863587e+03 8.859609e+03
28.5 8.817492e+03 8.807120e+03 8.861780e+03 8.872152e+03
29.5 8.799091e+03 8.808271e+03 8.860225e+03 8.851045e+03
30.5 8.818105e+03 8.809710e+03 8.858933e+03 8.867329e+03
31.5 8.796904e+03 8.815236e+03 8.857888e+03 8.839556e+03
32.5 8.866945e+03 8.829932e+03 8.857053e+03 8.894066e+03
33.5 8.911473e+03 8.851532e+03 8.856389e+03 8.916330e+03
34.5 8.956307e+03 8.871875e+03 8.855854e+03 8.940287e+03
35.5 8.955809e+03 8.885544e+03 8.855415e+03 8.925680e+03
36.5 8.942037e+03 8.892051e+03 8.855040e+03 8.905026e+03
37.5 8.867095e+03 8.893487e+03 8.854710e+03 8.828318e+03
38.5 8.800212e+03 8.892183e+03 8.854407e+03 8.762435e+03
39.5 8.769881e+03 8.889740e+03 8.854119e+03 8.734260e+03
40.5 8.750876e+03 8.886918e+03 8.853839e+03 8.717798e+03
