0.5 2.731578e+03 2.749291e+03 2.712000e+03 2.694286e+03
1.5 2.707327e+03 2.745819e+03 2.712537e+03 2.674044e+03
2.5 2.737456e+03 2.737608e+03 2.716602e+03 2.716449e+03
3.5 2.727807e+03 2.725039e+03 2.727200e+03 2.729968e+03
4.5 2.702147e+03 2.711966e+03 2.743356e+03 2.733536e+03
5.5 2.703407e+03 2.701549e+03 2.761416e+03 2.763274e+03
6.5 2.677754e+03 2.694690e+03 2.777937e+03 2.761001e+03
7.5 2.688871e+03 2.690815e+03 2.791050e+03 2.789106e+03
8.5 2.677972e+03 2.688948e+03 2.800367e+03 2.789390e+03
9.5 2.673198e+03 2.688279e+03 2.806337e+03 2.791256e+03
10.5 2.680650e+03 2.688534e+03 2.809690e+03 2.801806e+03
11.5 2.683791e+03 2.691217e+03 2.810644e+03 2.803218e+03
12.5 2.727289e+03 2.699027e+03 2.806741e+03 2.835003e+03
13.5 2.717774e+03 2.711382e+03 2.795442e+03 2.801834e+03
14.5 2.675626e+03 2.724305e+03 2.778078e+03 2.729400e+03
15.5 2.717393e+03 2.734538e+03 2.758571e+03 2.741426e+03
16.5 2.693250e+03 2.741120e+03 2.740566e+03 2.692696e+03
17.5 2.672312e+03 2.744596e+03 2.726068e+03 2.653785e+03
18.5 2.706151e+03 2.745941e+03 2.715550e+03 2.675760e+03
19.5 2.724114e+03 2.745983e+03 2.708598e+03 2.686729e+03
20.5 2.729515e+03 2.745268e+03 2.704485e+03 2.688732e+03
21.5 2.705798e+03 2.744124e+03 2.702482e+03 2.664157e+03
22.5 2.747969e+03 2.742756e+03 2.701976e+03 2.707188e+03
23.5 2.764680e+03 2.741308e+03 2.702476e+03 2.725847e+03
24.5 2.737711e+03 2.739888e+03 2.703597e+03 2.701420e+03
25.5 2.767879e+03 2.738571e+03 2.705040e+03 2.734347e+03
26.5 2.732210e+03 2.737406e+03 2.706581e+03 2.701385e+03
27.5 2.753240e+03 2.736410e+03 2.708062e+03 2.724892e+03
28.5 2.772645e+03 2.735578e+03 2.709387e+03 2.746454e+03
29.5 2.753756e+03 2.734893e+03 2.710509e+03 2.729372e+03
30.5 2.748979e+03 2.734326e+03 2.711417e+03 2.726070e+03
31.5 2.757348e+03 2.733863e+03 2.712125e+03 2.735611e+03
32.5 2.716740e+03 2.733586e+03 2.712661e+03 2.695814e+03
33.5 2.702484e+03 2.733600e+03 2.713057e+03 2.681941e+03
34.5 2.704815e+03 2.733867e+03 2.713344e+03 2.684291e+03
35.5 2.738733e+03 2.734248e+03 2.713550e+03 2.718035e+03
36.5 2.732018e+03 2.734601e+03 2.713697e+03 2.711114e+03
37.5 2.714874e+03 2.734845e+03 2.713804e+03 2.693833e+03
38.5 2.741098e+03 2.734959e+03 2.713882e+03 2.720021e+03
39.5 2.700575e+03 2.734954e+03 2.713941e+03 2.679562e+03
40.5 2.690353e+03 2.734857e+03 2.713987e+03 2.669483e+03
41.5 2.734227e+03 2.734684e+03 2.714023e+03 2.713566e+03
42.5 2.734544e+03 2.734349e+03 2.714054e+03 2.714249e+03
43.5 2.751048e+03 2.733747e+03 2.714079e+03 2.731380e+03
44.5 2.724059e+03 2.732913e+03 2.714101e+03 2.705247e+03
45.5 2.729519e+03 2.731989e+03 2.714120e+03 2.711650e+03
0.5 2.682260e+03 2.726569e+03 2.712640e+03 2.668331e+03
1.5 2.664300e+03 2.724308e+03 2.713056e+03 2.653048e+03
2.5 2.711414e+03 2.717110e+03 2.716994e+03 2.711298e+03
3.5 2.718297e+03 2.705417e+03 2.727461e+03 2.740340e+03
4.5 2.707057e+03 2.693124e+03 2.743478e+03 2.757410e+03
5.5 2.720223e+03 2.683421e+03 2.761394e+03 2.798196e+03
6.5 2.686302e+03 2.677231e+03 2.777764e+03 2.786836e+03
7.5 2.687405e+03 2.673993e+03 2.790723e+03 2.804135e+03
8.5 2.678791e+03 2.672740e+03 2.799882e+03 2.805933e+03
9.5 2.631365e+03 2.672667e+03 2.805692e+03 2.764391e+03
10.5 2.632289e+03 2.673503e+03 2.808883e+03 2.767669e+03
11.5 2.639117e+03 2.676744e+03 2.809672e+03 2.772045e+03
12.5 2.707398e+03 2.685093e+03 2.805613e+03 2.827917e+03
13.5 2.739500e+03 2.697986e+03 2.794156e+03 2.835670e+03
14.5 2.735098e+03 2.711437e+03 2.776632e+03 2.800293e+03
15.5 2.765051e+03 2.722187e+03 2.756962e+03 2.799826e+03
16.5 2.767324e+03 2.729277e+03 2.738793e+03 2.776840e+03
17.5 2.752994e+03 2.733251e+03 2.724129e+03 2.743872e+03
18.5 2.727637e+03 2.735086e+03 2.713443e+03 2.705993e+03
19.5 2.711138e+03 2.735609e+03 2.706322e+03 2.681850e+03
20.5 2.734619e+03 2.735365e+03 2.702037e+03 2.701291e+03
21.5 2.711048e+03 2.734684e+03 2.699862e+03 2.676226e+03
22.5 2.713235e+03 2.733771e+03 2.699182e+03 2.678645e+03
23.5 2.696250e+03 2.732769e+03 2.699506e+03 2.662987e+03
24.5 2.740666e+03 2.731786e+03 2.700450e+03 2.709331e+03
25.5 2.723031e+03 2.730899e+03 2.701715e+03 2.693848e+03
26.5 2.778123e+03 2.730155e+03 2.703077e+03 2.751045e+03
27.5 2.739458e+03 2.729572e+03 2.704377e+03 2.714263e+03
28.5 2.781897e+03 2.729146e+03 2.705521e+03 2.758271e+03
29.5 2.714500e+03 2.728859e+03 2.706459e+03 2.692100e+03
30.5 2.724698e+03 2.728684e+03 2.707183e+03 2.703197e+03
31.5 2.725973e+03 2.728605e+03 2.707705e+03 2.705074e+03
32.5 2.746778e+03 2.728706e+03 2.708054e+03 2.726126e+03
33.5 2.752525e+03 2.729090e+03 2.708262e+03 2.731696e+03
34.5 2.737687e+03 2.729721e+03 2.708359e+03 2.716325e+03
35.5 2.740817e+03 2.730459e+03 2.708374e+03 2.718731e+03
36.5 2.736025e+03 2.731177e+03 2.708329e+03 2.713177e+03
37.5 2.752490e+03 2.731797e+03 2.708242e+03 2.728935e+03
38.5 2.719709e+03 2.732269e+03 2.708124e+03 2.695564e+03
39.5 2.765683e+03 2.732619e+03 2.707985e+03 2.741049e+03
40.5 2.769030e+03 2.732872e+03 2.707832e+03 2.743990e+03
41.5 2.778091e+03 2.733046e+03 2.707667e+03 2.752713e+03
42.5 2.741827e+03 2.733052e+03 2.707494e+03 2.716269e+03
43.5 2.741922e+03 2.732785e+03 2.707315e+03 2.716452e+03
44.5 2.740275e+03 2.732277e+03 2.707129e+03 2.715128e+03
45.5 2.709008e+03 2.731667e+03 2.706938e+03 2.684279e+03
0.5 2.731589e+03 2.731541e+03 2.703395e+03 2.703443e+03
1.5 2.724797e+03 2.729434e+03 2.703600e+03 2.698963e+03
2.5 2.708232e+03 2.722395e+03 2.707322e+03 2.693160e+03
3.5 2.715848e+03 2.710866e+03 2.717564e+03 2.722546e+03
4.5 2.685926e+03 2.698745e+03 2.733344e+03 2.720524e+03
5.5 2.667270e+03 2.689225e+03 2.751008e+03 2.729053e+03
6.5 2.646550e+03 2.683227e+03 2.767108e+03 2.730431e+03
7.5 2.661221e+03 2.680189e+03 2.779779e+03 2.760811e+03
8.5 2.662909e+03 2.679143e+03 2.788634e+03 2.772399e+03
9.5 2.716477e+03 2.679280e+03 2.794123e+03 2.831320e+03
10.5 2.726510e+03 2.679670e+03 2.796979e+03 2.843819e+03
