0.5 3.378911e+03 3.555475e+03 3.561505e+03 3.384941e+03
1.5 3.488877e+03 3.537943e+03 3.561854e+03 3.512788e+03
2.5 3.259190e+03 3.490512e+03 3.564490e+03 3.333169e+03
3.5 3.421273e+03 3.424786e+03 3.571363e+03 3.567850e+03
4.5 3.455605e+03 3.369148e+03 3.581840e+03 3.668298e+03
5.5 3.360394e+03 3.339103e+03 3.593553e+03 3.614844e+03
6.5 3.311943e+03 3.332657e+03 3.604266e+03 3.583552e+03
7.5 3.091957e+03 3.340306e+03 3.612770e+03 3.364421e+03
8.5 3.371913e+03 3.353316e+03 3.618812e+03 3.637409e+03
9.5 3.502128e+03 3.366527e+03 3.622684e+03 3.758285e+03
10.5 3.168232e+03 3.379812e+03 3.624858e+03 3.413279e+03
11.5 3.289934e+03 3.405787e+03 3.625477e+03 3.509625e+03
12.5 3.454470e+03 3.459303e+03 3.622946e+03 3.618112e+03
13.5 3.608863e+03 3.528813e+03 3.615619e+03 3.695669e+03
14.5 3.513212e+03 3.586223e+03 3.604358e+03 3.531348e+03
15.5 3.727582e+03 3.616273e+03 3.591707e+03 3.703016e+03
16.5 3.660589e+03 3.621245e+03 3.580031e+03 3.619376e+03
17.5 3.542812e+03 3.610961e+03 3.570629e+03 3.502480e+03
18.5 3.464660e+03 3.594490e+03 3.563808e+03 3.433978e+03
19.5 3.588315e+03 3.577310e+03 3.559300e+03 3.570305e+03
20.5 3.589074e+03 3.561792e+03 3.556632e+03 3.583914e+03
21.5 3.647285e+03 3.548570e+03 3.555333e+03 3.654048e+03
22.5 3.359312e+03 3.537603e+03 3.555005e+03 3.376714e+03
23.5 3.354324e+03 3.528700e+03 3.555329e+03 3.380953e+03
24.5 3.387401e+03 3.521670e+03 3.556056e+03 3.421787e+03
25.5 3.428005e+03 3.516313e+03 3.556992e+03 3.468685e+03
26.5 3.222366e+03 3.512388e+03 3.557991e+03 3.267970e+03
27.5 3.369297e+03 3.509614e+03 3.558952e+03 3.418634e+03
28.5 3.217359e+03 3.507696e+03 3.559811e+03 3.269475e+03
29.5 3.402381e+03 3.506355e+03 3.560539e+03 3.456564e+03
30.5 3.559540e+03 3.506071e+03 3.561128e+03 3.614597e+03
31.5 3.407124e+03 3.513556e+03 3.561587e+03 3.455155e+03
32.5 3.661045e+03 3.548126e+03 3.561934e+03 3.674854e+03
33.5 3.502864e+03 3.619718e+03 3.562191e+03 3.445338e+03
34.5 3.703825e+03 3.713713e+03 3.562377e+03 3.552489e+03
35.5 3.977108e+03 3.807491e+03 3.562511e+03 3.732128e+03
36.5 3.875431e+03 3.885590e+03 3.562606e+03 3.552447e+03
37.5 4.029366e+03 3.942626e+03 3.562676e+03 3.649415e+03
38.5 3.911850e+03 3.979879e+03 3.562726e+03 3.494697e+03
39.5 3.752723e+03 4.001308e+03 3.562765e+03 3.314179e+03
40.5 4.066610e+03 4.010412e+03 3.562794e+03 3.618992e+03
41.5 3.856402e+03 4.003813e+03 3.562818e+03 3.415407e+03
42.5 3.711979e+03 3.964777e+03 3.562838e+03 3.310039e+03
43.5 4.040831e+03 3.885359e+03 3.562854e+03 3.718326e+03
44.5 3.745718e+03 3.781730e+03 3.562868e+03 3.526856e+03
45.5 3.677998e+03 3.677708e+03 3.562881e+03 3.563170e+03
0.5 3.387692e+03 3.474102e+03 3.561921e+03 3.475511e+03
1.5 3.299117e+03 3.460396e+03 3.562190e+03 3.400911e+03
2.5 3.376885e+03 3.416184e+03 3.564745e+03 3.525446e+03
3.5 3.245715e+03 3.353337e+03 3.571532e+03 3.463910e+03
4.5 3.048355e+03 3.300406e+03 3.581919e+03 3.329869e+03
5.5 3.167159e+03 3.272995e+03 3.593538e+03 3.487702e+03
6.5 3.157771e+03 3.269160e+03 3.604154e+03 3.492765e+03
7.5 3.130279e+03 3.279417e+03 3.612558e+03 3.463420e+03
8.5 3.144313e+03 3.295036e+03 3.618498e+03 3.467774e+03
9.5 3.576394e+03 3.310855e+03 3.622266e+03 3.887804e+03
10.5 3.593539e+03 3.326742e+03 3.624335e+03 3.891132e+03
11.5 3.330572e+03 3.355237e+03 3.624846e+03 3.600182e+03
12.5 3.442651e+03 3.411220e+03 3.622214e+03 3.653645e+03
13.5 3.413929e+03 3.483254e+03 3.614785e+03 3.545459e+03
14.5 3.642237e+03 3.543168e+03 3.603420e+03 3.702488e+03
15.5 3.443838e+03 3.575695e+03 3.590664e+03 3.458807e+03
16.5 3.271513e+03 3.583115e+03 3.578881e+03 3.267280e+03
17.5 3.770390e+03 3.575256e+03 3.569372e+03 3.764505e+03
18.5 3.415307e+03 3.561186e+03 3.562441e+03 3.416562e+03
19.5 3.204320e+03 3.546378e+03 3.557823e+03 3.215765e+03
20.5 3.338458e+03 3.533203e+03 3.555045e+03 3.360299e+03
21.5 3.275382e+03 3.522295e+03 3.553634e+03 3.306721e+03
22.5 3.562228e+03 3.513614e+03 3.553193e+03 3.601807e+03
23.5 3.374912e+03 3.506968e+03 3.553403e+03 3.421348e+03
24.5 3.219145e+03 3.502166e+03 3.554016e+03 3.270995e+03
25.5 3.493312e+03 3.499007e+03 3.554836e+03 3.549141e+03
26.5 3.470658e+03 3.497253e+03 3.555719e+03 3.529124e+03
27.5 3.593346e+03 3.496622e+03 3.556562e+03 3.653286e+03
28.5 3.730253e+03 3.496818e+03 3.557304e+03 3.790739e+03
29.5 3.694678e+03 3.497565e+03 3.557913e+03 3.755026e+03
30.5 3.559688e+03 3.499340e+03 3.558382e+03 3.618729e+03
31.5 3.540021e+03 3.508857e+03 3.558721e+03 3.589885e+03
32.5 3.617477e+03 3.545432e+03 3.558947e+03 3.630992e+03
33.5 3.637228e+03 3.619004e+03 3.559081e+03 3.577305e+03
34.5 3.725165e+03 3.714953e+03 3.559144e+03 3.569356e+03
35.5 3.825080e+03 3.810660e+03 3.559154e+03 3.573574e+03
36.5 3.816207e+03 3.890756e+03 3.559125e+03 3.484576e+03
37.5 4.067720e+03 3.949809e+03 3.559069e+03 3.676980e+03
38.5 4.143372e+03 3.988974e+03 3.558992e+03 3.713390e+03
39.5 3.948670e+03 4.012297e+03 3.558902e+03 3.495275e+03
40.5 3.880574e+03 4.023275e+03 3.558803e+03 3.416102e+03
41.5 4.072365e+03 4.018532e+03 3.558696e+03 3.612529e+03
42.5 4.001477e+03 3.981330e+03 3.558584e+03 3.578730e+03
43.5 3.688530e+03 3.903712e+03 3.558467e+03 3.343286e+03
44.5 3.793568e+03 3.801842e+03 3.558347e+03 3.550073e+03
45.5 3.776027e+03 3.699541e+03 3.558223e+03 3.634710e+03
0.5 3.508521e+03 3.519342e+03 3.555925e+03 3.545105e+03
1.5 3.402618e+03 3.506658e+03 3.556059e+03 3.452018e+03
2.5 3.616689e+03 3.463496e+03 3.558472e+03 3.711666e+03
3.5 3.331004e+03 3.401742e+03 3.565114e+03 3.494375e+03
4.5 3.366627e+03 3.349962e+03 3.575348e+03 3.592013e+03
5.5 3.437677e+03 3.323761e+03 3.586803e+03 3.700719e+03
6.5 3.540011e+03 3.321185e+03 3.597244e+03 3.816070e+03
7.5 3.284385e+03 3.332738e+03 3.605461e+03 3.557108e+03
8.5 3.381659e+03 3.349686e+03 3.611203e+03 3.643176e+03
9.5 3.518645e+03 3.366846e+03 3.614763e+03 3.766561e+03
10.5 3.244068e+03 3.379734e+03 3.616615e+03 3.480949e+03
