0.5 9.064598e+03 9.114581e+03 9.203711e+03 9.153728e+03
1.5 9.101236e+03 9.121991e+03 9.170538e+03 9.149783e+03
2.5 9.198532e+03 9.134759e+03 9.087682e+03 9.151455e+03
3.5 9.091572e+03 9.149411e+03 8.988164e+03 8.930326e+03
4.5 8.993459e+03 9.159489e+03 8.926789e+03 8.760759e+03
5.5 9.064068e+03 9.162420e+03 8.923862e+03 8.825510e+03
6.5 9.026089e+03 9.159801e+03 8.964652e+03 8.830940e+03
7.5 9.147403e+03 9.154569e+03 9.023982e+03 9.016816e+03
8.5 9.128893e+03 9.149021e+03 9.082783e+03 9.062654e+03
9.5 9.231503e+03 9.144324e+03 9.131846e+03 9.219025e+03
10.5 9.169278e+03 9.140318e+03 9.173089e+03 9.202049e+03
11.5 9.158713e+03 9.133888e+03 9.232674e+03 9.257499e+03
12.5 9.059476e+03 9.122116e+03 9.333373e+03 9.270733e+03
13.5 9.148938e+03 9.108541e+03 9.444078e+03 9.484474e+03
14.5 9.054908e+03 9.099660e+03 9.511505e+03 9.466753e+03
15.5 9.119013e+03 9.098063e+03 9.516595e+03 9.537545e+03
16.5 9.107550e+03 9.102132e+03 9.475166e+03 9.480584e+03
17.5 9.016621e+03 9.108891e+03 9.413364e+03 9.321095e+03
18.5 9.088514e+03 9.115987e+03 9.351091e+03 9.323617e+03
19.5 9.109210e+03 9.122202e+03 9.298226e+03 9.285234e+03
20.5 9.109163e+03 9.127168e+03 9.257365e+03 9.239360e+03
21.5 9.143663e+03 9.130941e+03 9.227569e+03 9.240291e+03
22.5 9.123064e+03 9.133710e+03 9.206871e+03 9.196225e+03
23.5 9.320986e+03 9.135665e+03 9.193382e+03 9.378703e+03
24.5 9.162338e+03 9.136965e+03 9.185532e+03 9.210905e+03
25.5 9.154461e+03 9.137745e+03 9.181996e+03 9.198712e+03
26.5 9.213727e+03 9.138129e+03 9.181599e+03 9.257197e+03
27.5 9.027222e+03 9.138232e+03 9.183289e+03 9.072279e+03
28.5 9.173401e+03 9.138155e+03 9.186165e+03 9.221411e+03
29.5 9.228430e+03 9.137982e+03 9.189498e+03 9.279946e+03
30.5 9.267888e+03 9.138259e+03 9.188736e+03 9.318365e+03
31.5 9.241422e+03 9.142055e+03 9.158627e+03 9.257993e+03
32.5 9.301783e+03 9.152107e+03 9.078343e+03 9.228020e+03
33.5 9.072725e+03 9.164691e+03 8.980872e+03 8.888905e+03
34.5 9.219554e+03 9.173153e+03 8.921055e+03 8.967456e+03
35.5 9.232356e+03 9.174769e+03 8.919269e+03 8.976857e+03
36.5 9.250183e+03 9.171031e+03 8.960871e+03 9.040023e+03
37.5 9.239657e+03 9.164808e+03 9.020769e+03 9.095617e+03
38.5 9.124957e+03 9.158352e+03 9.079959e+03 9.046563e+03
39.5 9.250675e+03 9.152797e+03 9.129284e+03 9.227162e+03
40.5 9.075041e+03 9.147966e+03 9.170705e+03 9.097780e+03
41.5 9.132891e+03 9.140733e+03 9.230411e+03 9.222569e+03
42.5 9.340017e+03 9.128174e+03 9.331196e+03 9.543039e+03
43.5 9.070967e+03 9.113824e+03 9.441964e+03 9.399106e+03
44.5 9.198254e+03 9.104179e+03 9.509440e+03 9.603515e+03
45.5 9.128681e+03 9.101830e+03 9.514576e+03 9.541427e+03
0.5 9.267888e+03 9.138259e+03 9.188736e+03 9.318365e+03
1.5 9.241422e+03 9.142055e+03 9.158627e+03 9.257993e+03
2.5 9.301783e+03 9.152107e+03 9.078343e+03 9.228020e+03
3.5 9.072725e+03 9.164691e+03 8.980872e+03 8.888905e+03
4.5 9.219554e+03 9.173153e+03 8.921055e+03 8.967456e+03
5.5 9.232356e+03 9.174769e+03 8.919269e+03 8.976857e+03
6.5 9.250183e+03 9.171031e+03 8.960871e+03 9.040023e+03
7.5 9.239657e+03 9.164808e+03 9.020769e+03 9.095617e+03
8.5 9.124957e+03 9.158352e+03 9.079959e+03 9.046563e+03
9.5 9.250675e+03 9.152797e+03 9.129284e+03 9.227162e+03
10.5 9.075041e+03 9.147966e+03 9.170705e+03 9.097780e+03
11.5 9.132891e+03 9.140733e+03 9.230411e+03 9.222569e+03
12.5 9.340017e+03 9.128174e+03 9.331196e+03 9.543039e+03
13.5 9.070967e+03 9.113824e+03 9.441964e+03 9.399106e+03
14.5 9.198254e+03 9.104179e+03 9.509440e+03 9.603515e+03
15.5 9.128681e+03 9.101830e+03 9.514576e+03 9.541427e+03
16.5 9.047688e+03 9.105159e+03 9.473187e+03 9.415716e+03
17.5 9.169117e+03 9.111184e+03 9.411419e+03 9.469352e+03
18.5 9.254709e+03 9.117555e+03 9.349176e+03 9.486330e+03
19.5 8.997026e+03 9.123053e+03 9.296343e+03 9.170316e+03
20.5 9.218527e+03 9.127310e+03 9.255514e+03 9.346731e+03
21.5 9.209867e+03 9.130385e+03 9.225749e+03 9.305232e+03
22.5 9.228280e+03 9.132465e+03 9.205084e+03 9.300899e+03
23.5 9.193566e+03 9.133739e+03 9.191627e+03 9.251454e+03
24.5 9.166377e+03 9.134368e+03 9.183810e+03 9.215819e+03
25.5 9.064207e+03 9.134485e+03 9.180307e+03 9.110028e+03
26.5 9.088190e+03 9.134216e+03 9.179943e+03 9.133917e+03
27.5 9.209518e+03 9.133675e+03 9.181666e+03 9.257508e+03
28.5 9.059723e+03 9.132963e+03 9.184574e+03 9.111334e+03
29.5 9.371349e+03 9.132173e+03 9.187956e+03 9.427132e+03
30.5 9.436338e+03 9.134405e+03 9.191308e+03 9.493240e+03
31.5 9.429076e+03 9.161827e+03 9.194317e+03 9.461566e+03
32.5 9.336466e+03 9.251422e+03 9.196835e+03 9.281878e+03
33.5 9.442775e+03 9.399846e+03 9.198827e+03 9.241757e+03
34.5 9.634202e+03 9.559204e+03 9.200331e+03 9.275330e+03
35.5 9.645676e+03 9.688400e+03 9.201419e+03 9.158694e+03
36.5 9.720042e+03 9.773985e+03 9.202176e+03 9.148234e+03
37.5 9.532858e+03 9.821529e+03 9.202690e+03 8.914020e+03
38.5 9.753433e+03 9.842518e+03 9.203025e+03 9.113939e+03
39.5 1.006472e+04 9.847027e+03 9.203234e+03 9.420928e+03
40.5 1.002060e+04 9.838798e+03 9.203358e+03 9.385164e+03
41.5 9.763349e+03 9.799824e+03 9.203425e+03 9.166950e+03
42.5 9.665437e+03 9.695718e+03 9.203458e+03 9.173176e+03
43.5 9.423134e+03 9.531638e+03 9.203467e+03 9.094963e+03
44.5 9.205994e+03 9.356835e+03 9.203464e+03 9.052623e+03
45.5 9.252245e+03 9.213391e+03 9.203455e+03 9.242309e+03
0.5 9.021857e+03 9.101724e+03 9.199057e+03 9.119191e+03
1.5 9.072552e+03 9.107149e+03 9.165950e+03 9.131352e+03
2.5 9.071632e+03 9.117942e+03 9.083160e+03 9.036850e+03
3.5 8.962885e+03 9.130627e+03 8.983708e+03 8.815966e+03
4.5 9.104415e+03 9.138746e+03 8.922397e+03 8.888066e+03
5.5 9.190587e+03 9.139724e+03 8.919534e+03 8.970397e+03
6.5 9.167583e+03 9.135069e+03 8.960362e+03 8.992876e+03
7.5 9.257576e+03 9.127756e+03 9.019728e+03 9.149547e+03
8.5 9.144490e+03 9.120210e+03 9.078585e+03 9.102865e+03
9.5 8.988244e+03 9.113513e+03 9.127703e+03 9.002435e+03
10.5 9.026784e+03 9.107505e+03 9.169000e+03 9.088279e+03
11.5 9.010154e+03 9.099071e+03 9.228638e+03 9.139722e+03
12.5 9.037948e+03 9.085297e+03 9.329389e+03 9.282040e+03
13.5 9.101777e+03 9.069735e+03 9.440142e+03 9.472185e+03
14.5 9.023297e+03 9.058890e+03 9.507617e+03 9.472024e+03
15.5 9.073705e+03 9.055353e+03 9.512754e+03 9.531107e+03
16.5 9.063128e+03 9.057495e+03 9.471369e+03 9.477002e+03
17.5 8.808504e+03 9.062330e+03 9.409610e+03 9.155783e+03
18.5 8.937011e+03 9.067497e+03 9.347376e+03 9.216890e+03
19.5 8.816010e+03 9.071769e+03 9.294549e+03 9.038790e+03
20.5 9.195962e+03 9.074776e+03 9.253724e+03 9.374910e+03
21.5 8.988687e+03 9.076572e+03 9.223961e+03 9.136076e+03
22.5 9.128988e+03 9.077345e+03 9.203295e+03 9.254938e+03
23.5 8.951602e+03 9.077282e+03 9.189834e+03 9.064153e+03
24.5 9.060438e+03 9.076540e+03 9.182009e+03 9.165907e+03
25.5 9.019485e+03 9.075254e+03 9.178496e+03 9.122727e+03
26.5 9.259323e+03 9.073548e+03 9.178119e+03 9.363895e+03
27.5 9.079830e+03 9.071533e+03 9.179826e+03 9.188123e+03
28.5 8.968634e+03 9.069310e+03 9.182715e+03 9.082039e+03
29.5 9.107049e+03 9.066972e+03 9.186076e+03 9.226153e+03
30.5 9.163995e+03 9.067615e+03 9.189401e+03 9.285781e+03
31.5 9.156272e+03 9.093405e+03 9.192382e+03 9.255249e+03
32.5 9.297635e+03 9.181313e+03 9.194868e+03 9.311190e+03
33.5 9.365238e+03 9.327960e+03 9.196825e+03 9.234104e+03
34.5 9.594318e+03 9.485417e+03 9.198291e+03 9.307192e+03
35.5 9.613807e+03 9.612572e+03 9.199336e+03 9.200571e+03
36.5 9.879691e+03 9.695980e+03 9.200049e+03 9.383760e+03
37.5 9.820974e+03 9.741229e+03 9.200514e+03 9.280258e+03
38.5 9.686684e+03 9.759821e+03 9.200797e+03 9.127660e+03
39.5 9.590169e+03 9.761857e+03 9.200950e+03 9.029262e+03
40.5 9.510419e+03 9.755632e+03 9.201014e+03 8.955801e+03
