0.5 6.518741e+03 6.587376e+03 6.565291e+03 6.496656e+03
1.5 6.502168e+03 6.583501e+03 6.565081e+03 6.483749e+03
2.5 6.516831e+03 6.570170e+03 6.561184e+03 6.507845e+03
3.5 6.493504e+03 6.548104e+03 6.550461e+03 6.495861e+03
4.5 6.516059e+03 6.524686e+03 6.533930e+03 6.525304e+03
5.5 6.544562e+03 6.506068e+03 6.515400e+03 6.553893e+03
6.5 6.513829e+03 6.494113e+03 6.498464e+03 6.518180e+03
7.5 6.525943e+03 6.487831e+03 6.485071e+03 6.523183e+03
8.5 6.520806e+03 6.485411e+03 6.475627e+03 6.511023e+03
9.5 6.463033e+03 6.485313e+03 6.469667e+03 6.447386e+03
10.5 6.501840e+03 6.486533e+03 6.466426e+03 6.481734e+03
11.5 6.485579e+03 6.488476e+03 6.465167e+03 6.462271e+03
12.5 6.445816e+03 6.490780e+03 6.465281e+03 6.420317e+03
13.5 6.443733e+03 6.493196e+03 6.466293e+03 6.416829e+03
14.5 6.510973e+03 6.495536e+03 6.467836e+03 6.483272e+03
15.5 6.481501e+03 6.497664e+03 6.469627e+03 6.453464e+03
16.5 6.524272e+03 6.499497e+03 6.471457e+03 6.496232e+03
17.5 6.480787e+03 6.501005e+03 6.473181e+03 6.452963e+03
18.5 6.478067e+03 6.502197e+03 6.474711e+03 6.450582e+03
19.5 6.549160e+03 6.503110e+03 6.476008e+03 6.522058e+03
20.5 6.468476e+03 6.503645e+03 6.477070e+03 6.441901e+03
21.5 6.472294e+03 6.502581e+03 6.478428e+03 6.448141e+03
22.5 6.472370e+03 6.496969e+03 6.483277e+03 6.458678e+03
23.5 6.500635e+03 6.485826e+03 6.494786e+03 6.509595e+03
24.5 6.479859e+03 6.471901e+03 6.511972e+03 6.519930e+03
25.5 6.471980e+03 6.458657e+03 6.531056e+03 6.544378e+03
26.5 6.529840e+03 6.448119e+03 6.548467e+03 6.630189e+03
27.5 6.466990e+03 6.440759e+03 6.562280e+03 6.588511e+03
28.5 6.427042e+03 6.436175e+03 6.572100e+03 6.562967e+03
29.5 6.417664e+03 6.433703e+03 6.578408e+03 6.562369e+03
30.5 6.422461e+03 6.432875e+03 6.581970e+03 6.571556e+03
31.5 6.401374e+03 6.434484e+03 6.583018e+03 6.549908e+03
32.5 6.465108e+03 6.441179e+03 6.578994e+03 6.602923e+03
33.5 6.445466e+03 6.453703e+03 6.567252e+03 6.559015e+03
34.5 6.479706e+03 6.469132e+03 6.549178e+03 6.559753e+03
35.5 6.517297e+03 6.483869e+03 6.528864e+03 6.562293e+03
36.5 6.529414e+03 6.495793e+03 6.510114e+03 6.543735e+03
37.5 6.487361e+03 6.504378e+03 6.495019e+03 6.478002e+03
38.5 6.497016e+03 6.509998e+03 6.484071e+03 6.471089e+03
39.5 6.503431e+03 6.513319e+03 6.476840e+03 6.466952e+03
40.5 6.513862e+03 6.514974e+03 6.472567e+03 6.471456e+03
41.5 6.451624e+03 6.515467e+03 6.470494e+03 6.406651e+03
42.5 6.480548e+03 6.515182e+03 6.469979e+03 6.435345e+03
43.5 6.477309e+03 6.514412e+03 6.470513e+03 6.433409e+03
44.5 6.474108e+03 6.513385e+03 6.471692e+03 6.432415e+03
45.5 6.474486e+03 6.512274e+03 6.473206e+03 6.435418e+03
46.5 6.461208e+03 6.511203e+03 6.474821e+03 6.424826e+03
47.5 6.451584e+03 6.510249e+03 6.476373e+03 6.417708e+03
48.5 6.463968e+03 6.509450e+03 6.477761e+03 6.432279e+03
49.5 6.493390e+03 6.508818e+03 6.478937e+03 6.463508e+03
50.5 6.499721e+03 6.508360e+03 6.479891e+03 6.471251e+03
51.5 6.545038e+03 6.508494e+03 6.481150e+03 6.517694e+03
52.5 6.520205e+03 6.511274e+03 6.485906e+03 6.494837e+03
53.5 6.502265e+03 6.518490e+03 6.497326e+03 6.481101e+03
54.5 6.506848e+03 6.529224e+03 6.514423e+03 6.492046e+03
55.5 6.558518e+03 6.540973e+03 6.533418e+03 6.550963e+03
0.5 6.422461e+03 6.432875e+03 6.581970e+03 6.571556e+03
1.5 6.401374e+03 6.434484e+03 6.583018e+03 6.549908e+03
2.5 6.465108e+03 6.441179e+03 6.578994e+03 6.602923e+03
3.5 6.445466e+03 6.453703e+03 6.567252e+03 6.559015e+03
4.5 6.479706e+03 6.469132e+03 6.549178e+03 6.559753e+03
5.5 6.517297e+03 6.483869e+03 6.528864e+03 6.562293e+03
6.5 6.529414e+03 6.495793e+03 6.510114e+03 6.543735e+03
7.5 6.487361e+03 6.504378e+03 6.495019e+03 6.478002e+03
8.5 6.497016e+03 6.509998e+03 6.484071e+03 6.471089e+03
9.5 6.503431e+03 6.513319e+03 6.476840e+03 6.466952e+03
10.5 6.513862e+03 6.514974e+03 6.472567e+03 6.471456e+03
11.5 6.451624e+03 6.515467e+03 6.470494e+03 6.406651e+03
12.5 6.480548e+03 6.515182e+03 6.469979e+03 6.435345e+03
13.5 6.477309e+03 6.514412e+03 6.470513e+03 6.433409e+03
14.5 6.474108e+03 6.513385e+03 6.471692e+03 6.432415e+03
15.5 6.474486e+03 6.512274e+03 6.473206e+03 6.435418e+03
16.5 6.461208e+03 6.511203e+03 6.474821e+03 6.424826e+03
17.5 6.451584e+03 6.510249e+03 6.476373e+03 6.417708e+03
18.5 6.463968e+03 6.509450e+03 6.477761e+03 6.432279e+03
19.5 6.493390e+03 6.508818e+03 6.478937e+03 6.463508e+03
20.5 6.499721e+03 6.508360e+03 6.479891e+03 6.471251e+03
21.5 6.545038e+03 6.508494e+03 6.481150e+03 6.517694e+03
22.5 6.520205e+03 6.511274e+03 6.485906e+03 6.494837e+03
23.5 6.502265e+03 6.518490e+03 6.497326e+03 6.481101e+03
24.5 6.506848e+03 6.529224e+03 6.514423e+03 6.492046e+03
25.5 6.558518e+03 6.540973e+03 6.533418e+03 6.550963e+03
26.5 6.550274e+03 6.551536e+03 6.550742e+03 6.549479e+03
27.5 6.573731e+03 6.559801e+03 6.564467e+03 6.578397e+03
28.5 6.578779e+03 6.565595e+03 6.574202e+03 6.587386e+03
29.5 6.570175e+03 6.569251e+03 6.580427e+03 6.581350e+03
30.5 6.574590e+03 6.571236e+03 6.583908e+03 6.587262e+03
31.5 6.568426e+03 6.571568e+03 6.584878e+03 6.581736e+03
32.5 6.529228e+03 6.568537e+03 6.580788e+03 6.541478e+03
33.5 6.577687e+03 6.560620e+03 6.568980e+03 6.586047e+03
34.5 6.539936e+03 6.548935e+03 6.550843e+03 6.541845e+03
35.5 6.578328e+03 6.536138e+03 6.530468e+03 6.572659e+03
36.5 6.535135e+03 6.524544e+03 6.511659e+03 6.522250e+03
37.5 6.524705e+03 6.515341e+03 6.496505e+03 6.505869e+03
38.5 6.562645e+03 6.508748e+03 6.485501e+03 6.539399e+03
39.5 6.554568e+03 6.504446e+03 6.478215e+03 6.528337e+03
40.5 6.527179e+03 6.501949e+03 6.473890e+03 6.499120e+03
41.5 6.531917e+03 6.500784e+03 6.471765e+03 6.502898e+03
42.5 6.532046e+03 6.500557e+03 6.471200e+03 6.502689e+03
43.5 6.496626e+03 6.500958e+03 6.471685e+03 6.467353e+03
44.5 6.538454e+03 6.501741e+03 6.472817e+03 6.509530e+03
45.5 6.510051e+03 6.502717e+03 6.474285e+03 6.481619e+03
46.5 6.520089e+03 6.503745e+03 6.475855e+03 6.492200e+03
47.5 6.538151e+03 6.504726e+03 6.477364e+03 6.510789e+03
48.5 6.502403e+03 6.505602e+03 6.478710e+03 6.475511e+03
49.5 6.513857e+03 6.506345e+03 6.479844e+03 6.487356e+03
50.5 6.555336e+03 6.506971e+03 6.480758e+03 6.529123e+03
51.5 6.558010e+03 6.507929e+03 6.481979e+03 6.532060e+03
52.5 6.552379e+03 6.511319e+03 6.486697e+03 6.527757e+03
53.5 6.542823e+03 6.518975e+03 6.498079e+03 6.521928e+03
54.5 6.551785e+03 6.530022e+03 6.515140e+03 6.536903e+03
55.5 6.594571e+03 6.541993e+03 6.534100e+03 6.586679e+03
0.5 6.574590e+03 6.571236e+03 6.583908e+03 6.587262e+03
1.5 6.568426e+03 6.571568e+03 6.584878e+03 6.581736e+03
2.5 6.529228e+03 6.568537e+03 6.580788e+03 6.541478e+03
3.5 6.577687e+03 6.560620e+03 6.568980e+03 6.586047e+03
4.5 6.539936e+03 6.548935e+03 6.550843e+03 6.541845e+03
5.5 6.578328e+03 6.536138e+03 6.530468e+03 6.572659e+03
6.5 6.535135e+03 6.524544e+03 6.511659e+03 6.522250e+03
7.5 6.524705e+03 6.515341e+03 6.496505e+03 6.505869e+03
8.5 6.562645e+03 6.508748e+03 6.485501e+03 6.539399e+03
9.5 6.554568e+03 6.504446e+03 6.478215e+03 6.528337e+03
10.5 6.527179e+03 6.501949e+03 6.473890e+03 6.499120e+03
11.5 6.531917e+03 6.500784e+03 6.471765e+03 6.502898e+03
12.5 6.532046e+03 6.500557e+03 6.471200e+03 6.502689e+03
13.5 6.496626e+03 6.500958e+03 6.471685e+03 6.467353e+03
14.5 6.538454e+03 6.501741e+03 6.472817e+03 6.509530e+03
15.5 6.510051e+03 6.502717e+03 6.474285e+03 6.481619e+03
16.5 6.520089e+03 6.503745e+03 6.475855e+03 6.492200e+03
17.5 6.538151e+03 6.504726e+03 6.477364e+03 6.510789e+03
18.5 6.502403e+03 6.505602e+03 6.478710e+03 6.475511e+03
19.5 6.513857e+03 6.506345e+03 6.479844e+03 6.487356e+03
20.5 6.555336e+03 6.506971e+03 6.480758e+03 6.529123e+03
21.5 6.558010e+03 6.507929e+03 6.481979e+03 6.532060e+03
22.5 6.552379e+03 6.511319e+03 6.486697e+03 6.527757e+03
23.5 6.542823e+03 6.518975e+03 6.498079e+03 6.521928e+03
24.5 6.551785e+03 6.530022e+03 6.515140e+03 6.536903e+03
25.5 6.594571e+03 6.541993e+03 6.534100e+03 6.586679e+03
26.5 6.585373e+03 6.552715e+03 6.551390e+03 6.584048e+03
27.5 6.588803e+03 6.561096e+03 6.565082e+03 6.592789e+03
28.5 6.576010e+03 6.566978e+03 6.574785e+03 6.583818e+03
29.5 6.565471e+03 6.570705e+03 6.580977e+03 6.575743e+03
30.5 6.602087e+03 6.572749e+03 6.584427e+03 6.613765e+03
31.5 6.556458e+03 6.573135e+03 6.585367e+03 6.568690e+03
32.5 6.544467e+03 6.570155e+03 6.581247e+03 6.555558e+03
33.5 6.551627e+03 6.562288e+03 6.569410e+03 6.558750e+03
34.5 6.529821e+03 6.550651e+03 6.551245e+03 6.530414e+03
35.5 6.544368e+03 6.537903e+03 6.530842e+03 6.537307e+03
36.5 6.554115e+03 6.526357e+03 6.512005e+03 6.539762e+03
37.5 6.514503e+03 6.517204e+03 6.496824e+03 6.494123e+03
38.5 6.543619e+03 6.510661e+03 6.485793e+03 6.518751e+03
39.5 6.544578e+03 6.506410e+03 6.478482e+03 6.516650e+03
40.5 6.541823e+03 6.503964e+03 6.474130e+03 6.511989e+03
41.5 6.531443e+03 6.502850e+03 6.471980e+03 6.500573e+03
42.5 6.496741e+03 6.502676e+03 6.471390e+03 6.465456e+03
43.5 6.488395e+03 6.503129e+03 6.471850e+03 6.457116e+03
44.5 6.493505e+03 6.503964e+03 6.472958e+03 6.462499e+03
45.5 6.519425e+03 6.504993e+03 6.474401e+03 6.488833e+03
46.5 6.521129e+03 6.506073e+03 6.475947e+03 6.491002e+03
47.5 6.524222e+03 6.507108e+03 6.477431e+03 6.494546e+03
48.5 6.540410e+03 6.508037e+03 6.478753e+03 6.511127e+03
49.5 6.552557e+03 6.508832e+03 6.479864e+03 6.523589e+03
50.5 6.505705e+03 6.509341e+03 6.480754e+03 6.477118e+03
51.5 6.479917e+03 6.508301e+03 6.481951e+03 6.453567e+03
52.5 6.490016e+03 6.502735e+03 6.486645e+03 6.473926e+03
53.5 6.461993e+03 6.491645e+03 6.498004e+03 6.468352e+03
54.5 6.435689e+03 6.477772e+03 6.515041e+03 6.472958e+03
55.5 6.408472e+03 6.464576e+03 6.533977e+03 6.477873e+03
0.5 6.602087e+03 6.572749e+03 6.584427e+03 6.613765e+03
1.5 6.556458e+03 6.573135e+03 6.585367e+03 6.568690e+03
2.5 6.544467e+03 6.570155e+03 6.581247e+03 6.555558e+03
3.5 6.551627e+03 6.562288e+03 6.569410e+03 6.558750e+03
4.5 6.529821e+03 6.550651e+03 6.551245e+03 6.530414e+03
5.5 6.544368e+03 6.537903e+03 6.530842e+03 6.537307e+03
6.5 6.554115e+03 6.526357e+03 6.512005e+03 6.539762e+03
7.5 6.514503e+03 6.517204e+03 6.496824e+03 6.494123e+03
8.5 6.543619e+03 6.510661e+03 6.485793e+03 6.518751e+03
9.5 6.544578e+03 6.506410e+03 6.478482e+03 6.516650e+03
10.5 6.541823e+03 6.503964e+03 6.474130e+03 6.511989e+03
11.5 6.531443e+03 6.502850e+03 6.471980e+03 6.500573e+03
12.5 6.496741e+03 6.502676e+03 6.471390e+03 6.465456e+03
13.5 6.488395e+03 6.503129e+03 6.471850e+03 6.457116e+03
14.5 6.493505e+03 6.503964e+03 6.472958e+03 6.462499e+03
15.5 6.519425e+03 6.504993e+03 6.474401e+03 6.488833e+03
16.5 6.521129e+03 6.506073e+03 6.475947e+03 6.491002e+03
17.5 6.524222e+03 6.507108e+03 6.477431e+03 6.494546e+03
18.5 6.540410e+03 6.508037e+03 6.478753e+03 6.511127e+03
19.5 6.552557e+03 6.508832e+03 6.479864e+03 6.523589e+03
20.5 6.505705e+03 6.509341e+03 6.480754e+03 6.477118e+03
21.5 6.479917e+03 6.508301e+03 6.481951e+03 6.453567e+03
22.5 6.490016e+03 6.502735e+03 6.486645e+03 6.473926e+03
23.5 6.461993e+03 6.491645e+03 6.498004e+03 6.468352e+03
24.5 6.435689e+03 6.477772e+03 6.515041e+03 6.472958e+03
25.5 6.408472e+03 6.464576e+03 6.533977e+03 6.477873e+03
26.5 6.447995e+03 6.454081e+03 6.551243e+03 6.545157e+03
27.5 6.464540e+03 6.446761e+03 6.564911e+03 6.582690e+03
28.5 6.436656e+03 6.442215e+03 6.574589e+03 6.569030e+03
29.5 6.477783e+03 6.439782e+03 6.580757e+03 6.618757e+03
30.5 6.474369e+03 6.438995e+03 6.584182e+03 6.619556e+03
31.5 6.416033e+03 6.440648e+03 6.585096e+03 6.560481e+03
32.5 6.456095e+03 6.447383e+03 6.580950e+03 6.589662e+03
33.5 6.440209e+03 6.459953e+03 6.569088e+03 6.549343e+03
34.5 6.458772e+03 6.475434e+03 6.550896e+03 6.534234e+03
35.5 6.466796e+03 6.490229e+03 6.530466e+03 6.507033e+03
36.5 6.441467e+03 6.502218e+03 6.511602e+03 6.450851e+03
37.5 6.493884e+03 6.510872e+03 6.496394e+03 6.479406e+03
38.5 6.521304e+03 6.516567e+03 6.485334e+03 6.490071e+03
39.5 6.468815e+03 6.519969e+03 6.477994e+03 6.426841e+03
40.5 6.528102e+03 6.521709e+03 6.473613e+03 6.480006e+03
41.5 6.492037e+03 6.522294e+03 6.471433e+03 6.441177e+03
42.5 6.483137e+03 6.522105e+03 6.470812e+03 6.431844e+03
43.5 6.490689e+03 6.521435e+03 6.471240e+03 6.440495e+03
44.5 6.481856e+03 6.520513e+03 6.472316e+03 6.433660e+03
45.5 6.509408e+03 6.519511e+03 6.473727e+03 6.463623e+03
46.5 6.510575e+03 6.518553e+03 6.475239e+03 6.467260e+03
47.5 6.486807e+03 6.517717e+03 6.476689e+03 6.445779e+03
48.5 6.549801e+03 6.517040e+03 6.477975e+03 6.510736e+03
49.5 6.536006e+03 6.516532e+03 6.479049e+03 6.498522e+03
50.5 6.514670e+03 6.516204e+03 6.479902e+03 6.478368e+03
51.5 6.542535e+03 6.516470e+03 6.481060e+03 6.507125e+03
52.5 6.546050e+03 6.519387e+03 6.485715e+03 6.512378e+03
53.5 6.540177e+03 6.526742e+03 6.497033e+03 6.510468e+03
54.5 6.546159e+03 6.537619e+03 6.514028e+03 6.522568e+03
55.5 6.545703e+03 6.549514e+03 6.532921e+03 6.529110e+03
0.5 6.474369e+03 6.438995e+03 6.584182e+03 6.619556e+03
1.5 6.416033e+03 6.440648e+03 6.585096e+03 6.560481e+03
2.5 6.456095e+03 6.447383e+03 6.580950e+03 6.589662e+03
3.5 6.440209e+03 6.459953e+03 6.569088e+03 6.549343e+03
4.5 6.458772e+03 6.475434e+03 6.550896e+03 6.534234e+03
5.5 6.466796e+03 6.490229e+03 6.530466e+03 6.507033e+03
6.5 6.441467e+03 6.502218e+03 6.511602e+03 6.450851e+03
7.5 6.493884e+03 6.510872e+03 6.496394e+03 6.479406e+03
8.5 6.521304e+03 6.516567e+03 6.485334e+03 6.490071e+03
9.5 6.468815e+03 6.519969e+03 6.477994e+03 6.426841e+03
10.5 6.528102e+03 6.521709e+03 6.473613e+03 6.480006e+03
11.5 6.492037e+03 6.522294e+03 6.471433e+03 6.441177e+03
12.5 6.483137e+03 6.522105e+03 6.470812e+03 6.431844e+03
13.5 6.490689e+03 6.521435e+03 6.471240e+03 6.440495e+03
14.5 6.481856e+03 6.520513e+03 6.472316e+03 6.433660e+03
15.5 6.509408e+03 6.519511e+03 6.473727e+03 6.463623e+03
16.5 6.510575e+03 6.518553e+03 6.475239e+03 6.467260e+03
17.5 6.486807e+03 6.517717e+03 6.476689e+03 6.445779e+03
18.5 6.549801e+03 6.517040e+03 6.477975e+03 6.510736e+03
19.5 6.536006e+03 6.516532e+03 6.479049e+03 6.498522e+03
20.5 6.514670e+03 6.516204e+03 6.479902e+03 6.478368e+03
21.5 6.542535e+03 6.516470e+03 6.481060e+03 6.507125e+03
22.5 6.546050e+03 6.519387e+03 6.485715e+03 6.512378e+03
23.5 6.540177e+03 6.526742e+03 6.497033e+03 6.510468e+03
24.5 6.546159e+03 6.537619e+03 6.514028e+03 6.522568e+03
25.5 6.545703e+03 6.549514e+03 6.532921e+03 6.529110e+03
26.5 6.584117e+03 6.560218e+03 6.550143e+03 6.574041e+03
27.5 6.582382e+03 6.568618e+03 6.563758e+03 6.577522e+03
28.5 6.539055e+03 6.574558e+03 6.573381e+03 6.537879e+03
29.5 6.560985e+03 6.578363e+03 6.579492e+03 6.562114e+03
30.5 6.560675e+03 6.580499e+03 6.582858e+03 6.563035e+03
31.5 6.565982e+03 6.580984e+03 6.583711e+03 6.568709e+03
32.5 6.576240e+03 6.578111e+03 6.579502e+03 6.577631e+03
33.5 6.565242e+03 6.570357e+03 6.567575e+03 6.562459e+03
34.5 6.612425e+03 6.558842e+03 6.549317e+03 6.602901e+03
35.5 6.539563e+03 6.546223e+03 6.528824e+03 6.522163e+03
36.5 6.512801e+03 6.534815e+03 6.509897e+03 6.487883e+03
37.5 6.544083e+03 6.525806e+03 6.494628e+03 6.512905e+03
38.5 6.543801e+03 6.519411e+03 6.483509e+03 6.507899e+03
39.5 6.531316e+03 6.515315e+03 6.476110e+03 6.492112e+03
40.5 6.562260e+03 6.513027e+03 6.471671e+03 6.520903e+03
41.5 6.539361e+03 6.512076e+03 6.469431e+03 6.496715e+03
42.5 6.495534e+03 6.512069e+03 6.468749e+03 6.452215e+03
43.5 6.508399e+03 6.512693e+03 6.469116e+03 6.464821e+03
44.5 6.524903e+03 6.513705e+03 6.470127e+03 6.481326e+03
45.5 6.490107e+03 6.514914e+03 6.471472e+03 6.446664e+03
46.5 6.504075e+03 6.516180e+03 6.472915e+03 6.460811e+03
47.5 6.496418e+03 6.517405e+03 6.474294e+03 6.453308e+03
48.5 6.502143e+03 6.518529e+03 6.475507e+03 6.459120e+03
49.5 6.474418e+03 6.519527e+03 6.476505e+03 6.431397e+03
50.5 6.537986e+03 6.520243e+03 6.477279e+03 6.495021e+03
51.5 6.492700e+03 6.519418e+03 6.478356e+03 6.451638e+03
52.5 6.525129e+03 6.514074e+03 6.482927e+03 6.493982e+03
53.5 6.512352e+03 6.503216e+03 6.494156e+03 6.503293e+03
54.5 6.483247e+03 6.489589e+03 6.511055e+03 6.504713e+03
55.5 6.472667e+03 6.476653e+03 6.529839e+03 6.525853e+03
0.5 6.560675e+03 6.580499e+03 6.582858e+03 6.563035e+03
1.5 6.565982e+03 6.580984e+03 6.583711e+03 6.568709e+03
2.5 6.576240e+03 6.578111e+03 6.579502e+03 6.577631e+03
3.5 6.565242e+03 6.570357e+03 6.567575e+03 6.562459e+03
4.5 6.612425e+03 6.558842e+03 6.549317e+03 6.602901e+03
5.5 6.539563e+03 6.546223e+03 6.528824e+03 6.522163e+03
6.5 6.512801e+03 6.534815e+03 6.509897e+03 6.487883e+03
7.5 6.544083e+03 6.525806e+03 6.494628e+03 6.512905e+03
8.5 6.543801e+03 6.519411e+03 6.483509e+03 6.507899e+03
9.5 6.531316e+03 6.515315e+03 6.476110e+03 6.492112e+03
10.5 6.562260e+03 6.513027e+03 6.471671e+03 6.520903e+03
11.5 6.539361e+03 6.512076e+03 6.469431e+03 6.496715e+03
12.5 6.495534e+03 6.512069e+03 6.468749e+03 6.452215e+03
13.5 6.508399e+03 6.512693e+03 6.469116e+03 6.464821e+03
14.5 6.524903e+03 6.513705e+03 6.470127e+03 6.481326e+03
15.5 6.490107e+03 6.514914e+03 6.471472e+03 6.446664e+03
16.5 6.504075e+03 6.516180e+03 6.472915e+03 6.460811e+03
17.5 6.496418e+03 6.517405e+03 6.474294e+03 6.453308e+03
18.5 6.502143e+03 6.518529e+03 6.475507e+03 6.459120e+03
19.5 6.474418e+03 6.519527e+03 6.476505e+03 6.431397e+03
20.5 6.537986e+03 6.520243e+03 6.477279e+03 6.495021e+03
21.5 6.492700e+03 6.519418e+03 6.478356e+03 6.451638e+03
22.5 6.525129e+03 6.514074e+03 6.482927e+03 6.493982e+03
23.5 6.512352e+03 6.503216e+03 6.494156e+03 6.503293e+03
24.5 6.483247e+03 6.489589e+03 6.511055e+03 6.504713e+03
25.5 6.472667e+03 6.476653e+03 6.529839e+03 6.525853e+03
26.5 6.474245e+03 6.466436e+03 6.546939e+03 6.554749e+03
27.5 6.412075e+03 6.459409e+03 6.560427e+03 6.513093e+03
28.5 6.413216e+03 6.455172e+03 6.569911e+03 6.527955e+03
29.5 6.425540e+03 6.453062e+03 6.575872e+03 6.548350e+03
30.5 6.459161e+03 6.453086e+03 6.579083e+03 6.585158e+03
