0.5 9.241327e+03 9.259987e+03 9.142466e+03 9.123807e+03
1.5 9.203440e+03 9.253010e+03 9.135198e+03 9.085629e+03
2.5 9.179397e+03 9.227561e+03 9.117091e+03 9.068927e+03
3.5 9.148670e+03 9.184399e+03 9.095396e+03 9.059666e+03
4.5 9.124981e+03 9.137610e+03 9.082091e+03 9.069463e+03
5.5 9.133841e+03 9.099487e+03 9.081588e+03 9.115943e+03
6.5 9.120169e+03 9.074221e+03 9.090637e+03 9.136584e+03
7.5 9.056346e+03 9.060319e+03 9.103713e+03 9.099740e+03
8.5 9.068270e+03 9.054448e+03 9.116644e+03 9.130466e+03
9.5 9.055410e+03 9.053622e+03 9.127415e+03 9.129203e+03
10.5 9.023399e+03 9.055802e+03 9.135566e+03 9.103164e+03
11.5 9.035987e+03 9.059727e+03 9.141370e+03 9.117630e+03
12.5 9.015229e+03 9.064601e+03 9.145289e+03 9.095917e+03
13.5 8.991323e+03 9.069861e+03 9.147745e+03 9.069207e+03
14.5 9.023447e+03 9.075082e+03 9.149075e+03 9.097439e+03
15.5 9.055323e+03 9.079955e+03 9.149552e+03 9.124920e+03
16.5 9.062371e+03 9.084284e+03 9.149416e+03 9.127503e+03
17.5 9.099088e+03 9.087981e+03 9.148880e+03 9.159986e+03
18.5 9.086529e+03 9.091050e+03 9.148127e+03 9.143606e+03
19.5 9.132162e+03 9.093555e+03 9.147304e+03 9.185911e+03
20.5 9.170788e+03 9.096295e+03 9.147399e+03 9.221892e+03
21.5 9.140518e+03 9.104399e+03 9.153922e+03 9.190041e+03
22.5 9.155169e+03 9.125815e+03 9.171394e+03 9.200748e+03
23.5 9.158487e+03 9.159104e+03 9.192570e+03 9.191953e+03
24.5 9.191297e+03 9.193426e+03 9.205464e+03 9.203335e+03
25.5 9.224812e+03 9.220161e+03 9.205652e+03 9.210303e+03
26.5 9.220846e+03 9.237060e+03 9.196367e+03 9.180153e+03
27.5 9.271793e+03 9.245898e+03 9.183116e+03 9.209011e+03
28.5 9.254691e+03 9.249457e+03 9.170056e+03 9.175290e+03
29.5 9.261534e+03 9.249977e+03 9.159185e+03 9.170742e+03
30.5 9.246520e+03 9.248156e+03 9.150068e+03 9.148432e+03
31.5 9.223801e+03 9.239738e+03 9.136962e+03 9.121026e+03
32.5 9.216174e+03 9.217327e+03 9.114924e+03 9.113770e+03
33.5 9.215606e+03 9.182791e+03 9.090793e+03 9.123608e+03
34.5 9.175623e+03 9.147240e+03 9.076188e+03 9.104570e+03
35.5 9.187480e+03 9.119500e+03 9.075236e+03 9.143216e+03
36.5 9.153401e+03 9.101942e+03 9.084443e+03 9.135902e+03
37.5 9.168422e+03 9.092837e+03 9.098071e+03 9.173656e+03
38.5 9.190131e+03 9.089391e+03 9.111764e+03 9.212504e+03
39.5 9.146259e+03 9.089305e+03 9.123365e+03 9.180319e+03
40.5 9.173005e+03 9.091106e+03 9.132314e+03 9.214213e+03
41.5 9.164823e+03 9.093935e+03 9.138823e+03 9.209711e+03
42.5 9.116250e+03 9.097270e+03 9.143328e+03 9.162308e+03
43.5 9.098470e+03 9.100754e+03 9.146248e+03 9.143964e+03
44.5 9.063640e+03 9.104117e+03 9.147929e+03 9.107452e+03
45.5 9.095543e+03 9.107170e+03 9.148663e+03 9.137036e+03
46.5 9.040320e+03 9.109802e+03 9.148711e+03 9.079229e+03
47.5 9.048432e+03 9.111977e+03 9.148304e+03 9.084759e+03
48.5 9.033199e+03 9.113715e+03 9.147639e+03 9.067124e+03
49.5 9.022822e+03 9.115074e+03 9.146877e+03 9.054625e+03
50.5 9.090171e+03 9.116313e+03 9.147013e+03 9.120871e+03
51.5 9.084203e+03 9.118747e+03 9.153563e+03 9.119019e+03
52.5 9.134769e+03 9.124061e+03 9.171051e+03 9.181759e+03
53.5 9.161075e+03 9.131484e+03 9.192235e+03 9.221826e+03
54.5 9.148955e+03 9.138350e+03 9.205131e+03 9.215737e+03
55.5 9.161552e+03 9.142941e+03 9.205322e+03 9.223933e+03
0.5 9.246520e+03 9.248156e+03 9.150068e+03 9.148432e+03
1.5 9.223801e+03 9.239738e+03 9.136962e+03 9.121026e+03
2.5 9.216174e+03 9.217327e+03 9.114924e+03 9.113770e+03
3.5 9.215606e+03 9.182791e+03 9.090793e+03 9.123608e+03
4.5 9.175623e+03 9.147240e+03 9.076188e+03 9.104570e+03
5.5 9.187480e+03 9.119500e+03 9.075236e+03 9.143216e+03
6.5 9.153401e+03 9.101942e+03 9.084443e+03 9.135902e+03
7.5 9.168422e+03 9.092837e+03 9.098071e+03 9.173656e+03
8.5 9.190131e+03 9.089391e+03 9.111764e+03 9.212504e+03
9.5 9.146259e+03 9.089305e+03 9.123365e+03 9.180319e+03
10.5 9.173005e+03 9.091106e+03 9.132314e+03 9.214213e+03
11.5 9.164823e+03 9.093935e+03 9.138823e+03 9.209711e+03
12.5 9.116250e+03 9.097270e+03 9.143328e+03 9.162308e+03
13.5 9.098470e+03 9.100754e+03 9.146248e+03 9.143964e+03
14.5 9.063640e+03 9.104117e+03 9.147929e+03 9.107452e+03
15.5 9.095543e+03 9.107170e+03 9.148663e+03 9.137036e+03
16.5 9.040320e+03 9.109802e+03 9.148711e+03 9.079229e+03
17.5 9.048432e+03 9.111977e+03 9.148304e+03 9.084759e+03
18.5 9.033199e+03 9.113715e+03 9.147639e+03 9.067124e+03
19.5 9.022822e+03 9.115074e+03 9.146877e+03 9.054625e+03
20.5 9.090171e+03 9.116313e+03 9.147013e+03 9.120871e+03
21.5 9.084203e+03 9.118747e+03 9.153563e+03 9.119019e+03
22.5 9.134769e+03 9.124061e+03 9.171051e+03 9.181759e+03
23.5 9.161075e+03 9.131484e+03 9.192235e+03 9.221826e+03
24.5 9.148955e+03 9.138350e+03 9.205131e+03 9.215737e+03
25.5 9.161552e+03 9.142941e+03 9.205322e+03 9.223933e+03
26.5 9.164409e+03 9.145168e+03 9.196042e+03 9.215283e+03
27.5 9.155682e+03 9.145762e+03 9.182796e+03 9.192716e+03
28.5 9.153431e+03 9.145509e+03 9.169743e+03 9.177665e+03
29.5 9.177294e+03 9.144929e+03 9.158881e+03 9.191245e+03
30.5 9.169105e+03 9.144104e+03 9.149773e+03 9.174774e+03
31.5 9.162798e+03 9.141895e+03 9.136692e+03 9.157594e+03
32.5 9.125920e+03 9.136721e+03 9.114677e+03 9.103877e+03
33.5 9.121578e+03 9.129417e+03 9.090553e+03 9.082714e+03
34.5 9.126458e+03 9.122702e+03 9.075956e+03 9.079712e+03
35.5 9.106357e+03 9.118321e+03 9.075011e+03 9.063046e+03
36.5 9.140738e+03 9.116378e+03 9.084224e+03 9.108583e+03
37.5 9.133200e+03 9.116140e+03 9.097858e+03 9.114919e+03
38.5 9.110575e+03 9.116809e+03 9.111558e+03 9.105324e+03
39.5 9.107221e+03 9.117844e+03 9.123165e+03 9.112541e+03
40.5 9.133273e+03 9.118965e+03 9.132119e+03 9.146428e+03
41.5 9.121826e+03 9.120049e+03 9.138634e+03 9.140411e+03
42.5 9.113527e+03 9.121049e+03 9.143145e+03 9.135623e+03
43.5 9.132735e+03 9.121939e+03 9.146070e+03 9.156866e+03
44.5 9.143338e+03 9.122705e+03 9.147756e+03 9.168389e+03
45.5 9.124237e+03 9.123339e+03 9.148495e+03 9.149393e+03
46.5 9.105624e+03 9.123844e+03 9.148548e+03 9.130327e+03
47.5 9.095547e+03 9.124234e+03 9.148145e+03 9.119459e+03
48.5 9.099465e+03 9.124526e+03 9.147485e+03 9.122424e+03
49.5 9.089186e+03 9.124745e+03 9.146727e+03 9.111169e+03
50.5 9.079905e+03 9.125094e+03 9.146867e+03 9.101678e+03
51.5 9.068888e+03 9.126833e+03 9.153422e+03 9.095477e+03
52.5 9.119354e+03 9.131595e+03 9.170914e+03 9.158673e+03
53.5 9.138366e+03 9.138567e+03 9.192101e+03 9.191900e+03
54.5 9.146747e+03 9.145050e+03 9.205001e+03 9.206698e+03
55.5 9.159158e+03 9.149304e+03 9.205195e+03 9.215049e+03
0.5 9.169105e+03 9.144104e+03 9.149773e+03 9.174774e+03
1.5 9.162798e+03 9.141895e+03 9.136692e+03 9.157594e+03
2.5 9.125920e+03 9.136721e+03 9.114677e+03 9.103877e+03
3.5 9.121578e+03 9.129417e+03 9.090553e+03 9.082714e+03
4.5 9.126458e+03 9.122702e+03 9.075956e+03 9.079712e+03
5.5 9.106357e+03 9.118321e+03 9.075011e+03 9.063046e+03
6.5 9.140738e+03 9.116378e+03 9.084224e+03 9.108583e+03
7.5 9.133200e+03 9.116140e+03 9.097858e+03 9.114919e+03
8.5 9.110575e+03 9.116809e+03 9.111558e+03 9.105324e+03
9.5 9.107221e+03 9.117844e+03 9.123165e+03 9.112541e+03
10.5 9.133273e+03 9.118965e+03 9.132119e+03 9.146428e+03
11.5 9.121826e+03 9.120049e+03 9.138634e+03 9.140411e+03
12.5 9.113527e+03 9.121049e+03 9.143145e+03 9.135623e+03
13.5 9.132735e+03 9.121939e+03 9.146070e+03 9.156866e+03
14.5 9.143338e+03 9.122705e+03 9.147756e+03 9.168389e+03
15.5 9.124237e+03 9.123339e+03 9.148495e+03 9.149393e+03
16.5 9.105624e+03 9.123844e+03 9.148548e+03 9.130327e+03
17.5 9.095547e+03 9.124234e+03 9.148145e+03 9.119459e+03
18.5 9.099465e+03 9.124526e+03 9.147485e+03 9.122424e+03
19.5 9.089186e+03 9.124745e+03 9.146727e+03 9.111169e+03
20.5 9.079905e+03 9.125094e+03 9.146867e+03 9.101678e+03
21.5 9.068888e+03 9.126833e+03 9.153422e+03 9.095477e+03
22.5 9.119354e+03 9.131595e+03 9.170914e+03 9.158673e+03
23.5 9.138366e+03 9.138567e+03 9.192101e+03 9.191900e+03
24.5 9.146747e+03 9.145050e+03 9.205001e+03 9.206698e+03
25.5 9.159158e+03 9.149304e+03 9.205195e+03 9.215049e+03
26.5 9.155105e+03 9.151222e+03 9.195918e+03 9.199802e+03
27.5 9.126469e+03 9.151527e+03 9.182676e+03 9.157618e+03
28.5 9.154953e+03 9.150997e+03 9.169626e+03 9.173582e+03
29.5 9.145826e+03 9.150150e+03 9.158766e+03 9.154443e+03
30.5 9.096222e+03 9.149064e+03 9.149662e+03 9.096820e+03
31.5 9.168127e+03 9.146600e+03 9.136583e+03 9.158109e+03
32.5 9.186068e+03 9.141176e+03 9.114571e+03 9.159463e+03
33.5 9.163565e+03 9.133627e+03 9.090449e+03 9.120388e+03
34.5 9.158905e+03 9.126670e+03 9.075854e+03 9.108088e+03
35.5 9.103197e+03 9.122053e+03 9.074911e+03 9.056054e+03
36.5 9.111877e+03 9.119879e+03 9.084126e+03 9.076124e+03
37.5 9.113780e+03 9.119413e+03 9.097762e+03 9.092129e+03
38.5 9.067578e+03 9.119858e+03 9.111464e+03 9.059183e+03
39.5 9.114529e+03 9.120674e+03 9.123072e+03 9.116927e+03
40.5 9.101226e+03 9.121579e+03 9.132028e+03 9.111675e+03
41.5 9.123496e+03 9.122453e+03 9.138544e+03 9.139588e+03
42.5 9.100811e+03 9.123245e+03 9.143056e+03 9.120623e+03
43.5 9.088727e+03 9.123932e+03 9.145982e+03 9.110778e+03
44.5 9.098696e+03 9.124498e+03 9.147669e+03 9.121868e+03
45.5 9.092197e+03 9.124936e+03 9.148410e+03 9.115671e+03
46.5 9.134271e+03 9.125250e+03 9.148464e+03 9.157484e+03
47.5 9.156157e+03 9.125451e+03 9.148062e+03 9.178768e+03
48.5 9.159590e+03 9.125559e+03 9.147402e+03 9.181433e+03
49.5 9.198670e+03 9.125598e+03 9.146645e+03 9.219717e+03
50.5 9.192282e+03 9.126296e+03 9.146785e+03 9.212772e+03
51.5 9.171261e+03 9.132696e+03 9.153340e+03 9.191905e+03
52.5 9.180594e+03 9.152665e+03 9.170832e+03 9.198762e+03
53.5 9.173410e+03 9.184691e+03 9.192019e+03 9.180739e+03
54.5 9.217099e+03 9.217880e+03 9.204919e+03 9.204138e+03
55.5 9.249112e+03 9.243576e+03 9.205113e+03 9.210650e+03
0.5 9.096222e+03 9.149064e+03 9.149662e+03 9.096820e+03
1.5 9.168127e+03 9.146600e+03 9.136583e+03 9.158109e+03
2.5 9.186068e+03 9.141176e+03 9.114571e+03 9.159463e+03
3.5 9.163565e+03 9.133627e+03 9.090449e+03 9.120388e+03
4.5 9.158905e+03 9.126670e+03 9.075854e+03 9.108088e+03
5.5 9.103197e+03 9.122053e+03 9.074911e+03 9.056054e+03
6.5 9.111877e+03 9.119879e+03 9.084126e+03 9.076124e+03
7.5 9.113780e+03 9.119413e+03 9.097762e+03 9.092129e+03
8.5 9.067578e+03 9.119858e+03 9.111464e+03 9.059183e+03
9.5 9.114529e+03 9.120674e+03 9.123072e+03 9.116927e+03
10.5 9.101226e+03 9.121579e+03 9.132028e+03 9.111675e+03
11.5 9.123496e+03 9.122453e+03 9.138544e+03 9.139588e+03
12.5 9.100811e+03 9.123245e+03 9.143056e+03 9.120623e+03
13.5 9.088727e+03 9.123932e+03 9.145982e+03 9.110778e+03
14.5 9.098696e+03 9.124498e+03 9.147669e+03 9.121868e+03
15.5 9.092197e+03 9.124936e+03 9.148410e+03 9.115671e+03
16.5 9.134271e+03 9.125250e+03 9.148464e+03 9.157484e+03
17.5 9.156157e+03 9.125451e+03 9.148062e+03 9.178768e+03
18.5 9.159590e+03 9.125559e+03 9.147402e+03 9.181433e+03
19.5 9.198670e+03 9.125598e+03 9.146645e+03 9.219717e+03
20.5 9.192282e+03 9.126296e+03 9.146785e+03 9.212772e+03
21.5 9.171261e+03 9.132696e+03 9.153340e+03 9.191905e+03
22.5 9.180594e+03 9.152665e+03 9.170832e+03 9.198762e+03
23.5 9.173410e+03 9.184691e+03 9.192019e+03 9.180739e+03
24.5 9.217099e+03 9.217880e+03 9.204919e+03 9.204138e+03
25.5 9.249112e+03 9.243576e+03 9.205113e+03 9.210650e+03
26.5 9.258165e+03 9.259500e+03 9.195836e+03 9.194501e+03
27.5 9.344042e+03 9.267410e+03 9.182593e+03 9.259225e+03
28.5 9.316433e+03 9.270075e+03 9.169543e+03 9.215900e+03
29.5 9.324701e+03 9.269729e+03 9.158683e+03 9.213655e+03
30.5 9.337921e+03 9.267062e+03 9.149578e+03 9.220436e+03
31.5 9.284745e+03 9.257834e+03 9.136498e+03 9.163409e+03
32.5 9.221339e+03 9.234647e+03 9.114485e+03 9.101177e+03
33.5 9.149949e+03 9.199328e+03 9.090362e+03 9.040983e+03
34.5 9.107125e+03 9.163008e+03 9.075766e+03 9.019883e+03
35.5 9.098524e+03 9.134510e+03 9.074822e+03 9.038836e+03
36.5 9.076785e+03 9.116206e+03 9.084035e+03 9.044614e+03
37.5 9.104023e+03 9.106368e+03 9.097670e+03 9.095325e+03
38.5 9.127634e+03 9.102199e+03 9.111370e+03 9.136805e+03
39.5 9.146963e+03 9.101401e+03 9.122977e+03 9.168540e+03
40.5 9.165310e+03 9.102500e+03 9.131931e+03 9.194741e+03
41.5 9.137896e+03 9.104638e+03 9.138445e+03 9.171703e+03
42.5 9.141573e+03 9.107293e+03 9.142955e+03 9.177235e+03
43.5 9.115283e+03 9.110107e+03 9.145879e+03 9.151055e+03
44.5 9.108690e+03 9.112810e+03 9.147564e+03 9.143444e+03
45.5 9.085341e+03 9.115212e+03 9.148302e+03 9.118431e+03
46.5 9.077940e+03 9.117204e+03 9.148353e+03 9.109089e+03
47.5 9.093047e+03 9.118747e+03 9.147949e+03 9.122249e+03
48.5 9.066596e+03 9.119862e+03 9.147286e+03 9.094021e+03
49.5 9.142779e+03 9.120608e+03 9.146526e+03 9.168697e+03
50.5 9.122422e+03 9.121241e+03 9.146663e+03 9.147844e+03
51.5 9.113068e+03 9.123078e+03 9.153215e+03 9.143205e+03
52.5 9.101974e+03 9.127802e+03 9.170703e+03 9.144875e+03
53.5 9.085156e+03 9.134644e+03 9.191887e+03 9.142399e+03
54.5 9.137111e+03 9.140936e+03 9.204784e+03 9.200959e+03
55.5 9.130803e+03 9.144960e+03 9.204974e+03 9.190817e+03
0.5 9.337921e+03 9.267062e+03 9.149578e+03 9.220436e+03
1.5 9.284745e+03 9.257834e+03 9.136498e+03 9.163409e+03
2.5 9.221339e+03 9.234647e+03 9.114485e+03 9.101177e+03
3.5 9.149949e+03 9.199328e+03 9.090362e+03 9.040983e+03
4.5 9.107125e+03 9.163008e+03 9.075766e+03 9.019883e+03
5.5 9.098524e+03 9.134510e+03 9.074822e+03 9.038836e+03
6.5 9.076785e+03 9.116206e+03 9.084035e+03 9.044614e+03
7.5 9.104023e+03 9.106368e+03 9.097670e+03 9.095325e+03
8.5 9.127634e+03 9.102199e+03 9.111370e+03 9.136805e+03
9.5 9.146963e+03 9.101401e+03 9.122977e+03 9.168540e+03
10.5 9.165310e+03 9.102500e+03 9.131931e+03 9.194741e+03
11.5 9.137896e+03 9.104638e+03 9.138445e+03 9.171703e+03
12.5 9.141573e+03 9.107293e+03 9.142955e+03 9.177235e+03
13.5 9.115283e+03 9.110107e+03 9.145879e+03 9.151055e+03
14.5 9.108690e+03 9.112810e+03 9.147564e+03 9.143444e+03
15.5 9.085341e+03 9.115212e+03 9.148302e+03 9.118431e+03
16.5 9.077940e+03 9.117204e+03 9.148353e+03 9.109089e+03
17.5 9.093047e+03 9.118747e+03 9.147949e+03 9.122249e+03
18.5 9.066596e+03 9.119862e+03 9.147286e+03 9.094021e+03
19.5 9.142779e+03 9.120608e+03 9.146526e+03 9.168697e+03
20.5 9.122422e+03 9.121241e+03 9.146663e+03 9.147844e+03
21.5 9.113068e+03 9.123078e+03 9.153215e+03 9.143205e+03
22.5 9.101974e+03 9.127802e+03 9.170703e+03 9.144875e+03
23.5 9.085156e+03 9.134644e+03 9.191887e+03 9.142399e+03
24.5 9.137111e+03 9.140936e+03 9.204784e+03 9.200959e+03
25.5 9.130803e+03 9.144960e+03 9.204974e+03 9.190817e+03
26.5 9.119159e+03 9.146610e+03 9.195680e+03 9.168229e+03
27.5 9.141716e+03 9.146612e+03 9.182419e+03 9.177524e+03
28.5 9.153617e+03 9.145784e+03 9.169363e+03 9.177196e+03
29.5 9.131556e+03 9.144636e+03 9.158496e+03 9.145416e+03
30.5 9.136698e+03 9.143245e+03 9.149384e+03 9.142837e+03
31.5 9.095504e+03 9.140474e+03 9.136298e+03 9.091328e+03
32.5 9.135550e+03 9.134741e+03 9.114279e+03 9.115087e+03
33.5 9.121872e+03 9.126888e+03 9.090154e+03 9.085138e+03
34.5 9.080658e+03 9.119633e+03 9.075559e+03 9.036585e+03
35.5 9.129531e+03 9.114725e+03 9.074620e+03 9.089427e+03
36.5 9.127320e+03 9.112266e+03 9.083841e+03 9.098894e+03
37.5 9.079432e+03 9.111521e+03 9.097482e+03 9.065393e+03
38.5 9.073292e+03 9.111690e+03 9.111185e+03 9.072787e+03
39.5 9.048883e+03 9.112231e+03 9.122794e+03 9.059446e+03
40.5 9.102495e+03 9.112860e+03 9.131748e+03 9.121383e+03
41.5 9.100836e+03 9.113456e+03 9.138259e+03 9.125640e+03
42.5 9.088249e+03 9.113967e+03 9.142765e+03 9.117048e+03
43.5 9.112631e+03 9.114369e+03 9.145684e+03 9.143946e+03
44.5 9.140861e+03 9.114646e+03 9.147362e+03 9.173577e+03
45.5 9.159561e+03 9.114790e+03 9.148094e+03 9.192864e+03
46.5 9.157033e+03 9.114804e+03 9.148137e+03 9.190367e+03
47.5 9.134196e+03 9.114699e+03 9.147725e+03 9.167221e+03
48.5 9.138166e+03 9.114496e+03 9.147054e+03 9.170724e+03
49.5 9.125483e+03 9.114217e+03 9.146286e+03 9.157552e+03
50.5 9.138452e+03 9.114591e+03 9.146415e+03 9.170276e+03
51.5 9.118544e+03 9.120660e+03 9.152958e+03 9.150842e+03
52.5 9.146644e+03 9.140287e+03 9.170435e+03 9.176792e+03
53.5 9.210922e+03 9.171954e+03 9.191598e+03 9.230566e+03
54.5 9.262254e+03 9.204760e+03 9.204461e+03 9.261955e+03
55.5 9.259767e+03 9.230045e+03 9.204610e+03 9.234331e+03
0.5 9.136698e+03 9.143245e+03 9.149384e+03 9.142837e+03
1.5 9.095504e+03 9.140474e+03 9.136298e+03 9.091328e+03
2.5 9.135550e+03 9.134741e+03 9.114279e+03 9.115087e+03
3.5 9.121872e+03 9.126888e+03 9.090154e+03 9.085138e+03
4.5 9.080658e+03 9.119633e+03 9.075559e+03 9.036585e+03
5.5 9.129531e+03 9.114725e+03 9.074620e+03 9.089427e+03
6.5 9.127320e+03 9.112266e+03 9.083841e+03 9.098894e+03
7.5 9.079432e+03 9.111521e+03 9.097482e+03 9.065393e+03
8.5 9.073292e+03 9.111690e+03 9.111185e+03 9.072787e+03
9.5 9.048883e+03 9.112231e+03 9.122794e+03 9.059446e+03
10.5 9.102495e+03 9.112860e+03 9.131748e+03 9.121383e+03
11.5 9.100836e+03 9.113456e+03 9.138259e+03 9.125640e+03
12.5 9.088249e+03 9.113967e+03 9.142765e+03 9.117048e+03
13.5 9.112631e+03 9.114369e+03 9.145684e+03 9.143946e+03
14.5 9.140861e+03 9.114646e+03 9.147362e+03 9.173577e+03
15.5 9.159561e+03 9.114790e+03 9.148094e+03 9.192864e+03
16.5 9.157033e+03 9.114804e+03 9.148137e+03 9.190367e+03
17.5 9.134196e+03 9.114699e+03 9.147725e+03 9.167221e+03
18.5 9.138166e+03 9.114496e+03 9.147054e+03 9.170724e+03
19.5 9.125483e+03 9.114217e+03 9.146286e+03 9.157552e+03
20.5 9.138452e+03 9.114591e+03 9.146415e+03 9.170276e+03
21.5 9.118544e+03 9.120660e+03 9.152958e+03 9.150842e+03
22.5 9.146644e+03 9.140287e+03 9.170435e+03 9.176792e+03
23.5 9.210922e+03 9.171954e+03 9.191598e+03 9.230566e+03
24.5 9.262254e+03 9.204760e+03 9.204461e+03 9.261955e+03
25.5 9.259767e+03 9.230045e+03 9.204610e+03 9.234331e+03
26.5 9.297687e+03 9.245534e+03 9.195284e+03 9.247437e+03
27.5 9.267462e+03 9.252986e+03 9.181994e+03 9.196470e+03
28.5 9.195940e+03 9.255176e+03 9.168901e+03 9.109665e+03
29.5 9.175161e+03 9.254342e+03 9.158008e+03 9.078828e+03
30.5 9.118700e+03 9.252066e+03 9.149764e+03 9.016398e+03
