0.5 9.170788e+03 9.096295e+03 9.143142e+03 9.217634e+03
1.5 9.140518e+03 9.104399e+03 9.141664e+03 9.177783e+03
2.5 9.155169e+03 9.125815e+03 9.138002e+03 9.167356e+03
3.5 9.158487e+03 9.159104e+03 9.133671e+03 9.133054e+03
4.5 9.191297e+03 9.193426e+03 9.131117e+03 9.128988e+03
5.5 9.224812e+03 9.220161e+03 9.131204e+03 9.135855e+03
6.5 9.220846e+03 9.237060e+03 9.133232e+03 9.117018e+03
7.5 9.271793e+03 9.245898e+03 9.136051e+03 9.161946e+03
8.5 9.254691e+03 9.249457e+03 9.138801e+03 9.144035e+03
9.5 9.261534e+03 9.249977e+03 9.141075e+03 9.152631e+03
10.5 9.246520e+03 9.248156e+03 9.142967e+03 9.141330e+03
11.5 9.223801e+03 9.239738e+03 9.145655e+03 9.129719e+03
12.5 9.216174e+03 9.217327e+03 9.150128e+03 9.148974e+03
13.5 9.215606e+03 9.182791e+03 9.154955e+03 9.187770e+03
14.5 9.175623e+03 9.147240e+03 9.157770e+03 9.186153e+03
15.5 9.187480e+03 9.119500e+03 9.157767e+03 9.225747e+03
16.5 9.153401e+03 9.101942e+03 9.155697e+03 9.207156e+03
17.5 9.168422e+03 9.092837e+03 9.152757e+03 9.228342e+03
18.5 9.190131e+03 9.089391e+03 9.149844e+03 9.250584e+03
19.5 9.146259e+03 9.089305e+03 9.147395e+03 9.204349e+03
20.5 9.173005e+03 9.091106e+03 9.145519e+03 9.227418e+03
21.5 9.164823e+03 9.093935e+03 9.144164e+03 9.215051e+03
22.5 9.116250e+03 9.097270e+03 9.143234e+03 9.162214e+03
23.5 9.098470e+03 9.100754e+03 9.142640e+03 9.140356e+03
24.5 9.063640e+03 9.104117e+03 9.142305e+03 9.101829e+03
25.5 9.095543e+03 9.107170e+03 9.142169e+03 9.130541e+03
26.5 9.040320e+03 9.109802e+03 9.142173e+03 9.072691e+03
27.5 9.048432e+03 9.111977e+03 9.142271e+03 9.078726e+03
28.5 9.033199e+03 9.113715e+03 9.142420e+03 9.061904e+03
29.5 9.022822e+03 9.115074e+03 9.142588e+03 9.050335e+03
30.5 9.090171e+03 9.116313e+03 9.142751e+03 9.116610e+03
31.5 9.084203e+03 9.118747e+03 9.142897e+03 9.108354e+03
32.5 9.134769e+03 9.124061e+03 9.143019e+03 9.153728e+03
33.5 9.161075e+03 9.131484e+03 9.143116e+03 9.172707e+03
34.5 9.148955e+03 9.138350e+03 9.143190e+03 9.153795e+03
35.5 9.161552e+03 9.142941e+03 9.143243e+03 9.161855e+03
36.5 9.164409e+03 9.145168e+03 9.143282e+03 9.162523e+03
37.5 9.155682e+03 9.145762e+03 9.143309e+03 9.153229e+03
38.5 9.153431e+03 9.145509e+03 9.143327e+03 9.151250e+03
39.5 9.177294e+03 9.144929e+03 9.143340e+03 9.175704e+03
40.5 9.169105e+03 9.144104e+03 9.143349e+03 9.168350e+03
41.5 9.162798e+03 9.141895e+03 9.143355e+03 9.164257e+03
42.5 9.125920e+03 9.136721e+03 9.143359e+03 9.132559e+03
43.5 9.121578e+03 9.129417e+03 9.143363e+03 9.135524e+03
44.5 9.126458e+03 9.122702e+03 9.143366e+03 9.147122e+03
45.5 9.106357e+03 9.118321e+03 9.143368e+03 9.131404e+03
0.5 9.192282e+03 9.126296e+03 9.143237e+03 9.209224e+03
1.5 9.171261e+03 9.132696e+03 9.141761e+03 9.180326e+03
2.5 9.180594e+03 9.152665e+03 9.138102e+03 9.166031e+03
3.5 9.173410e+03 9.184691e+03 9.133774e+03 9.122493e+03
4.5 9.217099e+03 9.217880e+03 9.131222e+03 9.130441e+03
5.5 9.249112e+03 9.243576e+03 9.131312e+03 9.136849e+03
6.5 9.258165e+03 9.259500e+03 9.133343e+03 9.132007e+03
7.5 9.344042e+03 9.267410e+03 9.136162e+03 9.212794e+03
8.5 9.316433e+03 9.270075e+03 9.138912e+03 9.185270e+03
9.5 9.324701e+03 9.269729e+03 9.141186e+03 9.196158e+03
10.5 9.337921e+03 9.267062e+03 9.143077e+03 9.213936e+03
11.5 9.284745e+03 9.257834e+03 9.145762e+03 9.172673e+03
12.5 9.221339e+03 9.234647e+03 9.150230e+03 9.136922e+03
13.5 9.149949e+03 9.199328e+03 9.155057e+03 9.105678e+03
14.5 9.107125e+03 9.163008e+03 9.157872e+03 9.101989e+03
15.5 9.098524e+03 9.134510e+03 9.157868e+03 9.121882e+03
16.5 9.076785e+03 9.116206e+03 9.155797e+03 9.116376e+03
17.5 9.104023e+03 9.106368e+03 9.152857e+03 9.150511e+03
18.5 9.127634e+03 9.102199e+03 9.149943e+03 9.175378e+03
19.5 9.146963e+03 9.101401e+03 9.147493e+03 9.193056e+03
20.5 9.165310e+03 9.102500e+03 9.145616e+03 9.208425e+03
21.5 9.137896e+03 9.104638e+03 9.144259e+03 9.177517e+03
22.5 9.141573e+03 9.107293e+03 9.143329e+03 9.177608e+03
23.5 9.115283e+03 9.110107e+03 9.142733e+03 9.147909e+03
24.5 9.108690e+03 9.112810e+03 9.142398e+03 9.138278e+03
25.5 9.085341e+03 9.115212e+03 9.142260e+03 9.112388e+03
26.5 9.077940e+03 9.117204e+03 9.142263e+03 9.102999e+03
27.5 9.093047e+03 9.118747e+03 9.142360e+03 9.116660e+03
28.5 9.066596e+03 9.119862e+03 9.142507e+03 9.089241e+03
29.5 9.142779e+03 9.120608e+03 9.142673e+03 9.164845e+03
30.5 9.122422e+03 9.121241e+03 9.142836e+03 9.144017e+03
31.5 9.113068e+03 9.123078e+03 9.142981e+03 9.132971e+03
32.5 9.101974e+03 9.127802e+03 9.143101e+03 9.117273e+03
33.5 9.085156e+03 9.134644e+03 9.143197e+03 9.093709e+03
34.5 9.137111e+03 9.140936e+03 9.143269e+03 9.139444e+03
35.5 9.130803e+03 9.144960e+03 9.143321e+03 9.129164e+03
36.5 9.119159e+03 9.146610e+03 9.143358e+03 9.115907e+03
37.5 9.141716e+03 9.146612e+03 9.143384e+03 9.138489e+03
38.5 9.153617e+03 9.145784e+03 9.143402e+03 9.151235e+03
39.5 9.131556e+03 9.144636e+03 9.143413e+03 9.130334e+03
40.5 9.136698e+03 9.143245e+03 9.143421e+03 9.136874e+03
41.5 9.095504e+03 9.140474e+03 9.143426e+03 9.098456e+03
42.5 9.135550e+03 9.134741e+03 9.143430e+03 9.144238e+03
43.5 9.121872e+03 9.126888e+03 9.143432e+03 9.138416e+03
44.5 9.080658e+03 9.119633e+03 9.143434e+03 9.104459e+03
45.5 9.129531e+03 9.114725e+03 9.143436e+03 9.158242e+03
0.5 9.138452e+03 9.114591e+03 9.143277e+03 9.167138e+03
1.5 9.118544e+03 9.120660e+03 9.141803e+03 9.139687e+03
2.5 9.146644e+03 9.140287e+03 9.138146e+03 9.144503e+03
3.5 9.210922e+03 9.171954e+03 9.133823e+03 9.172791e+03
4.5 9.262254e+03 9.204760e+03 9.131278e+03 9.188772e+03
5.5 9.259767e+03 9.230045e+03 9.131378e+03 9.161099e+03
6.5 9.297687e+03 9.245534e+03 9.133417e+03 9.185571e+03
7.5 9.267462e+03 9.252986e+03 9.136246e+03 9.150722e+03
8.5 9.195940e+03 9.255176e+03 9.139005e+03 9.079769e+03
9.5 9.175161e+03 9.254342e+03 9.141285e+03 9.062105e+03
10.5 9.118700e+03 9.252066e+03 9.143183e+03 9.009817e+03
