0.5 9.170788e+03 9.096295e+03 9.152010e+03 9.226503e+03
1.5 9.140518e+03 9.104399e+03 9.151603e+03 9.187722e+03
2.5 9.155169e+03 9.125815e+03 9.148522e+03 9.177876e+03
3.5 9.158487e+03 9.159104e+03 9.140489e+03 9.139872e+03
4.5 9.191297e+03 9.193426e+03 9.128244e+03 9.126115e+03
5.5 9.224812e+03 9.220161e+03 9.114555e+03 9.119206e+03
6.5 9.220846e+03 9.237060e+03 9.102034e+03 9.085819e+03
7.5 9.271793e+03 9.245898e+03 9.092094e+03 9.117990e+03
8.5 9.254691e+03 9.249457e+03 9.085033e+03 9.090267e+03
9.5 9.261534e+03 9.249977e+03 9.080508e+03 9.092064e+03
10.5 9.246520e+03 9.248156e+03 9.077966e+03 9.076329e+03
11.5 9.223801e+03 9.239738e+03 9.077243e+03 9.061307e+03
12.5 9.216174e+03 9.217327e+03 9.080202e+03 9.079048e+03
13.5 9.215606e+03 9.182791e+03 9.088765e+03 9.121580e+03
14.5 9.175623e+03 9.147240e+03 9.101926e+03 9.130308e+03
15.5 9.187480e+03 9.119500e+03 9.116712e+03 9.184692e+03
16.5 9.153401e+03 9.101942e+03 9.130358e+03 9.181817e+03
17.5 9.168422e+03 9.092837e+03 9.141347e+03 9.216931e+03
18.5 9.190131e+03 9.089391e+03 9.149319e+03 9.250059e+03
19.5 9.146259e+03 9.089305e+03 9.154588e+03 9.211541e+03
20.5 9.173005e+03 9.091106e+03 9.157706e+03 9.239604e+03
21.5 9.164823e+03 9.093935e+03 9.159224e+03 9.230111e+03
22.5 9.116250e+03 9.097270e+03 9.159607e+03 9.178587e+03
23.5 9.098470e+03 9.100754e+03 9.159228e+03 9.156945e+03
24.5 9.063640e+03 9.104117e+03 9.158379e+03 9.117902e+03
25.5 9.095543e+03 9.107170e+03 9.157285e+03 9.145658e+03
26.5 9.040320e+03 9.109802e+03 9.156117e+03 9.086635e+03
27.5 9.048432e+03 9.111977e+03 9.154994e+03 9.091449e+03
28.5 9.033199e+03 9.113715e+03 9.153990e+03 9.073474e+03
29.5 9.022822e+03 9.115074e+03 9.153140e+03 9.060887e+03
30.5 9.090171e+03 9.116313e+03 9.152452e+03 9.126310e+03
31.5 9.084203e+03 9.118747e+03 9.151915e+03 9.117371e+03
32.5 9.134769e+03 9.124061e+03 9.151509e+03 9.162217e+03
33.5 9.161075e+03 9.131484e+03 9.151209e+03 9.180800e+03
34.5 9.148955e+03 9.138350e+03 9.150991e+03 9.161597e+03
35.5 9.161552e+03 9.142941e+03 9.150835e+03 9.169446e+03
36.5 9.164409e+03 9.145168e+03 9.150723e+03 9.169964e+03
37.5 9.155682e+03 9.145762e+03 9.150642e+03 9.160562e+03
38.5 9.153431e+03 9.145509e+03 9.150583e+03 9.158505e+03
39.5 9.177294e+03 9.144929e+03 9.150538e+03 9.182902e+03
40.5 9.169105e+03 9.144104e+03 9.150504e+03 9.175504e+03
41.5 9.162798e+03 9.141895e+03 9.150476e+03 9.171378e+03
42.5 9.125920e+03 9.136721e+03 9.150453e+03 9.139652e+03
43.5 9.121578e+03 9.129417e+03 9.150434e+03 9.142594e+03
44.5 9.126458e+03 9.122702e+03 9.150417e+03 9.154173e+03
45.5 9.106357e+03 9.118321e+03 9.150403e+03 9.138438e+03
0.5 9.192282e+03 9.126296e+03 9.151525e+03 9.217511e+03
1.5 9.171261e+03 9.132696e+03 9.151209e+03 9.189774e+03
2.5 9.180594e+03 9.152665e+03 9.148224e+03 9.176154e+03
3.5 9.173410e+03 9.184691e+03 9.140291e+03 9.129010e+03
4.5 9.217099e+03 9.217880e+03 9.128151e+03 9.127370e+03
5.5 9.249112e+03 9.243576e+03 9.114572e+03 9.120108e+03
6.5 9.258165e+03 9.259500e+03 9.102164e+03 9.100829e+03
7.5 9.344042e+03 9.267410e+03 9.092342e+03 9.168974e+03
8.5 9.316433e+03 9.270075e+03 9.085400e+03 9.131757e+03
9.5 9.324701e+03 9.269729e+03 9.080996e+03 9.135969e+03
10.5 9.337921e+03 9.267062e+03 9.078578e+03 9.149437e+03
11.5 9.284745e+03 9.257834e+03 9.077980e+03 9.104891e+03
12.5 9.221339e+03 9.234647e+03 9.081057e+03 9.067749e+03
13.5 9.149949e+03 9.199328e+03 9.089740e+03 9.040361e+03
14.5 9.107125e+03 9.163008e+03 9.103022e+03 9.047140e+03
15.5 9.098524e+03 9.134510e+03 9.117931e+03 9.081946e+03
16.5 9.076785e+03 9.116206e+03 9.131702e+03 9.092280e+03
17.5 9.104023e+03 9.106368e+03 9.142816e+03 9.140471e+03
18.5 9.127634e+03 9.102199e+03 9.150916e+03 9.176351e+03
19.5 9.146963e+03 9.101401e+03 9.156313e+03 9.201876e+03
20.5 9.165310e+03 9.102500e+03 9.159561e+03 9.222371e+03
21.5 9.137896e+03 9.104638e+03 9.161209e+03 9.194467e+03
22.5 9.141573e+03 9.107293e+03 9.161725e+03 9.196005e+03
23.5 9.115283e+03 9.110107e+03 9.161479e+03 9.166655e+03
24.5 9.108690e+03 9.112810e+03 9.160763e+03 9.156644e+03
25.5 9.085341e+03 9.115212e+03 9.159805e+03 9.129933e+03
26.5 9.077940e+03 9.117204e+03 9.158773e+03 9.119509e+03
27.5 9.093047e+03 9.118747e+03 9.157787e+03 9.132088e+03
28.5 9.066596e+03 9.119862e+03 9.156921e+03 9.103655e+03
29.5 9.142779e+03 9.120608e+03 9.156209e+03 9.178380e+03
30.5 9.122422e+03 9.121241e+03 9.155661e+03 9.156842e+03
31.5 9.113068e+03 9.123078e+03 9.155265e+03 9.145255e+03
32.5 9.101974e+03 9.127802e+03 9.155000e+03 9.129172e+03
33.5 9.085156e+03 9.134644e+03 9.154843e+03 9.105355e+03
34.5 9.137111e+03 9.140936e+03 9.154769e+03 9.150945e+03
35.5 9.130803e+03 9.144960e+03 9.154758e+03 9.140601e+03
36.5 9.119159e+03 9.146610e+03 9.154792e+03 9.127341e+03
37.5 9.141716e+03 9.146612e+03 9.154858e+03 9.149963e+03
38.5 9.153617e+03 9.145784e+03 9.154947e+03 9.162780e+03
39.5 9.131556e+03 9.144636e+03 9.155052e+03 9.141973e+03
40.5 9.136698e+03 9.143245e+03 9.155169e+03 9.148622e+03
41.5 9.095504e+03 9.140474e+03 9.155293e+03 9.110324e+03
42.5 9.135550e+03 9.134741e+03 9.155424e+03 9.156233e+03
43.5 9.121872e+03 9.126888e+03 9.155561e+03 9.150544e+03
44.5 9.080658e+03 9.119633e+03 9.155701e+03 9.116727e+03
45.5 9.129531e+03 9.114725e+03 9.155846e+03 9.170652e+03
0.5 9.138452e+03 9.114591e+03 9.158532e+03 9.182393e+03
1.5 9.118544e+03 9.120660e+03 9.158376e+03 9.156260e+03
2.5 9.146644e+03 9.140287e+03 9.155555e+03 9.161913e+03
3.5 9.210922e+03 9.171954e+03 9.147792e+03 9.186761e+03
4.5 9.262254e+03 9.204760e+03 9.135832e+03 9.193326e+03
5.5 9.259767e+03 9.230045e+03 9.122444e+03 9.152165e+03
6.5 9.297687e+03 9.245534e+03 9.110241e+03 9.162394e+03
7.5 9.267462e+03 9.252986e+03 9.100637e+03 9.115113e+03
8.5 9.195940e+03 9.255176e+03 9.093926e+03 9.034690e+03
9.5 9.175161e+03 9.254342e+03 9.089765e+03 9.010585e+03
10.5 9.118700e+03 9.252066e+03 9.087601e+03 8.954235e+03
