0.5 3.127125e+03 3.217715e+03 3.156575e+03 3.065985e+03
1.5 3.088369e+03 3.209108e+03 3.157201e+03 3.036461e+03
2.5 3.131773e+03 3.188185e+03 3.161939e+03 3.105527e+03
3.5 3.166226e+03 3.157002e+03 3.174292e+03 3.183516e+03
4.5 3.054013e+03 3.126060e+03 3.193122e+03 3.121074e+03
5.5 3.126813e+03 3.103091e+03 3.214172e+03 3.237894e+03
6.5 3.175642e+03 3.089574e+03 3.233427e+03 3.319495e+03
7.5 3.122361e+03 3.083344e+03 3.248711e+03 3.287728e+03
8.5 3.059734e+03 3.081557e+03 3.259571e+03 3.237748e+03
9.5 3.065098e+03 3.082085e+03 3.266529e+03 3.249542e+03
10.5 3.151574e+03 3.084388e+03 3.270437e+03 3.337624e+03
11.5 3.061314e+03 3.092717e+03 3.271549e+03 3.240145e+03
12.5 3.135411e+03 3.113862e+03 3.267000e+03 3.288549e+03
13.5 3.132717e+03 3.145435e+03 3.253831e+03 3.241113e+03
14.5 3.129688e+03 3.176727e+03 3.233592e+03 3.186553e+03
15.5 3.241079e+03 3.199845e+03 3.210856e+03 3.252089e+03
16.5 3.096069e+03 3.213218e+03 3.189870e+03 3.072722e+03
17.5 3.114262e+03 3.218979e+03 3.172973e+03 3.068256e+03
18.5 3.135235e+03 3.219995e+03 3.160713e+03 3.075953e+03
19.5 3.300207e+03 3.218448e+03 3.152610e+03 3.234368e+03
20.5 3.180514e+03 3.215643e+03 3.147816e+03 3.112687e+03
21.5 3.126736e+03 3.212273e+03 3.145482e+03 3.059945e+03
22.5 3.315616e+03 3.208724e+03 3.144892e+03 3.251784e+03
23.5 3.238502e+03 3.205246e+03 3.145474e+03 3.178731e+03
24.5 3.179162e+03 3.202022e+03 3.146781e+03 3.123922e+03
25.5 3.179807e+03 3.199176e+03 3.148463e+03 3.129094e+03
26.5 3.218118e+03 3.196771e+03 3.150259e+03 3.171607e+03
27.5 3.286763e+03 3.194809e+03 3.151985e+03 3.243940e+03
28.5 3.309797e+03 3.193249e+03 3.153530e+03 3.270078e+03
29.5 3.291613e+03 3.192025e+03 3.154838e+03 3.254426e+03
30.5 3.110499e+03 3.191100e+03 3.155896e+03 3.075295e+03
31.5 3.282166e+03 3.190703e+03 3.156721e+03 3.248185e+03
32.5 3.043982e+03 3.191306e+03 3.157346e+03 3.010022e+03
33.5 3.150387e+03 3.192866e+03 3.157807e+03 3.115328e+03
34.5 3.220570e+03 3.194711e+03 3.158142e+03 3.184001e+03
35.5 3.173927e+03 3.196225e+03 3.158382e+03 3.136084e+03
36.5 3.191504e+03 3.197168e+03 3.158554e+03 3.152890e+03
37.5 3.195930e+03 3.197579e+03 3.158678e+03 3.157029e+03
38.5 3.297175e+03 3.197598e+03 3.158769e+03 3.258347e+03
39.5 3.152009e+03 3.197362e+03 3.158838e+03 3.113484e+03
40.5 3.120140e+03 3.196932e+03 3.158891e+03 3.082099e+03
41.5 3.133205e+03 3.196074e+03 3.158934e+03 3.096065e+03
42.5 3.170828e+03 3.194300e+03 3.158969e+03 3.135497e+03
43.5 3.148539e+03 3.191640e+03 3.158999e+03 3.115897e+03
44.5 3.147446e+03 3.188759e+03 3.159025e+03 3.117711e+03
45.5 3.219957e+03 3.186269e+03 3.159047e+03 3.192734e+03
0.5 3.146300e+03 3.178748e+03 3.157321e+03 3.124874e+03
1.5 3.181397e+03 3.172569e+03 3.157806e+03 3.166634e+03
2.5 3.171477e+03 3.153693e+03 3.162397e+03 3.180181e+03
3.5 3.147278e+03 3.124263e+03 3.174596e+03 3.197611e+03
4.5 3.172021e+03 3.094854e+03 3.193264e+03 3.270431e+03
5.5 3.201501e+03 3.073257e+03 3.214146e+03 3.342390e+03
6.5 3.018002e+03 3.060995e+03 3.233226e+03 3.190233e+03
7.5 2.921272e+03 3.055935e+03 3.248331e+03 3.113668e+03
8.5 3.037061e+03 3.055256e+03 3.259006e+03 3.240811e+03
9.5 2.963609e+03 3.056846e+03 3.265777e+03 3.172540e+03
10.5 3.048349e+03 3.060175e+03 3.269496e+03 3.257670e+03
11.5 2.985984e+03 3.069485e+03 3.270416e+03 3.186915e+03
12.5 3.163773e+03 3.091570e+03 3.265685e+03 3.337887e+03
13.5 3.219756e+03 3.124082e+03 3.252332e+03 3.348005e+03
14.5 3.202316e+03 3.156296e+03 3.231906e+03 3.277926e+03
15.5 3.247461e+03 3.180319e+03 3.208980e+03 3.276122e+03
16.5 3.298042e+03 3.194580e+03 3.187804e+03 3.291266e+03
17.5 3.156304e+03 3.201215e+03 3.170713e+03 3.125802e+03
18.5 3.246354e+03 3.203090e+03 3.158257e+03 3.201521e+03
19.5 3.158106e+03 3.202389e+03 3.149957e+03 3.105675e+03
20.5 3.256254e+03 3.200414e+03 3.144964e+03 3.200803e+03
21.5 3.167950e+03 3.197862e+03 3.142428e+03 3.112517e+03
22.5 3.096457e+03 3.195116e+03 3.141635e+03 3.042976e+03
23.5 3.121258e+03 3.192428e+03 3.142013e+03 3.070844e+03
24.5 3.185485e+03 3.189981e+03 3.143114e+03 3.138618e+03
25.5 3.170735e+03 3.187900e+03 3.144588e+03 3.127423e+03
26.5 3.302757e+03 3.186246e+03 3.146175e+03 3.262686e+03
27.5 3.075245e+03 3.185024e+03 3.147691e+03 3.037912e+03
28.5 3.301089e+03 3.184192e+03 3.149023e+03 3.265920e+03
29.5 3.153242e+03 3.183683e+03 3.150117e+03 3.119676e+03
30.5 3.215539e+03 3.183463e+03 3.150961e+03 3.183037e+03
31.5 3.261253e+03 3.183759e+03 3.151570e+03 3.229064e+03
32.5 3.182082e+03 3.185044e+03 3.151977e+03 3.149014e+03
33.5 3.237859e+03 3.187276e+03 3.152218e+03 3.202801e+03
34.5 3.150076e+03 3.189783e+03 3.152332e+03 3.112625e+03
35.5 3.125429e+03 3.191949e+03 3.152349e+03 3.085829e+03
36.5 3.189385e+03 3.193545e+03 3.152297e+03 3.148138e+03
37.5 3.218866e+03 3.194623e+03 3.152195e+03 3.176438e+03
38.5 3.176344e+03 3.195294e+03 3.152058e+03 3.133107e+03
39.5 3.330060e+03 3.195705e+03 3.151896e+03 3.286251e+03
40.5 3.146189e+03 3.195914e+03 3.151717e+03 3.101993e+03
41.5 3.337010e+03 3.195691e+03 3.151526e+03 3.292846e+03
42.5 3.169139e+03 3.194546e+03 3.151324e+03 3.125918e+03
43.5 3.139254e+03 3.192506e+03 3.151115e+03 3.097863e+03
44.5 3.265587e+03 3.190234e+03 3.150898e+03 3.226251e+03
45.5 3.241394e+03 3.188339e+03 3.150676e+03 3.203731e+03
0.5 3.186216e+03 3.190224e+03 3.146546e+03 3.142538e+03
1.5 3.234906e+03 3.184376e+03 3.146785e+03 3.197315e+03
2.5 3.106354e+03 3.165839e+03 3.151124e+03 3.091639e+03
3.5 3.233952e+03 3.136765e+03 3.163060e+03 3.260248e+03
4.5 3.110386e+03 3.107735e+03 3.181453e+03 3.184105e+03
5.5 3.132651e+03 3.086540e+03 3.202041e+03 3.248151e+03
6.5 3.009775e+03 3.074703e+03 3.220806e+03 3.155878e+03
7.5 3.024717e+03 3.070086e+03 3.235575e+03 3.190205e+03
8.5 2.981051e+03 3.069866e+03 3.245895e+03 3.157080e+03
9.5 3.034491e+03 3.071926e+03 3.252293e+03 3.214859e+03
10.5 3.146818e+03 3.075270e+03 3.255622e+03 3.327170e+03
