0.5 8.791004e+03 8.785341e+03 8.839831e+03 8.845494e+03
1.5 8.806752e+03 8.792237e+03 8.840438e+03 8.854953e+03
2.5 8.806525e+03 8.808100e+03 8.841941e+03 8.840367e+03
3.5 8.846983e+03 8.830713e+03 8.843719e+03 8.859989e+03
4.5 8.865203e+03 8.851959e+03 8.844768e+03 8.858012e+03
5.5 8.893234e+03 8.866452e+03 8.844732e+03 8.871514e+03
6.5 8.928075e+03 8.873725e+03 8.843899e+03 8.898249e+03
7.5 8.933868e+03 8.875881e+03 8.842742e+03 8.900729e+03
8.5 8.898094e+03 8.875263e+03 8.841613e+03 8.864444e+03
9.5 8.872780e+03 8.873474e+03 8.840680e+03 8.839986e+03
10.5 8.878132e+03 8.870799e+03 8.839903e+03 8.847236e+03
11.5 8.824217e+03 8.863824e+03 8.838799e+03 8.799192e+03
12.5 8.862865e+03 8.847657e+03 8.836963e+03 8.852172e+03
13.5 8.860779e+03 8.824700e+03 8.834982e+03 8.871061e+03
14.5 8.851093e+03 8.803188e+03 8.833826e+03 8.881731e+03
15.5 8.898211e+03 8.788597e+03 8.833827e+03 8.943441e+03
16.5 8.894117e+03 8.781441e+03 8.834677e+03 8.947353e+03
17.5 8.865351e+03 8.779622e+03 8.835884e+03 8.921613e+03
18.5 8.904052e+03 8.780770e+03 8.837080e+03 8.960361e+03
19.5 8.875690e+03 8.783236e+03 8.838085e+03 8.930538e+03
20.5 8.869757e+03 8.786133e+03 8.838855e+03 8.922480e+03
21.5 8.819107e+03 8.789054e+03 8.839412e+03 8.869465e+03
22.5 8.816096e+03 8.791820e+03 8.839793e+03 8.864069e+03
23.5 8.776795e+03 8.794329e+03 8.840037e+03 8.822503e+03
24.5 8.734878e+03 8.796514e+03 8.840174e+03 8.778538e+03
25.5 8.731061e+03 8.798336e+03 8.840231e+03 8.772956e+03
26.5 8.684165e+03 8.799793e+03 8.840229e+03 8.724601e+03
27.5 8.675874e+03 8.800912e+03 8.840189e+03 8.715150e+03
28.5 8.694298e+03 8.801747e+03 8.840128e+03 8.732679e+03
29.5 8.703577e+03 8.802361e+03 8.840059e+03 8.741275e+03
30.5 8.741098e+03 8.803042e+03 8.839991e+03 8.778048e+03
31.5 8.806387e+03 8.805845e+03 8.839931e+03 8.840474e+03
32.5 8.817155e+03 8.815774e+03 8.839881e+03 8.841263e+03
33.5 8.867665e+03 8.834816e+03 8.839842e+03 8.872691e+03
34.5 8.895586e+03 8.858723e+03 8.839812e+03 8.876675e+03
35.5 8.920869e+03 8.881781e+03 8.839789e+03 8.878878e+03
36.5 8.916117e+03 8.900468e+03 8.839774e+03 8.855423e+03
37.5 8.944864e+03 8.913829e+03 8.839763e+03 8.870797e+03
38.5 8.949269e+03 8.922433e+03 8.839755e+03 8.866591e+03
39.5 8.955457e+03 8.927355e+03 8.839750e+03 8.867852e+03
40.5 8.930482e+03 8.929408e+03 8.839746e+03 8.840820e+03
41.5 8.908819e+03 8.927419e+03 8.839744e+03 8.821144e+03
42.5 8.880949e+03 8.917042e+03 8.839742e+03 8.803648e+03
43.5 8.875483e+03 8.896787e+03 8.839740e+03 8.818436e+03
44.5 8.852848e+03 8.871280e+03 8.839739e+03 8.821308e+03
45.5 8.882814e+03 8.846517e+03 8.839738e+03 8.876035e+03
0.5 8.871177e+03 8.809081e+03 8.839792e+03 8.901887e+03
1.5 8.819591e+03 8.814680e+03 8.840398e+03 8.845309e+03
2.5 8.835931e+03 8.829453e+03 8.841900e+03 8.848378e+03
3.5 8.818227e+03 8.851137e+03 8.843677e+03 8.810768e+03
4.5 8.824101e+03 8.871575e+03 8.844724e+03 8.797251e+03
5.5 8.835420e+03 8.885351e+03 8.844687e+03 8.794756e+03
6.5 8.881648e+03 8.891976e+03 8.843854e+03 8.833526e+03
7.5 8.962165e+03 8.893535e+03 8.842696e+03 8.911326e+03
8.5 8.958976e+03 8.892359e+03 8.841567e+03 8.908184e+03
9.5 8.984533e+03 8.890043e+03 8.840634e+03 8.935124e+03
10.5 8.971067e+03 8.886866e+03 8.839858e+03 8.924059e+03
11.5 8.888929e+03 8.879420e+03 8.838756e+03 8.848264e+03
12.5 8.835936e+03 8.862808e+03 8.836921e+03 8.810050e+03
13.5 8.776421e+03 8.839408e+03 8.834940e+03 8.771952e+03
14.5 8.724018e+03 8.817467e+03 8.833784e+03 8.740335e+03
15.5 8.728521e+03 8.802461e+03 8.833786e+03 8.759846e+03
16.5 8.723530e+03 8.794902e+03 8.834636e+03 8.763264e+03
17.5 8.760209e+03 8.792691e+03 8.835843e+03 8.803360e+03
18.5 8.811537e+03 8.793460e+03 8.837039e+03 8.855116e+03
19.5 8.845676e+03 8.795557e+03 8.838045e+03 8.888164e+03
20.5 8.862999e+03 8.798095e+03 8.838816e+03 8.903719e+03
21.5 8.822961e+03 8.800669e+03 8.839372e+03 8.861665e+03
22.5 8.816338e+03 8.803097e+03 8.839754e+03 8.852996e+03
23.5 8.769620e+03 8.805278e+03 8.839999e+03 8.804341e+03
24.5 8.760819e+03 8.807143e+03 8.840137e+03 8.793813e+03
25.5 8.742328e+03 8.808656e+03 8.840193e+03 8.773866e+03
26.5 8.732987e+03 8.809811e+03 8.840192e+03 8.763368e+03
27.5 8.740639e+03 8.810637e+03 8.840152e+03 8.770155e+03
28.5 8.801439e+03 8.811187e+03 8.840092e+03 8.830344e+03
29.5 8.840500e+03 8.811524e+03 8.840023e+03 8.868999e+03
30.5 8.839893e+03 8.811935e+03 8.839957e+03 8.867914e+03
31.5 8.843036e+03 8.814475e+03 8.839897e+03 8.868458e+03
32.5 8.837123e+03 8.824149e+03 8.839848e+03 8.852822e+03
33.5 8.831383e+03 8.842942e+03 8.839809e+03 8.828249e+03
34.5 8.875458e+03 8.866607e+03 8.839779e+03 8.848630e+03
35.5 8.904763e+03 8.889428e+03 8.839757e+03 8.855092e+03
36.5 8.930094e+03 8.907876e+03 8.839742e+03 8.861960e+03
37.5 8.937381e+03 8.920982e+03 8.839732e+03 8.856131e+03
38.5 8.908437e+03 8.929340e+03 8.839724e+03 8.818821e+03
39.5 8.915231e+03 8.934021e+03 8.839720e+03 8.820929e+03
40.5 8.901364e+03 8.935837e+03 8.839717e+03 8.805243e+03
41.5 8.876682e+03 8.933613e+03 8.839714e+03 8.782783e+03
42.5 8.881135e+03 8.923004e+03 8.839713e+03 8.797845e+03
43.5 8.889665e+03 8.902522e+03 8.839712e+03 8.826854e+03
44.5 8.897659e+03 8.876798e+03 8.839711e+03 8.860572e+03
45.5 8.862244e+03 8.851832e+03 8.839711e+03 8.850123e+03
0.5 8.818105e+03 8.809710e+03 8.839776e+03 8.848171e+03
1.5 8.796904e+03 8.815236e+03 8.840381e+03 8.822049e+03
2.5 8.866945e+03 8.829932e+03 8.841882e+03 8.878895e+03
3.5 8.911473e+03 8.851532e+03 8.843657e+03 8.903598e+03
4.5 8.956307e+03 8.871875e+03 8.844701e+03 8.929134e+03
5.5 8.955809e+03 8.885544e+03 8.844661e+03 8.914926e+03
6.5 8.942037e+03 8.892051e+03 8.843823e+03 8.893809e+03
7.5 8.867095e+03 8.893487e+03 8.842662e+03 8.816270e+03
8.5 8.800212e+03 8.892183e+03 8.841529e+03 8.749558e+03
9.5 8.769881e+03 8.889740e+03 8.840593e+03 8.720734e+03
10.5 8.750876e+03 8.886918e+03 8.839814e+03 8.703773e+03
