0.5 1.008372e+03 1.113211e+03 1.192415e+03 1.087576e+03
1.5 1.160765e+03 1.126102e+03 1.226405e+03 1.261068e+03
2.5 1.429023e+03 1.171910e+03 1.311301e+03 1.568414e+03
3.5 1.126507e+03 1.255010e+03 1.413269e+03 1.284767e+03
4.5 1.419879e+03 1.353260e+03 1.476156e+03 1.542775e+03
5.5 1.492571e+03 1.442251e+03 1.479155e+03 1.529476e+03
6.5 1.550334e+03 1.509688e+03 1.437360e+03 1.478007e+03
7.5 1.611483e+03 1.554375e+03 1.376570e+03 1.433678e+03
8.5 1.548862e+03 1.580459e+03 1.316321e+03 1.284723e+03
9.5 1.468456e+03 1.593098e+03 1.266049e+03 1.141407e+03
10.5 1.628747e+03 1.595302e+03 1.223791e+03 1.257236e+03
11.5 1.467125e+03 1.579874e+03 1.162738e+03 1.049989e+03
12.5 1.271842e+03 1.527539e+03 1.059559e+03 8.038626e+02
13.5 1.486803e+03 1.435575e+03 9.461285e+02 9.973567e+02
14.5 1.174976e+03 1.327412e+03 8.770412e+02 7.246058e+02
15.5 1.467629e+03 1.228440e+03 8.718253e+02 1.111015e+03
16.5 1.162765e+03 1.151640e+03 9.142747e+02 9.253994e+02
17.5 1.238162e+03 1.098622e+03 9.775983e+02 1.117138e+03
18.5 1.446557e+03 1.065415e+03 1.041405e+03 1.422547e+03
19.5 9.669112e+02 1.046859e+03 1.095572e+03 1.015625e+03
20.5 1.338153e+03 1.038539e+03 1.137439e+03 1.437054e+03
21.5 9.833716e+02 1.037160e+03 1.167969e+03 1.114181e+03
22.5 1.057575e+03 1.040315e+03 1.189177e+03 1.206437e+03
23.5 9.850398e+02 1.046185e+03 1.202998e+03 1.141853e+03
24.5 9.425815e+02 1.053367e+03 1.211042e+03 1.100256e+03
25.5 7.432047e+02 1.060804e+03 1.214665e+03 8.970653e+02
26.5 1.055141e+03 1.067760e+03 1.215071e+03 1.202452e+03
27.5 1.058740e+03 1.073796e+03 1.213340e+03 1.198284e+03
28.5 8.306829e+02 1.078718e+03 1.210393e+03 9.623581e+02
29.5 1.099198e+03 1.082524e+03 1.206977e+03 1.223652e+03
30.5 1.043773e+03 1.086613e+03 1.207758e+03 1.164918e+03
31.5 1.037344e+03 1.101475e+03 1.238609e+03 1.174478e+03
32.5 1.318044e+03 1.148794e+03 1.320870e+03 1.490120e+03
33.5 1.300575e+03 1.233107e+03 1.420742e+03 1.488209e+03
34.5 1.564029e+03 1.332389e+03 1.482031e+03 1.713671e+03
35.5 1.485925e+03 1.422307e+03 1.483861e+03 1.547479e+03
36.5 1.564776e+03 1.490615e+03 1.441235e+03 1.515395e+03
37.5 1.833504e+03 1.536138e+03 1.379862e+03 1.677228e+03
38.5 1.647785e+03 1.563038e+03 1.319215e+03 1.403962e+03
39.5 1.491757e+03 1.576480e+03 1.268674e+03 1.183951e+03
40.5 1.725284e+03 1.579477e+03 1.226234e+03 1.372041e+03
41.5 1.310873e+03 1.564832e+03 1.165057e+03 9.110973e+02
42.5 1.449659e+03 1.513270e+03 1.061790e+03 9.981788e+02
43.5 1.455302e+03 1.422068e+03 9.482947e+02 9.815287e+02
44.5 1.201118e+03 1.314654e+03 8.791563e+02 7.656204e+02
45.5 1.300481e+03 1.216416e+03 8.738947e+02 9.579598e+02
0.5 1.043773e+03 1.086613e+03 1.207758e+03 1.164918e+03
1.5 1.037344e+03 1.101475e+03 1.238609e+03 1.174478e+03
2.5 1.318044e+03 1.148794e+03 1.320870e+03 1.490120e+03
3.5 1.300575e+03 1.233107e+03 1.420742e+03 1.488209e+03
4.5 1.564029e+03 1.332389e+03 1.482031e+03 1.713671e+03
5.5 1.485925e+03 1.422307e+03 1.483861e+03 1.547479e+03
6.5 1.564776e+03 1.490615e+03 1.441235e+03 1.515395e+03
7.5 1.833504e+03 1.536138e+03 1.379862e+03 1.677228e+03
8.5 1.647785e+03 1.563038e+03 1.319215e+03 1.403962e+03
9.5 1.491757e+03 1.576480e+03 1.268674e+03 1.183951e+03
10.5 1.725284e+03 1.579477e+03 1.226234e+03 1.372041e+03
11.5 1.310873e+03 1.564832e+03 1.165057e+03 9.110973e+02
12.5 1.449659e+03 1.513270e+03 1.061790e+03 9.981788e+02
13.5 1.455302e+03 1.422068e+03 9.482947e+02 9.815287e+02
14.5 1.201118e+03 1.314654e+03 8.791563e+02 7.656204e+02
15.5 1.300481e+03 1.216416e+03 8.738947e+02 9.579598e+02
16.5 1.264986e+03 1.140336e+03 9.163030e+02 1.040953e+03
17.5 1.023150e+03 1.088027e+03 9.795920e+02 9.147149e+02
18.5 1.334522e+03 1.055517e+03 1.043367e+03 1.322373e+03
19.5 1.056364e+03 1.037643e+03 1.097502e+03 1.116222e+03
20.5 1.147034e+03 1.029991e+03 1.139336e+03 1.256379e+03
21.5 1.161516e+03 1.029268e+03 1.169834e+03 1.302082e+03
22.5 1.090656e+03 1.033064e+03 1.191008e+03 1.248600e+03
23.5 1.281999e+03 1.039561e+03 1.204796e+03 1.447234e+03
24.5 8.288746e+02 1.047357e+03 1.212806e+03 9.943236e+02
25.5 1.150896e+03 1.055394e+03 1.216395e+03 1.311897e+03
26.5 1.104619e+03 1.062937e+03 1.216768e+03 1.258450e+03
27.5 1.032039e+03 1.069546e+03 1.215003e+03 1.177496e+03
28.5 1.262104e+03 1.075029e+03 1.212023e+03 1.399098e+03
29.5 1.214647e+03 1.079372e+03 1.208557e+03 1.343833e+03
30.5 1.010230e+03 1.081463e+03 1.205124e+03 1.133891e+03
31.5 1.068798e+03 1.074203e+03 1.202040e+03 1.196635e+03
32.5 9.461180e+02 1.053159e+03 1.199460e+03 1.092419e+03
33.5 8.400233e+02 1.030088e+03 1.197419e+03 1.007354e+03
34.5 7.819666e+02 1.021156e+03 1.195878e+03 9.566885e+02
35.5 1.085827e+03 1.030644e+03 1.194764e+03 1.249946e+03
36.5 1.221054e+03 1.052339e+03 1.193987e+03 1.362701e+03
37.5 1.277859e+03 1.077694e+03 1.193461e+03 1.393627e+03
38.5 8.879340e+02 1.100781e+03 1.193117e+03 9.802699e+02
39.5 1.539688e+03 1.119092e+03 1.192903e+03 1.613499e+03
40.5 1.315338e+03 1.133616e+03 1.192777e+03 1.374499e+03
41.5 1.052918e+03 1.152379e+03 1.192707e+03 1.093245e+03
42.5 1.231415e+03 1.180951e+03 1.192674e+03 1.243139e+03
43.5 1.075396e+03 1.208570e+03 1.192664e+03 1.059490e+03
44.5 1.305347e+03 1.219865e+03 1.192668e+03 1.278150e+03
45.5 1.039932e+03 1.211191e+03 1.192677e+03 1.021418e+03
0.5 1.167375e+03 1.094280e+03 1.197183e+03 1.270278e+03
1.5 1.246946e+03 1.108857e+03 1.231106e+03 1.369194e+03
2.5 1.147066e+03 1.156319e+03 1.315934e+03 1.306680e+03
3.5 1.292417e+03 1.241043e+03 1.417836e+03 1.469210e+03
4.5 1.275250e+03 1.340886e+03 1.480656e+03 1.415020e+03
5.5 1.279258e+03 1.431440e+03 1.483590e+03 1.331409e+03
6.5 1.632519e+03 1.500476e+03 1.441756e+03 1.573799e+03
7.5 1.772224e+03 1.546779e+03 1.380929e+03 1.606374e+03
8.5 1.757045e+03 1.574394e+03 1.320622e+03 1.503273e+03
9.5 1.605216e+03 1.588540e+03 1.270294e+03 1.286971e+03
10.5 1.431671e+03 1.592226e+03 1.227980e+03 1.067425e+03
11.5 1.509136e+03 1.578258e+03 1.166874e+03 1.097752e+03
12.5 1.420058e+03 1.527356e+03 1.063642e+03 9.563447e+02
13.5 1.142961e+03 1.436791e+03 9.501608e+02 6.563313e+02
14.5 1.600210e+03 1.329987e+03 8.810243e+02 1.151247e+03
15.5 1.260879e+03 1.232333e+03 8.757610e+02 9.043073e+02
16.5 1.215808e+03 1.156818e+03 9.181651e+02 9.771551e+02
17.5 1.239667e+03 1.105057e+03 9.814452e+02 1.116055e+03
18.5 9.841262e+02 1.073086e+03 1.045211e+03 9.562511e+02
19.5 1.142172e+03 1.055748e+03 1.099339e+03 1.185764e+03
20.5 1.153456e+03 1.048629e+03 1.141170e+03 1.245996e+03
21.5 9.339750e+02 1.048438e+03 1.171666e+03 1.057202e+03
22.5 1.132955e+03 1.052766e+03 1.192841e+03 1.273030e+03
23.5 1.289144e+03 1.059797e+03 1.206634e+03 1.435981e+03
24.5 1.116291e+03 1.068127e+03 1.214651e+03 1.262815e+03
25.5 1.107743e+03 1.076701e+03 1.218251e+03 1.249292e+03
26.5 1.218185e+03 1.084782e+03 1.218637e+03 1.352039e+03
27.5 1.041212e+03 1.091933e+03 1.216888e+03 1.166167e+03
28.5 1.035335e+03 1.097960e+03 1.213927e+03 1.151303e+03
29.5 9.606804e+02 1.102852e+03 1.210484e+03 1.068313e+03
30.5 1.122696e+03 1.105496e+03 1.207077e+03 1.224277e+03
31.5 9.615375e+02 1.098795e+03 1.204023e+03 1.066765e+03
32.5 1.291266e+03 1.078321e+03 1.201475e+03 1.414420e+03
33.5 1.062830e+03 1.055837e+03 1.199470e+03 1.206462e+03
34.5 1.083627e+03 1.047514e+03 1.197968e+03 1.234081e+03
35.5 1.120976e+03 1.057628e+03 1.196897e+03 1.260245e+03
36.5 1.128991e+03 1.079957e+03 1.196167e+03 1.245201e+03
37.5 9.973250e+02 1.105948e+03 1.195691e+03 1.087067e+03
38.5 1.082073e+03 1.129673e+03 1.195401e+03 1.147801e+03
39.5 9.487784e+02 1.148610e+03 1.195244e+03 9.954122e+02
40.5 1.136158e+03 1.160880e+03 1.195178e+03 1.170456e+03
