0.5 1.901356e+03 1.891262e+03 2.000663e+03 2.010757e+03
1.5 1.904285e+03 1.901834e+03 2.011528e+03 2.013979e+03
2.5 2.002902e+03 1.934675e+03 2.038595e+03 2.106822e+03
3.5 2.014161e+03 1.984108e+03 2.071027e+03 2.101080e+03
4.5 2.020266e+03 2.030554e+03 2.090915e+03 2.080627e+03
5.5 2.104312e+03 2.061157e+03 2.091667e+03 2.134822e+03
6.5 2.005519e+03 2.074864e+03 2.078141e+03 2.008797e+03
7.5 2.090030e+03 2.076728e+03 2.058594e+03 2.071896e+03
8.5 2.051042e+03 2.072319e+03 2.039264e+03 2.017987e+03
9.5 1.999379e+03 2.065420e+03 2.023162e+03 1.957122e+03
10.5 2.045331e+03 2.057973e+03 2.010978e+03 1.998336e+03
11.5 2.066326e+03 2.050788e+03 2.002302e+03 2.017840e+03
12.5 2.045272e+03 2.044174e+03 1.996443e+03 1.997541e+03
13.5 2.086669e+03 2.038281e+03 1.992772e+03 2.041160e+03
14.5 1.994014e+03 2.033213e+03 1.990785e+03 1.951585e+03
15.5 2.106851e+03 2.029023e+03 1.990072e+03 2.067900e+03
16.5 2.032019e+03 2.025697e+03 1.990275e+03 1.996597e+03
17.5 2.009034e+03 2.023157e+03 1.991076e+03 1.976953e+03
18.5 2.059911e+03 2.021272e+03 1.992201e+03 2.030841e+03
19.5 2.030226e+03 2.019890e+03 1.993431e+03 2.003767e+03
20.5 2.024587e+03 2.018512e+03 1.993290e+03 1.999364e+03
21.5 1.985336e+03 2.014858e+03 1.983539e+03 1.954017e+03
22.5 2.010819e+03 2.007188e+03 1.957420e+03 1.961052e+03
23.5 2.045094e+03 1.998494e+03 1.925765e+03 1.972365e+03
24.5 2.029196e+03 1.993482e+03 1.906491e+03 1.942205e+03
25.5 2.002622e+03 1.993709e+03 1.906210e+03 1.915124e+03
26.5 1.931155e+03 1.997683e+03 1.920089e+03 1.853561e+03
27.5 1.970146e+03 2.003096e+03 1.939898e+03 1.906948e+03
28.5 1.962732e+03 2.008254e+03 1.959420e+03 1.913898e+03
29.5 1.932437e+03 2.012380e+03 1.975671e+03 1.895727e+03
30.5 1.964413e+03 2.015683e+03 1.989299e+03 1.938030e+03
31.5 2.032491e+03 2.020479e+03 2.008891e+03 2.020903e+03
32.5 2.115264e+03 2.028621e+03 2.041835e+03 2.128478e+03
33.5 2.020047e+03 2.037229e+03 2.077908e+03 2.060725e+03
34.5 2.078428e+03 2.041724e+03 2.099740e+03 2.136444e+03
35.5 2.030702e+03 2.040654e+03 2.101162e+03 2.091211e+03
36.5 1.957855e+03 2.035605e+03 2.087400e+03 2.009650e+03
37.5 1.914776e+03 2.028975e+03 2.067028e+03 1.952829e+03
38.5 2.065120e+03 2.022533e+03 2.046559e+03 2.089146e+03
39.5 1.964316e+03 2.017122e+03 2.029217e+03 1.976410e+03
40.5 1.992714e+03 2.012930e+03 2.015840e+03 1.995624e+03
41.5 2.003021e+03 2.009834e+03 2.006110e+03 1.999297e+03
42.5 1.966931e+03 2.007627e+03 1.999375e+03 1.958679e+03
43.5 2.025834e+03 2.006117e+03 1.995011e+03 2.014728e+03
44.5 1.966886e+03 2.005145e+03 1.992498e+03 1.954239e+03
45.5 2.069677e+03 2.004578e+03 1.991400e+03 2.056498e+03
46.5 1.989944e+03 2.004302e+03 1.991328e+03 1.976970e+03
47.5 2.083362e+03 2.004214e+03 1.991937e+03 2.071085e+03
48.5 1.952503e+03 2.004230e+03 1.992930e+03 1.941202e+03
49.5 2.056009e+03 2.004285e+03 1.994070e+03 2.045793e+03
50.5 1.943246e+03 2.004124e+03 1.993867e+03 1.932989e+03
51.5 1.978017e+03 2.002395e+03 1.984075e+03 1.959698e+03
52.5 2.059938e+03 1.997768e+03 1.957933e+03 2.020103e+03
53.5 1.910509e+03 1.991698e+03 1.926267e+03 1.845078e+03
54.5 1.879186e+03 1.987095e+03 1.906988e+03 1.799079e+03
55.5 2.047516e+03 1.985317e+03 1.906703e+03 1.968903e+03
0.5 1.964413e+03 2.015683e+03 1.989299e+03 1.938030e+03
1.5 2.032491e+03 2.020479e+03 2.008891e+03 2.020903e+03
2.5 2.115264e+03 2.028621e+03 2.041835e+03 2.128478e+03
3.5 2.020047e+03 2.037229e+03 2.077908e+03 2.060725e+03
4.5 2.078428e+03 2.041724e+03 2.099740e+03 2.136444e+03
5.5 2.030702e+03 2.040654e+03 2.101162e+03 2.091211e+03
6.5 1.957855e+03 2.035605e+03 2.087400e+03 2.009650e+03
7.5 1.914776e+03 2.028975e+03 2.067028e+03 1.952829e+03
8.5 2.065120e+03 2.022533e+03 2.046559e+03 2.089146e+03
9.5 1.964316e+03 2.017122e+03 2.029217e+03 1.976410e+03
10.5 1.992714e+03 2.012930e+03 2.015840e+03 1.995624e+03
11.5 2.003021e+03 2.009834e+03 2.006110e+03 1.999297e+03
12.5 1.966931e+03 2.007627e+03 1.999375e+03 1.958679e+03
13.5 2.025834e+03 2.006117e+03 1.995011e+03 2.014728e+03
14.5 1.966886e+03 2.005145e+03 1.992498e+03 1.954239e+03
15.5 2.069677e+03 2.004578e+03 1.991400e+03 2.056498e+03
16.5 1.989944e+03 2.004302e+03 1.991328e+03 1.976970e+03
17.5 2.083362e+03 2.004214e+03 1.991937e+03 2.071085e+03
18.5 1.952503e+03 2.004230e+03 1.992930e+03 1.941202e+03
19.5 2.056009e+03 2.004285e+03 1.994070e+03 2.045793e+03
20.5 1.943246e+03 2.004124e+03 1.993867e+03 1.932989e+03
21.5 1.978017e+03 2.002395e+03 1.984075e+03 1.959698e+03
22.5 2.059938e+03 1.997768e+03 1.957933e+03 2.020103e+03
23.5 1.910509e+03 1.991698e+03 1.926267e+03 1.845078e+03
24.5 1.879186e+03 1.987095e+03 1.906988e+03 1.799079e+03
25.5 2.047516e+03 1.985317e+03 1.906703e+03 1.968903e+03
26.5 1.942328e+03 1.985895e+03 1.920576e+03 1.877008e+03
27.5 1.986691e+03 1.987695e+03 1.940376e+03 1.939372e+03
28.5 1.951747e+03 1.989770e+03 1.959888e+03 1.921865e+03
29.5 1.931935e+03 1.991615e+03 1.976126e+03 1.916446e+03
30.5 1.923737e+03 1.993270e+03 1.989740e+03 1.920207e+03
31.5 2.014044e+03 1.996071e+03 2.009295e+03 2.027268e+03
32.5 1.925111e+03 2.001394e+03 2.042204e+03 1.965921e+03
33.5 2.040802e+03 2.007847e+03 2.078266e+03 2.111220e+03
34.5 1.962232e+03 2.012574e+03 2.100087e+03 2.049745e+03
35.5 1.961835e+03 2.014268e+03 2.101500e+03 2.049066e+03
36.5 2.036869e+03 2.013445e+03 2.087728e+03 2.111151e+03
37.5 2.005182e+03 2.011287e+03 2.067346e+03 2.061241e+03
38.5 1.958179e+03 2.008781e+03 2.046867e+03 1.996265e+03
39.5 2.030113e+03 2.006471e+03 2.029516e+03 2.053158e+03
40.5 1.954180e+03 2.004551e+03 2.016130e+03 1.965759e+03
41.5 1.983146e+03 2.003032e+03 2.006392e+03 1.986505e+03
42.5 2.010886e+03 2.001864e+03 1.999649e+03 2.008671e+03
43.5 2.048569e+03 2.000989e+03 1.995277e+03 2.042857e+03
44.5 1.987136e+03 2.000358e+03 1.992756e+03 1.979535e+03
45.5 1.997872e+03 1.999928e+03 1.991651e+03 1.989595e+03
46.5 2.036111e+03 1.999655e+03 1.991572e+03 2.028028e+03
47.5 2.048696e+03 1.999499e+03 1.992174e+03 2.041371e+03
48.5 2.029061e+03 1.999420e+03 1.993160e+03 2.022801e+03
49.5 1.993234e+03 1.999386e+03 1.994293e+03 1.988141e+03
50.5 2.019921e+03 1.999162e+03 1.994084e+03 2.014843e+03
51.5 1.981626e+03 1.997404e+03 1.984286e+03 1.968508e+03
52.5 2.082141e+03 1.992785e+03 1.958139e+03 2.047494e+03
53.5 1.964029e+03 1.986756e+03 1.926467e+03 1.903739e+03
54.5 1.980044e+03 1.982223e+03 1.907183e+03 1.905004e+03
55.5 1.990742e+03 1.980536e+03 1.906893e+03 1.917099e+03
0.5 1.923737e+03 1.993270e+03 1.989740e+03 1.920207e+03
1.5 2.014044e+03 1.996071e+03 2.009295e+03 2.027268e+03
2.5 1.925111e+03 2.001394e+03 2.042204e+03 1.965921e+03
3.5 2.040802e+03 2.007847e+03 2.078266e+03 2.111220e+03
4.5 1.962232e+03 2.012574e+03 2.100087e+03 2.049745e+03
5.5 1.961835e+03 2.014268e+03 2.101500e+03 2.049066e+03
6.5 2.036869e+03 2.013445e+03 2.087728e+03 2.111151e+03
7.5 2.005182e+03 2.011287e+03 2.067346e+03 2.061241e+03
8.5 1.958179e+03 2.008781e+03 2.046867e+03 1.996265e+03
9.5 2.030113e+03 2.006471e+03 2.029516e+03 2.053158e+03
10.5 1.954180e+03 2.004551e+03 2.016130e+03 1.965759e+03
11.5 1.983146e+03 2.003032e+03 2.006392e+03 1.986505e+03
12.5 2.010886e+03 2.001864e+03 1.999649e+03 2.008671e+03
13.5 2.048569e+03 2.000989e+03 1.995277e+03 2.042857e+03
14.5 1.987136e+03 2.000358e+03 1.992756e+03 1.979535e+03
15.5 1.997872e+03 1.999928e+03 1.991651e+03 1.989595e+03
16.5 2.036111e+03 1.999655e+03 1.991572e+03 2.028028e+03
17.5 2.048696e+03 1.999499e+03 1.992174e+03 2.041371e+03
18.5 2.029061e+03 1.999420e+03 1.993160e+03 2.022801e+03
19.5 1.993234e+03 1.999386e+03 1.994293e+03 1.988141e+03
20.5 2.019921e+03 1.999162e+03 1.994084e+03 2.014843e+03
21.5 1.981626e+03 1.997404e+03 1.984286e+03 1.968508e+03
22.5 2.082141e+03 1.992785e+03 1.958139e+03 2.047494e+03
23.5 1.964029e+03 1.986756e+03 1.926467e+03 1.903739e+03
24.5 1.980044e+03 1.982223e+03 1.907183e+03 1.905004e+03
25.5 1.990742e+03 1.980536e+03 1.906893e+03 1.917099e+03
26.5 2.008703e+03 1.981221e+03 1.920760e+03 1.948242e+03
27.5 2.051625e+03 1.983137e+03 1.940556e+03 2.009045e+03
28.5 1.940687e+03 1.985335e+03 1.960064e+03 1.915416e+03
29.5 1.993552e+03 1.987305e+03 1.976297e+03 1.982544e+03
30.5 1.944174e+03 1.989087e+03 1.989907e+03 1.944994e+03
31.5 1.985308e+03 1.992013e+03 2.009458e+03 2.002754e+03
32.5 2.046855e+03 1.997460e+03 2.042363e+03 2.091758e+03
33.5 2.011486e+03 2.004035e+03 2.078421e+03 2.085872e+03
34.5 2.004645e+03 2.008880e+03 2.100240e+03 2.096004e+03
35.5 2.041554e+03 2.010690e+03 2.101649e+03 2.132513e+03
36.5 2.073958e+03 2.009979e+03 2.087874e+03 2.151852e+03
37.5 2.068075e+03 2.007930e+03 2.067489e+03 2.127634e+03
38.5 1.934560e+03 2.005531e+03 2.047008e+03 1.976037e+03
39.5 1.973529e+03 2.003325e+03 2.029655e+03 1.999859e+03
40.5 1.959297e+03 2.001505e+03 2.016267e+03 1.974058e+03
41.5 1.959119e+03 2.000084e+03 2.006526e+03 1.965561e+03
42.5 2.034280e+03 1.999011e+03 1.999781e+03 2.035051e+03
43.5 2.072844e+03 1.998228e+03 1.995407e+03 2.070024e+03
44.5 2.043380e+03 1.997686e+03 1.992885e+03 2.038579e+03
45.5 2.019632e+03 1.997342e+03 1.991778e+03 2.014068e+03
46.5 2.086815e+03 1.997153e+03 1.991698e+03 2.081360e+03
47.5 2.017056e+03 1.997078e+03 1.992299e+03 2.012276e+03
48.5 2.006912e+03 1.997079e+03 1.993284e+03 2.003118e+03
49.5 2.002881e+03 1.997121e+03 1.994417e+03 2.000177e+03
50.5 1.984549e+03 1.996824e+03 1.994207e+03 1.981932e+03
51.5 1.927282e+03 1.994015e+03 1.984409e+03 1.917676e+03
52.5 1.978691e+03 1.987039e+03 1.958261e+03 1.949913e+03
53.5 2.075486e+03 1.978948e+03 1.926589e+03 2.023126e+03
54.5 1.977652e+03 1.974488e+03 1.907305e+03 1.910468e+03
55.5 1.955569e+03 1.975238e+03 1.907015e+03 1.887347e+03
0.5 1.944174e+03 1.989087e+03 1.989907e+03 1.944994e+03
1.5 1.985308e+03 1.992013e+03 2.009458e+03 2.002754e+03
2.5 2.046855e+03 1.997460e+03 2.042363e+03 2.091758e+03
3.5 2.011486e+03 2.004035e+03 2.078421e+03 2.085872e+03
4.5 2.004645e+03 2.008880e+03 2.100240e+03 2.096004e+03
5.5 2.041554e+03 2.010690e+03 2.101649e+03 2.132513e+03
6.5 2.073958e+03 2.009979e+03 2.087874e+03 2.151852e+03
7.5 2.068075e+03 2.007930e+03 2.067489e+03 2.127634e+03
8.5 1.934560e+03 2.005531e+03 2.047008e+03 1.976037e+03
9.5 1.973529e+03 2.003325e+03 2.029655e+03 1.999859e+03
10.5 1.959297e+03 2.001505e+03 2.016267e+03 1.974058e+03
11.5 1.959119e+03 2.000084e+03 2.006526e+03 1.965561e+03
12.5 2.034280e+03 1.999011e+03 1.999781e+03 2.035051e+03
13.5 2.072844e+03 1.998228e+03 1.995407e+03 2.070024e+03
14.5 2.043380e+03 1.997686e+03 1.992885e+03 2.038579e+03
15.5 2.019632e+03 1.997342e+03 1.991778e+03 2.014068e+03
16.5 2.086815e+03 1.997153e+03 1.991698e+03 2.081360e+03
17.5 2.017056e+03 1.997078e+03 1.992299e+03 2.012276e+03
18.5 2.006912e+03 1.997079e+03 1.993284e+03 2.003118e+03
19.5 2.002881e+03 1.997121e+03 1.994417e+03 2.000177e+03
20.5 1.984549e+03 1.996824e+03 1.994207e+03 1.981932e+03
21.5 1.927282e+03 1.994015e+03 1.984409e+03 1.917676e+03
22.5 1.978691e+03 1.987039e+03 1.958261e+03 1.949913e+03
23.5 2.075486e+03 1.978948e+03 1.926589e+03 2.023126e+03
24.5 1.977652e+03 1.974488e+03 1.907305e+03 1.910468e+03
25.5 1.955569e+03 1.975238e+03 1.907015e+03 1.887347e+03
26.5 2.026432e+03 1.979719e+03 1.920883e+03 1.967596e+03
27.5 2.123313e+03 1.985628e+03 1.940679e+03 2.078364e+03
28.5 1.968674e+03 1.991277e+03 1.960188e+03 1.937585e+03
29.5 1.954279e+03 1.995884e+03 1.976422e+03 1.934817e+03
30.5 1.934665e+03 1.999660e+03 1.990033e+03 1.925038e+03
31.5 2.050371e+03 2.004908e+03 2.009585e+03 2.055047e+03
32.5 1.981006e+03 2.013490e+03 2.042491e+03 2.010007e+03
33.5 2.071937e+03 2.022542e+03 2.078551e+03 2.127947e+03
34.5 2.049155e+03 2.027470e+03 2.100371e+03 2.122056e+03
35.5 2.058298e+03 2.026822e+03 2.101782e+03 2.133258e+03
36.5 2.080333e+03 2.022183e+03 2.088009e+03 2.146160e+03
37.5 2.041774e+03 2.015953e+03 2.067627e+03 2.093448e+03
38.5 2.007251e+03 2.009902e+03 2.047148e+03 2.044497e+03
39.5 1.925068e+03 2.004871e+03 2.029797e+03 1.949994e+03
40.5 2.034026e+03 2.001048e+03 2.016412e+03 2.049389e+03
41.5 1.898803e+03 1.998311e+03 2.006674e+03 1.907166e+03
42.5 1.937655e+03 1.996454e+03 1.999932e+03 1.941133e+03
43.5 2.047042e+03 1.995284e+03 1.995562e+03 2.047320e+03
44.5 2.018082e+03 1.994642e+03 1.993043e+03 2.016483e+03
45.5 1.942156e+03 1.994397e+03 1.991940e+03 1.939699e+03
46.5 2.122715e+03 1.994432e+03 1.991863e+03 2.120146e+03
47.5 2.059160e+03 1.994647e+03 1.992468e+03 2.056981e+03
48.5 2.010036e+03 1.994958e+03 1.993458e+03 2.008536e+03
49.5 2.003506e+03 1.995299e+03 1.994595e+03 2.002803e+03
50.5 2.026232e+03 1.995415e+03 1.994389e+03 2.025206e+03
51.5 1.988769e+03 1.993955e+03 1.984596e+03 1.979410e+03
52.5 1.934115e+03 1.989590e+03 1.958453e+03 1.902977e+03
53.5 2.070329e+03 1.983773e+03 1.926786e+03 2.013341e+03
54.5 1.948554e+03 1.979417e+03 1.907507e+03 1.876645e+03
55.5 1.970592e+03 1.977878e+03 1.907223e+03 1.899937e+03
0.5 1.934665e+03 1.999660e+03 1.990033e+03 1.925038e+03
1.5 2.050371e+03 2.004908e+03 2.009585e+03 2.055047e+03
2.5 1.981006e+03 2.013490e+03 2.042491e+03 2.010007e+03
3.5 2.071937e+03 2.022542e+03 2.078551e+03 2.127947e+03
4.5 2.049155e+03 2.027470e+03 2.100371e+03 2.122056e+03
5.5 2.058298e+03 2.026822e+03 2.101782e+03 2.133258e+03
6.5 2.080333e+03 2.022183e+03 2.088009e+03 2.146160e+03
7.5 2.041774e+03 2.015953e+03 2.067627e+03 2.093448e+03
8.5 2.007251e+03 2.009902e+03 2.047148e+03 2.044497e+03
9.5 1.925068e+03 2.004871e+03 2.029797e+03 1.949994e+03
10.5 2.034026e+03 2.001048e+03 2.016412e+03 2.049389e+03
11.5 1.898803e+03 1.998311e+03 2.006674e+03 1.907166e+03
12.5 1.937655e+03 1.996454e+03 1.999932e+03 1.941133e+03
13.5 2.047042e+03 1.995284e+03 1.995562e+03 2.047320e+03
14.5 2.018082e+03 1.994642e+03 1.993043e+03 2.016483e+03
15.5 1.942156e+03 1.994397e+03 1.991940e+03 1.939699e+03
16.5 2.122715e+03 1.994432e+03 1.991863e+03 2.120146e+03
17.5 2.059160e+03 1.994647e+03 1.992468e+03 2.056981e+03
18.5 2.010036e+03 1.994958e+03 1.993458e+03 2.008536e+03
19.5 2.003506e+03 1.995299e+03 1.994595e+03 2.002803e+03
20.5 2.026232e+03 1.995415e+03 1.994389e+03 2.025206e+03
21.5 1.988769e+03 1.993955e+03 1.984596e+03 1.979410e+03
22.5 1.934115e+03 1.989590e+03 1.958453e+03 1.902977e+03
23.5 2.070329e+03 1.983773e+03 1.926786e+03 2.013341e+03
24.5 1.948554e+03 1.979417e+03 1.907507e+03 1.876645e+03
25.5 1.970592e+03 1.977878e+03 1.907223e+03 1.899937e+03
26.5 1.939257e+03 1.978713e+03 1.921116e+03 1.881660e+03
27.5 2.032843e+03 1.980782e+03 1.940939e+03 1.993000e+03
28.5 1.974363e+03 1.983098e+03 1.960457e+03 1.951723e+03
29.5 2.060906e+03 1.985177e+03 1.976701e+03 2.052431e+03
30.5 2.119332e+03 1.987062e+03 1.990322e+03 2.122592e+03
31.5 2.080311e+03 1.990087e+03 2.009884e+03 2.100108e+03
32.5 2.027497e+03 1.995628e+03 2.042799e+03 2.074668e+03
33.5 1.953425e+03 2.002288e+03 2.078863e+03 2.029999e+03
34.5 1.981744e+03 2.007208e+03 2.100680e+03 2.075216e+03
35.5 2.020879e+03 2.009079e+03 2.102083e+03 2.113883e+03
36.5 1.986143e+03 2.008420e+03 2.088300e+03 2.066024e+03
37.5 1.958142e+03 2.006415e+03 2.067909e+03 2.019636e+03
38.5 2.107846e+03 2.004055e+03 2.047424e+03 2.151215e+03
39.5 2.052626e+03 2.001886e+03 2.030071e+03 2.080811e+03
40.5 2.058555e+03 2.000101e+03 2.016686e+03 2.075141e+03
41.5 1.999425e+03 1.998713e+03 2.006952e+03 2.007665e+03
42.5 1.984062e+03 1.997671e+03 2.000216e+03 1.986607e+03
43.5 1.961668e+03 1.996919e+03 1.995853e+03 1.960603e+03
44.5 2.002649e+03 1.996407e+03 1.993344e+03 1.999586e+03
45.5 1.984485e+03 1.996092e+03 1.992251e+03 1.980644e+03
46.5 1.965214e+03 1.995931e+03 1.992186e+03 1.961469e+03
47.5 1.931535e+03 1.995883e+03 1.992803e+03 1.928455e+03
48.5 1.919920e+03 1.995909e+03 1.993805e+03 1.917816e+03
49.5 1.947329e+03 1.995975e+03 1.994954e+03 1.946307e+03
50.5 1.951304e+03 1.995701e+03 1.994761e+03 1.950364e+03
51.5 1.898400e+03 1.992913e+03 1.984980e+03 1.890467e+03
52.5 1.950587e+03 1.985957e+03 1.958855e+03 1.923484e+03
53.5 2.024252e+03 1.977889e+03 1.927219e+03 1.973583e+03
54.5 1.982551e+03 1.973454e+03 1.907989e+03 1.917087e+03
55.5 1.981010e+03 1.974229e+03 1.907768e+03 1.914549e+03
0.5 2.119332e+03 1.987062e+03 1.990322e+03 2.122592e+03
1.5 2.080311e+03 1.990087e+03 2.009884e+03 2.100108e+03
2.5 2.027497e+03 1.995628e+03 2.042799e+03 2.074668e+03
3.5 1.953425e+03 2.002288e+03 2.078863e+03 2.029999e+03
4.5 1.981744e+03 2.007208e+03 2.100680e+03 2.075216e+03
5.5 2.020879e+03 2.009079e+03 2.102083e+03 2.113883e+03
6.5 1.986143e+03 2.008420e+03 2.088300e+03 2.066024e+03
7.5 1.958142e+03 2.006415e+03 2.067909e+03 2.019636e+03
8.5 2.107846e+03 2.004055e+03 2.047424e+03 2.151215e+03
9.5 2.052626e+03 2.001886e+03 2.030071e+03 2.080811e+03
10.5 2.058555e+03 2.000101e+03 2.016686e+03 2.075141e+03
11.5 1.999425e+03 1.998713e+03 2.006952e+03 2.007665e+03
12.5 1.984062e+03 1.997671e+03 2.000216e+03 1.986607e+03
13.5 1.961668e+03 1.996919e+03 1.995853e+03 1.960603e+03
14.5 2.002649e+03 1.996407e+03 1.993344e+03 1.999586e+03
15.5 1.984485e+03 1.996092e+03 1.992251e+03 1.980644e+03
16.5 1.965214e+03 1.995931e+03 1.992186e+03 1.961469e+03
17.5 1.931535e+03 1.995883e+03 1.992803e+03 1.928455e+03
18.5 1.919920e+03 1.995909e+03 1.993805e+03 1.917816e+03
19.5 1.947329e+03 1.995975e+03 1.994954e+03 1.946307e+03
20.5 1.951304e+03 1.995701e+03 1.994761e+03 1.950364e+03
21.5 1.898400e+03 1.992913e+03 1.984980e+03 1.890467e+03
22.5 1.950587e+03 1.985957e+03 1.958855e+03 1.923484e+03
23.5 2.024252e+03 1.977889e+03 1.927219e+03 1.973583e+03
24.5 1.982551e+03 1.973454e+03 1.907989e+03 1.917087e+03
25.5 1.981010e+03 1.974229e+03 1.907768e+03 1.914549e+03
26.5 1.887654e+03 1.978735e+03 1.921709e+03 1.830627e+03
27.5 1.938040e+03 1.984667e+03 1.941575e+03 1.894949e+03
28.5 1.923418e+03 1.990332e+03 1.961146e+03 1.894232e+03
29.5 2.038998e+03 1.994947e+03 1.977430e+03 2.021481e+03
30.5 1.995068e+03 1.997395e+03 1.989755e+03 1.987427e+03
