0.5 2.024587e+03 2.018512e+03 1.999722e+03 2.005797e+03
1.5 1.985336e+03 2.014858e+03 2.007615e+03 1.978094e+03
2.5 2.010819e+03 2.007188e+03 2.027172e+03 2.030804e+03
3.5 2.045094e+03 1.998494e+03 2.050299e+03 2.096899e+03
4.5 2.029196e+03 1.993482e+03 2.063941e+03 2.099655e+03
5.5 2.002622e+03 1.993709e+03 2.063474e+03 2.072387e+03
6.5 1.931155e+03 1.997683e+03 2.052642e+03 1.986114e+03
7.5 1.970146e+03 2.003096e+03 2.037589e+03 2.004639e+03
8.5 1.962732e+03 2.008254e+03 2.022903e+03 1.977381e+03
9.5 1.932437e+03 2.012380e+03 2.010761e+03 1.930818e+03
10.5 1.964413e+03 2.015683e+03 2.000656e+03 1.949387e+03
11.5 2.032491e+03 2.020479e+03 1.986297e+03 1.998309e+03
12.5 2.115264e+03 2.028621e+03 1.962413e+03 2.049056e+03
13.5 2.020047e+03 2.037229e+03 1.936633e+03 1.919450e+03
14.5 2.078428e+03 2.041724e+03 1.921598e+03 1.958302e+03
15.5 2.030702e+03 2.040654e+03 1.921616e+03 1.911665e+03
16.5 1.957855e+03 2.035605e+03 1.932669e+03 1.854919e+03
17.5 1.914776e+03 2.028975e+03 1.948371e+03 1.834172e+03
18.5 2.065120e+03 2.022533e+03 1.963928e+03 2.006516e+03
19.5 1.964316e+03 2.017122e+03 1.977005e+03 1.924199e+03
20.5 1.992714e+03 2.012930e+03 1.987027e+03 1.966811e+03
21.5 2.003021e+03 2.009834e+03 1.994264e+03 1.987451e+03
22.5 1.966931e+03 2.007627e+03 1.999228e+03 1.958533e+03
23.5 2.025834e+03 2.006117e+03 2.002403e+03 2.022120e+03
24.5 1.966886e+03 2.005145e+03 2.004187e+03 1.965928e+03
25.5 2.069677e+03 2.004578e+03 2.004919e+03 2.070018e+03
26.5 1.989944e+03 2.004302e+03 2.004893e+03 1.990535e+03
27.5 2.083362e+03 2.004214e+03 2.004371e+03 2.083520e+03
28.5 1.952503e+03 2.004230e+03 2.003576e+03 1.951848e+03
29.5 2.056009e+03 2.004285e+03 2.002681e+03 2.054404e+03
30.5 1.943246e+03 2.004124e+03 2.001806e+03 1.940928e+03
31.5 1.978017e+03 2.002395e+03 2.001026e+03 1.976649e+03
32.5 2.059938e+03 1.997768e+03 2.000375e+03 2.062545e+03
33.5 1.910509e+03 1.991698e+03 1.999859e+03 1.918670e+03
34.5 1.879186e+03 1.987095e+03 1.999466e+03 1.891557e+03
35.5 2.047516e+03 1.985317e+03 1.999178e+03 2.061378e+03
36.5 1.942328e+03 1.985895e+03 1.998973e+03 1.955406e+03
37.5 1.986691e+03 1.987695e+03 1.998829e+03 1.997825e+03
38.5 1.951747e+03 1.989770e+03 1.998730e+03 1.960707e+03
39.5 1.931935e+03 1.991615e+03 1.998662e+03 1.938982e+03
40.5 1.923737e+03 1.993270e+03 1.998615e+03 1.929082e+03
41.5 2.014044e+03 1.996071e+03 1.998582e+03 2.016556e+03
42.5 1.925111e+03 2.001394e+03 1.998558e+03 1.922276e+03
43.5 2.040802e+03 2.007847e+03 1.998540e+03 2.031495e+03
44.5 1.962232e+03 2.012574e+03 1.998526e+03 1.948184e+03
45.5 1.961835e+03 2.014268e+03 1.998512e+03 1.946079e+03
0.5 1.984549e+03 1.996824e+03 1.999210e+03 1.986935e+03
1.5 1.927282e+03 1.994015e+03 2.007093e+03 1.940361e+03
2.5 1.978691e+03 1.987039e+03 2.026638e+03 2.018290e+03
3.5 2.075486e+03 1.978948e+03 2.049749e+03 2.146286e+03
4.5 1.977652e+03 1.974488e+03 2.063376e+03 2.066539e+03
5.5 1.955569e+03 1.975238e+03 2.062895e+03 2.043227e+03
6.5 2.026432e+03 1.979719e+03 2.052053e+03 2.098766e+03
7.5 2.123313e+03 1.985628e+03 2.036995e+03 2.174680e+03
8.5 1.968674e+03 1.991277e+03 2.022308e+03 1.999705e+03
9.5 1.954279e+03 1.995884e+03 2.010167e+03 1.968562e+03
10.5 1.934665e+03 1.999660e+03 2.000065e+03 1.935071e+03
11.5 2.050371e+03 2.004908e+03 1.985730e+03 2.031192e+03
12.5 1.981006e+03 2.013490e+03 1.961868e+03 1.929384e+03
13.5 2.071937e+03 2.022542e+03 1.936090e+03 1.985485e+03
14.5 2.049155e+03 2.027470e+03 1.921057e+03 1.942742e+03
15.5 2.058298e+03 2.026822e+03 1.921078e+03 1.952554e+03
16.5 2.080333e+03 2.022183e+03 1.932135e+03 1.990285e+03
17.5 2.041774e+03 2.015953e+03 1.947840e+03 1.973661e+03
18.5 2.007251e+03 2.009902e+03 1.963402e+03 1.960752e+03
19.5 1.925068e+03 2.004871e+03 1.976484e+03 1.896680e+03
20.5 2.034026e+03 2.001048e+03 1.986510e+03 2.019487e+03
21.5 1.898803e+03 1.998311e+03 1.993753e+03 1.894245e+03
22.5 1.937655e+03 1.996454e+03 1.998723e+03 1.939924e+03
23.5 2.047042e+03 1.995284e+03 2.001903e+03 2.053662e+03
24.5 2.018082e+03 1.994642e+03 2.003695e+03 2.027134e+03
25.5 1.942156e+03 1.994397e+03 2.004433e+03 1.952192e+03
26.5 2.122715e+03 1.994432e+03 2.004413e+03 2.132697e+03
27.5 2.059160e+03 1.994647e+03 2.003899e+03 2.068412e+03
28.5 2.010036e+03 1.994958e+03 2.003111e+03 2.018189e+03
29.5 2.003506e+03 1.995299e+03 2.002222e+03 2.010430e+03
30.5 2.026232e+03 1.995415e+03 2.001355e+03 2.032172e+03
31.5 1.988769e+03 1.993955e+03 2.000582e+03 1.995396e+03
32.5 1.934115e+03 1.989590e+03 1.999938e+03 1.944463e+03
33.5 2.070329e+03 1.983773e+03 1.999429e+03 2.085984e+03
34.5 1.948554e+03 1.979417e+03 1.999043e+03 1.968180e+03
35.5 1.970592e+03 1.977878e+03 1.998763e+03 1.991477e+03
36.5 1.939257e+03 1.978713e+03 1.998564e+03 1.959108e+03
37.5 2.032843e+03 1.980782e+03 1.998426e+03 2.050487e+03
38.5 1.974363e+03 1.983098e+03 1.998333e+03 1.989598e+03
39.5 2.060906e+03 1.985177e+03 1.998271e+03 2.074001e+03
40.5 2.119332e+03 1.987062e+03 1.998230e+03 2.130500e+03
41.5 2.080311e+03 1.990087e+03 1.998203e+03 2.088427e+03
42.5 2.027497e+03 1.995628e+03 1.998184e+03 2.030053e+03
43.5 1.953425e+03 2.002288e+03 1.998171e+03 1.949308e+03
44.5 1.981744e+03 2.007208e+03 1.998161e+03 1.972697e+03
45.5 2.020879e+03 2.009079e+03 1.998152e+03 2.009952e+03
0.5 1.951304e+03 1.995701e+03 1.999001e+03 1.954604e+03
1.5 1.898400e+03 1.992913e+03 2.006873e+03 1.912360e+03
2.5 1.950587e+03 1.985957e+03 2.026403e+03 1.991032e+03
3.5 2.024252e+03 1.977889e+03 2.049489e+03 2.095852e+03
4.5 1.982551e+03 1.973454e+03 2.063077e+03 2.072174e+03
5.5 1.981010e+03 1.974229e+03 2.062548e+03 2.069329e+03
6.5 1.887654e+03 1.978735e+03 2.051654e+03 1.960572e+03
7.5 1.938040e+03 1.984667e+03 2.036546e+03 1.989919e+03
8.5 1.923418e+03 1.990332e+03 2.021815e+03 1.954900e+03
9.5 2.038998e+03 1.994947e+03 2.009635e+03 2.053686e+03
10.5 1.995068e+03 1.997395e+03 1.999502e+03 1.997174e+03
