0.5 3.439879e+03 3.457445e+03 3.466095e+03 3.448530e+03
1.5 3.551085e+03 3.490985e+03 3.466507e+03 3.526607e+03
2.5 4.012254e+03 3.584945e+03 3.474152e+03 3.901461e+03
3.5 3.567785e+03 3.709831e+03 3.495185e+03 3.353139e+03
4.5 3.848396e+03 3.804802e+03 3.527612e+03 3.571207e+03
5.5 3.779271e+03 3.840755e+03 3.563963e+03 3.502479e+03
6.5 3.800837e+03 3.826646e+03 3.597184e+03 3.571375e+03
7.5 3.806015e+03 3.785815e+03 3.623457e+03 3.643657e+03
8.5 3.734301e+03 3.737984e+03 3.641981e+03 3.638298e+03
9.5 3.584601e+03 3.693972e+03 3.653674e+03 3.544303e+03
10.5 3.720579e+03 3.657537e+03 3.660030e+03 3.723073e+03
11.5 3.532013e+03 3.628788e+03 3.662500e+03 3.565725e+03
12.5 3.619995e+03 3.606644e+03 3.662277e+03 3.675628e+03
13.5 3.441573e+03 3.589962e+03 3.660292e+03 3.511903e+03
14.5 3.584934e+03 3.577812e+03 3.657266e+03 3.664387e+03
15.5 3.654909e+03 3.569397e+03 3.653752e+03 3.739263e+03
16.5 3.714082e+03 3.563952e+03 3.650162e+03 3.800291e+03
17.5 3.411670e+03 3.560712e+03 3.646780e+03 3.497739e+03
18.5 3.520453e+03 3.558951e+03 3.643778e+03 3.605280e+03
19.5 3.543954e+03 3.558033e+03 3.641234e+03 3.627155e+03
20.5 3.378911e+03 3.555475e+03 3.639151e+03 3.462587e+03
21.5 3.488877e+03 3.537943e+03 3.636486e+03 3.587421e+03
22.5 3.259190e+03 3.490512e+03 3.626975e+03 3.395654e+03
23.5 3.421273e+03 3.424786e+03 3.604399e+03 3.600886e+03
24.5 3.455605e+03 3.369148e+03 3.570686e+03 3.657144e+03
25.5 3.360394e+03 3.339103e+03 3.533252e+03 3.554543e+03
26.5 3.311943e+03 3.332657e+03 3.499096e+03 3.478383e+03
27.5 3.091957e+03 3.340306e+03 3.472002e+03 3.223653e+03
28.5 3.371913e+03 3.353316e+03 3.452738e+03 3.471335e+03
29.5 3.502128e+03 3.366527e+03 3.440365e+03 3.575966e+03
30.5 3.168232e+03 3.379812e+03 3.433377e+03 3.221798e+03
31.5 3.289934e+03 3.405787e+03 3.431321e+03 3.315469e+03
32.5 3.454470e+03 3.459303e+03 3.439214e+03 3.434381e+03
33.5 3.608863e+03 3.528813e+03 3.462248e+03 3.542298e+03
34.5 3.513212e+03 3.586223e+03 3.497703e+03 3.424692e+03
35.5 3.727582e+03 3.616273e+03 3.537550e+03 3.648859e+03
36.5 3.660589e+03 3.621245e+03 3.574331e+03 3.613675e+03
37.5 3.542812e+03 3.610961e+03 3.603942e+03 3.535793e+03
38.5 3.464660e+03 3.594490e+03 3.625419e+03 3.495588e+03
39.5 3.588315e+03 3.577310e+03 3.639603e+03 3.650608e+03
40.5 3.589074e+03 3.561792e+03 3.647984e+03 3.675266e+03
41.5 3.647285e+03 3.548570e+03 3.652051e+03 3.750765e+03
42.5 3.359312e+03 3.537603e+03 3.653060e+03 3.474769e+03
43.5 3.354324e+03 3.528700e+03 3.652014e+03 3.477638e+03
44.5 3.387401e+03 3.521670e+03 3.649700e+03 3.515431e+03
45.5 3.428005e+03 3.516313e+03 3.646730e+03 3.558422e+03
46.5 3.222366e+03 3.512388e+03 3.643563e+03 3.353541e+03
47.5 3.369297e+03 3.509614e+03 3.640518e+03 3.500201e+03
48.5 3.217359e+03 3.507696e+03 3.637795e+03 3.347459e+03
49.5 3.402381e+03 3.506355e+03 3.635490e+03 3.531515e+03
50.5 3.559540e+03 3.506071e+03 3.633618e+03 3.687087e+03
51.5 3.407124e+03 3.513556e+03 3.631147e+03 3.524715e+03
52.5 3.661045e+03 3.548126e+03 3.621817e+03 3.734737e+03
53.5 3.502864e+03 3.619718e+03 3.599417e+03 3.482563e+03
54.5 3.703825e+03 3.713713e+03 3.565879e+03 3.555991e+03
55.5 3.977108e+03 3.807491e+03 3.528618e+03 3.698235e+03
0.5 3.168232e+03 3.379812e+03 3.433377e+03 3.221798e+03
1.5 3.289934e+03 3.405787e+03 3.431321e+03 3.315469e+03
2.5 3.454470e+03 3.459303e+03 3.439214e+03 3.434381e+03
3.5 3.608863e+03 3.528813e+03 3.462248e+03 3.542298e+03
4.5 3.513212e+03 3.586223e+03 3.497703e+03 3.424692e+03
5.5 3.727582e+03 3.616273e+03 3.537550e+03 3.648859e+03
6.5 3.660589e+03 3.621245e+03 3.574331e+03 3.613675e+03
7.5 3.542812e+03 3.610961e+03 3.603942e+03 3.535793e+03
8.5 3.464660e+03 3.594490e+03 3.625419e+03 3.495588e+03
9.5 3.588315e+03 3.577310e+03 3.639603e+03 3.650608e+03
10.5 3.589074e+03 3.561792e+03 3.647984e+03 3.675266e+03
11.5 3.647285e+03 3.548570e+03 3.652051e+03 3.750765e+03
12.5 3.359312e+03 3.537603e+03 3.653060e+03 3.474769e+03
13.5 3.354324e+03 3.528700e+03 3.652014e+03 3.477638e+03
14.5 3.387401e+03 3.521670e+03 3.649700e+03 3.515431e+03
15.5 3.428005e+03 3.516313e+03 3.646730e+03 3.558422e+03
16.5 3.222366e+03 3.512388e+03 3.643563e+03 3.353541e+03
17.5 3.369297e+03 3.509614e+03 3.640518e+03 3.500201e+03
18.5 3.217359e+03 3.507696e+03 3.637795e+03 3.347459e+03
19.5 3.402381e+03 3.506355e+03 3.635490e+03 3.531515e+03
20.5 3.559540e+03 3.506071e+03 3.633618e+03 3.687087e+03
21.5 3.407124e+03 3.513556e+03 3.631147e+03 3.524715e+03
22.5 3.661045e+03 3.548126e+03 3.621817e+03 3.734737e+03
23.5 3.502864e+03 3.619718e+03 3.599417e+03 3.482563e+03
24.5 3.703825e+03 3.713713e+03 3.565879e+03 3.555991e+03
25.5 3.977108e+03 3.807491e+03 3.528618e+03 3.698235e+03
26.5 3.875431e+03 3.885590e+03 3.494635e+03 3.484476e+03
27.5 4.029366e+03 3.942626e+03 3.467711e+03 3.554451e+03
28.5 3.911850e+03 3.979879e+03 3.448614e+03 3.380585e+03
29.5 3.752723e+03 4.001308e+03 3.436405e+03 3.187819e+03
30.5 4.066610e+03 4.010412e+03 3.429576e+03 3.485773e+03
31.5 3.856402e+03 4.003813e+03 3.427673e+03 3.280262e+03
32.5 3.711979e+03 3.964777e+03 3.435697e+03 3.182898e+03
33.5 4.040831e+03 3.885359e+03 3.458858e+03 3.614330e+03
34.5 3.745718e+03 3.781730e+03 3.494437e+03 3.458424e+03
35.5 3.677998e+03 3.677708e+03 3.534404e+03 3.534694e+03
36.5 3.683608e+03 3.589628e+03 3.571301e+03 3.665281e+03
37.5 3.704753e+03 3.523448e+03 3.601027e+03 3.782332e+03
38.5 3.850498e+03 3.478196e+03 3.622613e+03 3.994916e+03
39.5 3.655752e+03 3.450006e+03 3.636904e+03 3.842650e+03
40.5 3.806324e+03 3.434624e+03 3.645389e+03 4.017090e+03
41.5 3.518723e+03 3.428402e+03 3.649558e+03 3.739879e+03
42.5 3.493039e+03 3.428468e+03 3.650666e+03 3.715237e+03
43.5 3.493987e+03 3.432587e+03 3.649715e+03 3.711115e+03
44.5 3.378187e+03 3.439016e+03 3.647494e+03 3.586664e+03
45.5 3.233224e+03 3.446420e+03 3.644614e+03 3.431417e+03
46.5 3.389744e+03 3.453827e+03 3.641534e+03 3.577451e+03
47.5 3.420850e+03 3.460600e+03 3.638575e+03 3.598825e+03
48.5 3.229832e+03 3.466387e+03 3.635935e+03 3.399379e+03
49.5 3.678960e+03 3.471068e+03 3.633710e+03 3.841601e+03
50.5 3.556661e+03 3.475386e+03 3.631917e+03 3.713192e+03
51.5 3.231352e+03 3.486354e+03 3.629522e+03 3.374519e+03
52.5 3.613723e+03 3.523573e+03 3.620267e+03 3.710417e+03
53.5 3.671108e+03 3.597219e+03 3.597939e+03 3.671828e+03
54.5 3.762070e+03 3.692860e+03 3.564471e+03 3.633681e+03
55.5 4.015217e+03 3.788016e+03 3.527279e+03 3.754480e+03
0.5 4.066610e+03 4.010412e+03 3.429576e+03 3.485773e+03
1.5 3.856402e+03 4.003813e+03 3.427673e+03 3.280262e+03
2.5 3.711979e+03 3.964777e+03 3.435697e+03 3.182898e+03
3.5 4.040831e+03 3.885359e+03 3.458858e+03 3.614330e+03
4.5 3.745718e+03 3.781730e+03 3.494437e+03 3.458424e+03
5.5 3.677998e+03 3.677708e+03 3.534404e+03 3.534694e+03
6.5 3.683608e+03 3.589628e+03 3.571301e+03 3.665281e+03
7.5 3.704753e+03 3.523448e+03 3.601027e+03 3.782332e+03
8.5 3.850498e+03 3.478196e+03 3.622613e+03 3.994916e+03
9.5 3.655752e+03 3.450006e+03 3.636904e+03 3.842650e+03
10.5 3.806324e+03 3.434624e+03 3.645389e+03 4.017090e+03
11.5 3.518723e+03 3.428402e+03 3.649558e+03 3.739879e+03
12.5 3.493039e+03 3.428468e+03 3.650666e+03 3.715237e+03
13.5 3.493987e+03 3.432587e+03 3.649715e+03 3.711115e+03
14.5 3.378187e+03 3.439016e+03 3.647494e+03 3.586664e+03
15.5 3.233224e+03 3.446420e+03 3.644614e+03 3.431417e+03
16.5 3.389744e+03 3.453827e+03 3.641534e+03 3.577451e+03
17.5 3.420850e+03 3.460600e+03 3.638575e+03 3.598825e+03
18.5 3.229832e+03 3.466387e+03 3.635935e+03 3.399379e+03
19.5 3.678960e+03 3.471068e+03 3.633710e+03 3.841601e+03
20.5 3.556661e+03 3.475386e+03 3.631917e+03 3.713192e+03
21.5 3.231352e+03 3.486354e+03 3.629522e+03 3.374519e+03
22.5 3.613723e+03 3.523573e+03 3.620267e+03 3.710417e+03
23.5 3.671108e+03 3.597219e+03 3.597939e+03 3.671828e+03
24.5 3.762070e+03 3.692860e+03 3.564471e+03 3.633681e+03
25.5 4.015217e+03 3.788016e+03 3.527279e+03 3.754480e+03
26.5 4.001919e+03 3.867322e+03 3.493363e+03 3.627960e+03
27.5 4.212081e+03 3.925451e+03 3.466505e+03 3.753135e+03
28.5 4.197834e+03 3.963724e+03 3.447472e+03 3.681582e+03
29.5 4.115226e+03 3.986128e+03 3.435324e+03 3.564422e+03
30.5 3.953969e+03 3.996176e+03 3.428556e+03 3.386350e+03
31.5 3.933920e+03 3.990497e+03 3.426713e+03 3.370136e+03
32.5 3.938184e+03 3.952365e+03 3.434795e+03 3.420614e+03
33.5 3.829447e+03 3.873835e+03 3.458014e+03 3.413627e+03
34.5 3.656382e+03 3.771079e+03 3.493649e+03 3.378951e+03
35.5 3.637831e+03 3.667915e+03 3.533671e+03 3.503588e+03
36.5 3.805920e+03 3.580677e+03 3.570622e+03 3.795866e+03
37.5 3.620557e+03 3.515326e+03 3.600401e+03 3.705631e+03
38.5 3.756740e+03 3.470893e+03 3.622039e+03 3.907887e+03
39.5 3.540478e+03 3.443509e+03 3.636382e+03 3.733352e+03
40.5 3.657536e+03 3.428917e+03 3.644918e+03 3.873537e+03
41.5 3.573645e+03 3.423473e+03 3.649136e+03 3.799308e+03
42.5 3.617113e+03 3.424302e+03 3.650293e+03 3.843104e+03
43.5 3.630988e+03 3.429171e+03 3.649391e+03 3.851208e+03
44.5 3.398379e+03 3.436337e+03 3.647218e+03 3.609260e+03
45.5 3.418260e+03 3.444463e+03 3.644386e+03 3.618184e+03
46.5 3.351169e+03 3.452578e+03 3.641354e+03 3.539945e+03
47.5 3.479235e+03 3.460046e+03 3.638442e+03 3.657631e+03
48.5 3.637591e+03 3.466514e+03 3.635849e+03 3.806925e+03
49.5 3.756221e+03 3.471853e+03 3.633671e+03 3.918039e+03
50.5 3.387692e+03 3.474102e+03 3.631925e+03 3.545515e+03
51.5 3.299117e+03 3.460396e+03 3.629576e+03 3.468297e+03
52.5 3.376885e+03 3.416184e+03 3.620368e+03 3.581069e+03
53.5 3.245715e+03 3.353337e+03 3.598086e+03 3.490464e+03
54.5 3.048355e+03 3.300406e+03 3.564666e+03 3.312616e+03
55.5 3.167159e+03 3.272995e+03 3.527521e+03 3.421685e+03
0.5 3.953969e+03 3.996176e+03 3.428556e+03 3.386350e+03
1.5 3.933920e+03 3.990497e+03 3.426713e+03 3.370136e+03
2.5 3.938184e+03 3.952365e+03 3.434795e+03 3.420614e+03
3.5 3.829447e+03 3.873835e+03 3.458014e+03 3.413627e+03
4.5 3.656382e+03 3.771079e+03 3.493649e+03 3.378951e+03
5.5 3.637831e+03 3.667915e+03 3.533671e+03 3.503588e+03
6.5 3.805920e+03 3.580677e+03 3.570622e+03 3.795866e+03
7.5 3.620557e+03 3.515326e+03 3.600401e+03 3.705631e+03
8.5 3.756740e+03 3.470893e+03 3.622039e+03 3.907887e+03
9.5 3.540478e+03 3.443509e+03 3.636382e+03 3.733352e+03
10.5 3.657536e+03 3.428917e+03 3.644918e+03 3.873537e+03
11.5 3.573645e+03 3.423473e+03 3.649136e+03 3.799308e+03
12.5 3.617113e+03 3.424302e+03 3.650293e+03 3.843104e+03
13.5 3.630988e+03 3.429171e+03 3.649391e+03 3.851208e+03
14.5 3.398379e+03 3.436337e+03 3.647218e+03 3.609260e+03
15.5 3.418260e+03 3.444463e+03 3.644386e+03 3.618184e+03
16.5 3.351169e+03 3.452578e+03 3.641354e+03 3.539945e+03
17.5 3.479235e+03 3.460046e+03 3.638442e+03 3.657631e+03
18.5 3.637591e+03 3.466514e+03 3.635849e+03 3.806925e+03
19.5 3.756221e+03 3.471853e+03 3.633671e+03 3.918039e+03
20.5 3.387692e+03 3.474102e+03 3.631925e+03 3.545515e+03
21.5 3.299117e+03 3.460396e+03 3.629576e+03 3.468297e+03
22.5 3.376885e+03 3.416184e+03 3.620368e+03 3.581069e+03
23.5 3.245715e+03 3.353337e+03 3.598086e+03 3.490464e+03
24.5 3.048355e+03 3.300406e+03 3.564666e+03 3.312616e+03
25.5 3.167159e+03 3.272995e+03 3.527521e+03 3.421685e+03
26.5 3.157771e+03 3.269160e+03 3.493652e+03 3.382263e+03
27.5 3.130279e+03 3.279417e+03 3.466841e+03 3.317703e+03
28.5 3.144313e+03 3.295036e+03 3.447856e+03 3.297133e+03
29.5 3.576394e+03 3.310855e+03 3.435758e+03 3.701296e+03
30.5 3.593539e+03 3.326742e+03 3.429039e+03 3.695836e+03
31.5 3.330572e+03 3.355237e+03 3.427245e+03 3.402580e+03
32.5 3.442651e+03 3.411220e+03 3.435377e+03 3.466808e+03
33.5 3.413929e+03 3.483254e+03 3.458647e+03 3.389322e+03
34.5 3.642237e+03 3.543168e+03 3.494333e+03 3.593401e+03
35.5 3.443838e+03 3.575695e+03 3.534408e+03 3.402551e+03
36.5 3.271513e+03 3.583115e+03 3.571413e+03 3.259812e+03
37.5 3.770390e+03 3.575256e+03 3.601246e+03 3.796379e+03
38.5 3.415307e+03 3.561186e+03 3.622940e+03 3.477061e+03
39.5 3.204320e+03 3.546378e+03 3.637339e+03 3.295280e+03
40.5 3.338458e+03 3.533203e+03 3.645932e+03 3.451186e+03
41.5 3.275382e+03 3.522295e+03 3.650209e+03 3.403295e+03
42.5 3.562228e+03 3.513614e+03 3.651427e+03 3.700041e+03
43.5 3.374912e+03 3.506968e+03 3.650587e+03 3.518531e+03
44.5 3.219145e+03 3.502166e+03 3.648477e+03 3.365456e+03
45.5 3.493312e+03 3.499007e+03 3.645709e+03 3.640014e+03
46.5 3.470658e+03 3.497253e+03 3.642743e+03 3.616148e+03
47.5 3.593346e+03 3.496622e+03 3.639899e+03 3.736623e+03
48.5 3.730253e+03 3.496818e+03 3.637376e+03 3.870811e+03
49.5 3.694678e+03 3.497565e+03 3.635269e+03 3.832383e+03
50.5 3.559688e+03 3.499340e+03 3.633597e+03 3.693944e+03
51.5 3.540021e+03 3.508857e+03 3.631324e+03 3.662488e+03
52.5 3.617477e+03 3.545432e+03 3.622193e+03 3.694237e+03
53.5 3.637228e+03 3.619004e+03 3.599991e+03 3.618215e+03
54.5 3.725165e+03 3.714953e+03 3.566653e+03 3.576865e+03
55.5 3.825080e+03 3.810660e+03 3.529592e+03 3.544012e+03
0.5 3.593539e+03 3.326742e+03 3.429039e+03 3.695836e+03
1.5 3.330572e+03 3.355237e+03 3.427245e+03 3.402580e+03
2.5 3.442651e+03 3.411220e+03 3.435377e+03 3.466808e+03
3.5 3.413929e+03 3.483254e+03 3.458647e+03 3.389322e+03
4.5 3.642237e+03 3.543168e+03 3.494333e+03 3.593401e+03
5.5 3.443838e+03 3.575695e+03 3.534408e+03 3.402551e+03
6.5 3.271513e+03 3.583115e+03 3.571413e+03 3.259812e+03
7.5 3.770390e+03 3.575256e+03 3.601246e+03 3.796379e+03
8.5 3.415307e+03 3.561186e+03 3.622940e+03 3.477061e+03
9.5 3.204320e+03 3.546378e+03 3.637339e+03 3.295280e+03
10.5 3.338458e+03 3.533203e+03 3.645932e+03 3.451186e+03
11.5 3.275382e+03 3.522295e+03 3.650209e+03 3.403295e+03
12.5 3.562228e+03 3.513614e+03 3.651427e+03 3.700041e+03
13.5 3.374912e+03 3.506968e+03 3.650587e+03 3.518531e+03
14.5 3.219145e+03 3.502166e+03 3.648477e+03 3.365456e+03
15.5 3.493312e+03 3.499007e+03 3.645709e+03 3.640014e+03
16.5 3.470658e+03 3.497253e+03 3.642743e+03 3.616148e+03
17.5 3.593346e+03 3.496622e+03 3.639899e+03 3.736623e+03
18.5 3.730253e+03 3.496818e+03 3.637376e+03 3.870811e+03
19.5 3.694678e+03 3.497565e+03 3.635269e+03 3.832383e+03
20.5 3.559688e+03 3.499340e+03 3.633597e+03 3.693944e+03
21.5 3.540021e+03 3.508857e+03 3.631324e+03 3.662488e+03
22.5 3.617477e+03 3.545432e+03 3.622193e+03 3.694237e+03
23.5 3.637228e+03 3.619004e+03 3.599991e+03 3.618215e+03
24.5 3.725165e+03 3.714953e+03 3.566653e+03 3.576865e+03
25.5 3.825080e+03 3.810660e+03 3.529592e+03 3.544012e+03
26.5 3.816207e+03 3.890756e+03 3.495810e+03 3.421262e+03
27.5 4.067720e+03 3.949809e+03 3.469103e+03 3.587014e+03
28.5 4.143372e+03 3.988974e+03 3.450226e+03 3.604624e+03
29.5 3.948670e+03 4.012297e+03 3.438239e+03 3.374612e+03
30.5 3.880574e+03 4.023275e+03 3.431635e+03 3.288934e+03
31.5 4.072365e+03 4.018532e+03 3.429962e+03 3.483794e+03
32.5 4.001477e+03 3.981330e+03 3.438218e+03 3.458365e+03
33.5 3.688530e+03 3.903712e+03 3.461616e+03 3.246434e+03
34.5 3.793568e+03 3.801842e+03 3.497429e+03 3.489155e+03
35.5 3.776027e+03 3.699541e+03 3.537630e+03 3.614117e+03
36.5 3.670328e+03 3.613153e+03 3.574757e+03 3.631932e+03
37.5 3.638493e+03 3.548648e+03 3.604709e+03 3.694554e+03
38.5 3.530258e+03 3.505061e+03 3.626520e+03 3.651717e+03
39.5 3.650780e+03 3.478531e+03 3.641034e+03 3.813283e+03
40.5 3.635496e+03 3.464805e+03 3.649743e+03 3.820434e+03
41.5 3.331541e+03 3.460236e+03 3.654137e+03 3.525442e+03
42.5 3.563288e+03 3.461953e+03 3.655473e+03 3.756808e+03
43.5 3.653894e+03 3.467722e+03 3.654755e+03 3.840926e+03
44.5 3.526485e+03 3.475801e+03 3.652770e+03 3.703455e+03
45.5 3.521121e+03 3.484852e+03 3.650132e+03 3.686401e+03
46.5 3.605859e+03 3.493907e+03 3.647301e+03 3.759253e+03
47.5 3.373609e+03 3.502329e+03 3.644596e+03 3.515876e+03
48.5 3.364812e+03 3.509767e+03 3.642217e+03 3.497261e+03
49.5 3.251996e+03 3.516090e+03 3.640259e+03 3.376165e+03
50.5 3.508521e+03 3.519342e+03 3.638741e+03 3.627921e+03
51.5 3.402618e+03 3.506658e+03 3.636628e+03 3.532587e+03
52.5 3.616689e+03 3.463496e+03 3.627662e+03 3.780855e+03
53.5 3.331004e+03 3.401742e+03 3.605634e+03 3.534896e+03
54.5 3.366627e+03 3.349962e+03 3.572486e+03 3.589151e+03
55.5 3.437677e+03 3.323761e+03 3.535637e+03 3.649553e+03
0.5 3.880574e+03 4.023275e+03 3.431635e+03 3.288934e+03
1.5 4.072365e+03 4.018532e+03 3.429962e+03 3.483794e+03
2.5 4.001477e+03 3.981330e+03 3.438218e+03 3.458365e+03
3.5 3.688530e+03 3.903712e+03 3.461616e+03 3.246434e+03
4.5 3.793568e+03 3.801842e+03 3.497429e+03 3.489155e+03
5.5 3.776027e+03 3.699541e+03 3.537630e+03 3.614117e+03
6.5 3.670328e+03 3.613153e+03 3.574757e+03 3.631932e+03
7.5 3.638493e+03 3.548648e+03 3.604709e+03 3.694554e+03
8.5 3.530258e+03 3.505061e+03 3.626520e+03 3.651717e+03
9.5 3.650780e+03 3.478531e+03 3.641034e+03 3.813283e+03
10.5 3.635496e+03 3.464805e+03 3.649743e+03 3.820434e+03
11.5 3.331541e+03 3.460236e+03 3.654137e+03 3.525442e+03
12.5 3.563288e+03 3.461953e+03 3.655473e+03 3.756808e+03
13.5 3.653894e+03 3.467722e+03 3.654755e+03 3.840926e+03
14.5 3.526485e+03 3.475801e+03 3.652770e+03 3.703455e+03
15.5 3.521121e+03 3.484852e+03 3.650132e+03 3.686401e+03
16.5 3.605859e+03 3.493907e+03 3.647301e+03 3.759253e+03
17.5 3.373609e+03 3.502329e+03 3.644596e+03 3.515876e+03
18.5 3.364812e+03 3.509767e+03 3.642217e+03 3.497261e+03
19.5 3.251996e+03 3.516090e+03 3.640259e+03 3.376165e+03
20.5 3.508521e+03 3.519342e+03 3.638741e+03 3.627921e+03
21.5 3.402618e+03 3.506658e+03 3.636628e+03 3.532587e+03
22.5 3.616689e+03 3.463496e+03 3.627662e+03 3.780855e+03
23.5 3.331004e+03 3.401742e+03 3.605634e+03 3.534896e+03
24.5 3.366627e+03 3.349962e+03 3.572486e+03 3.589151e+03
25.5 3.437677e+03 3.323761e+03 3.535637e+03 3.649553e+03
26.5 3.540011e+03 3.321185e+03 3.502094e+03 3.720921e+03
27.5 3.284385e+03 3.332738e+03 3.475637e+03 3.427284e+03
28.5 3.381659e+03 3.349686e+03 3.457033e+03 3.489006e+03
29.5 3.518645e+03 3.366846e+03 3.445338e+03 3.597137e+03
30.5 3.244068e+03 3.379734e+03 3.439040e+03 3.303375e+03
