0.5 9.347891e+03 9.272718e+03 9.318040e+03 9.393214e+03
1.5 9.323491e+03 9.280499e+03 9.317735e+03 9.360728e+03
2.5 9.339763e+03 9.301501e+03 9.315427e+03 9.353689e+03
3.5 9.327368e+03 9.334193e+03 9.309409e+03 9.302584e+03
4.5 9.367998e+03 9.367793e+03 9.300235e+03 9.300440e+03
5.5 9.401966e+03 9.393816e+03 9.289979e+03 9.298128e+03
6.5 9.385546e+03 9.410117e+03 9.280598e+03 9.256027e+03
7.5 9.437818e+03 9.418512e+03 9.273152e+03 9.292457e+03
8.5 9.416823e+03 9.421779e+03 9.267861e+03 9.262905e+03
9.5 9.432791e+03 9.422131e+03 9.264471e+03 9.275130e+03
10.5 9.414069e+03 9.420237e+03 9.262567e+03 9.256398e+03
11.5 9.396481e+03 9.411846e+03 9.262025e+03 9.246660e+03
12.5 9.381044e+03 9.389665e+03 9.264241e+03 9.255621e+03
13.5 9.388549e+03 9.355631e+03 9.270657e+03 9.303575e+03
14.5 9.349545e+03 9.320774e+03 9.280518e+03 9.309288e+03
15.5 9.353426e+03 9.293763e+03 9.291595e+03 9.351258e+03
16.5 9.318555e+03 9.276851e+03 9.301819e+03 9.343522e+03
17.5 9.335365e+03 9.268255e+03 9.310051e+03 9.377161e+03
18.5 9.356474e+03 9.265175e+03 9.316024e+03 9.407324e+03
19.5 9.310642e+03 9.265334e+03 9.319972e+03 9.365280e+03
20.5 9.330418e+03 9.267286e+03 9.322308e+03 9.385440e+03
21.5 9.332920e+03 9.270197e+03 9.323445e+03 9.386168e+03
22.5 9.279751e+03 9.273567e+03 9.323733e+03 9.329916e+03
23.5 9.259604e+03 9.277053e+03 9.323449e+03 9.306000e+03
24.5 9.255398e+03 9.280400e+03 9.322812e+03 9.297810e+03
25.5 9.270336e+03 9.283428e+03 9.321992e+03 9.308901e+03
26.5 9.235042e+03 9.286033e+03 9.321118e+03 9.270126e+03
27.5 9.237312e+03 9.288183e+03 9.320277e+03 9.269405e+03
28.5 9.227502e+03 9.289903e+03 9.319524e+03 9.257123e+03
29.5 9.207958e+03 9.291251e+03 9.318887e+03 9.235594e+03
30.5 9.281645e+03 9.292441e+03 9.318371e+03 9.307575e+03
31.5 9.259010e+03 9.294322e+03 9.317969e+03 9.282657e+03
32.5 9.309616e+03 9.297135e+03 9.317665e+03 9.330146e+03
33.5 9.321918e+03 9.299250e+03 9.317440e+03 9.340108e+03
34.5 9.304558e+03 9.298979e+03 9.317277e+03 9.322856e+03
35.5 9.295121e+03 9.296294e+03 9.317160e+03 9.315987e+03
36.5 9.315970e+03 9.292337e+03 9.317076e+03 9.340709e+03
37.5 9.287327e+03 9.288322e+03 9.317016e+03 9.316021e+03
38.5 9.289451e+03 9.284984e+03 9.316971e+03 9.321438e+03
39.5 9.319352e+03 9.282567e+03 9.316938e+03 9.353723e+03
40.5 9.312388e+03 9.280875e+03 9.316912e+03 9.348426e+03
41.5 9.308443e+03 9.278963e+03 9.316891e+03 9.346371e+03
42.5 9.283949e+03 9.276479e+03 9.316874e+03 9.324344e+03
43.5 9.267279e+03 9.274956e+03 9.316859e+03 9.309182e+03
44.5 9.293003e+03 9.276003e+03 9.316847e+03 9.333848e+03
45.5 9.257753e+03 9.279581e+03 9.316836e+03 9.295008e+03
0.5 9.363883e+03 9.303154e+03 9.317677e+03 9.378405e+03
1.5 9.346843e+03 9.309258e+03 9.317441e+03 9.355025e+03
2.5 9.360514e+03 9.328835e+03 9.315204e+03 9.346882e+03
3.5 9.346650e+03 9.360276e+03 9.309261e+03 9.295634e+03
4.5 9.403057e+03 9.392744e+03 9.300165e+03 9.310478e+03
5.5 9.437942e+03 9.417716e+03 9.289992e+03 9.310218e+03
6.5 9.440464e+03 9.433018e+03 9.280696e+03 9.288142e+03
7.5 9.532993e+03 9.440452e+03 9.273337e+03 9.365878e+03
8.5 9.489125e+03 9.442786e+03 9.268136e+03 9.314475e+03
9.5 9.491574e+03 9.442226e+03 9.264837e+03 9.314185e+03
10.5 9.504448e+03 9.439438e+03 9.263025e+03 9.328035e+03
11.5 9.452006e+03 9.430187e+03 9.262577e+03 9.284396e+03
12.5 9.398220e+03 9.407178e+03 9.264882e+03 9.255924e+03
13.5 9.316568e+03 9.372308e+03 9.271388e+03 9.215647e+03
14.5 9.302734e+03 9.336626e+03 9.281339e+03 9.247447e+03
15.5 9.271398e+03 9.308802e+03 9.292509e+03 9.255104e+03
16.5 9.265296e+03 9.291089e+03 9.302826e+03 9.277032e+03
17.5 9.296437e+03 9.281703e+03 9.311153e+03 9.325887e+03
18.5 9.310322e+03 9.277842e+03 9.317221e+03 9.349701e+03
19.5 9.321078e+03 9.277231e+03 9.321265e+03 9.365112e+03
20.5 9.333850e+03 9.278424e+03 9.323698e+03 9.379123e+03
21.5 9.318730e+03 9.280587e+03 9.324933e+03 9.363076e+03
22.5 9.307532e+03 9.283220e+03 9.325319e+03 9.349631e+03
23.5 9.293088e+03 9.285978e+03 9.325135e+03 9.332244e+03
24.5 9.292269e+03 9.288608e+03 9.324599e+03 9.328260e+03
25.5 9.273858e+03 9.290928e+03 9.323880e+03 9.306810e+03
26.5 9.269958e+03 9.292835e+03 9.323107e+03 9.300230e+03
27.5 9.284755e+03 9.294297e+03 9.322369e+03 9.312827e+03
28.5 9.240203e+03 9.295338e+03 9.321720e+03 9.266585e+03
29.5 9.311979e+03 9.296015e+03 9.321187e+03 9.337150e+03
30.5 9.288384e+03 9.296544e+03 9.320776e+03 9.312616e+03
31.5 9.287428e+03 9.297772e+03 9.320479e+03 9.310135e+03
32.5 9.267469e+03 9.299941e+03 9.320281e+03 9.287809e+03
33.5 9.250339e+03 9.301419e+03 9.320163e+03 9.269083e+03
34.5 9.288905e+03 9.300519e+03 9.320108e+03 9.308494e+03
35.5 9.267198e+03 9.297212e+03 9.320099e+03 9.290085e+03
36.5 9.250706e+03 9.292620e+03 9.320125e+03 9.278211e+03
37.5 9.280835e+03 9.287955e+03 9.320174e+03 9.313055e+03
38.5 9.290336e+03 9.283991e+03 9.320241e+03 9.326586e+03
39.5 9.267535e+03 9.280951e+03 9.320320e+03 9.306903e+03
40.5 9.279034e+03 9.278642e+03 9.320407e+03 9.320799e+03
41.5 9.238368e+03 9.276116e+03 9.320501e+03 9.282753e+03
42.5 9.285606e+03 9.273024e+03 9.320599e+03 9.333181e+03
43.5 9.262408e+03 9.270900e+03 9.320701e+03 9.312209e+03
44.5 9.224776e+03 9.271358e+03 9.320806e+03 9.274223e+03
45.5 9.284097e+03 9.274361e+03 9.320915e+03 9.330651e+03
0.5 9.311639e+03 9.289403e+03 9.322927e+03 9.345162e+03
1.5 9.294218e+03 9.295141e+03 9.322810e+03 9.321887e+03
2.5 9.311399e+03 9.314342e+03 9.320696e+03 9.317753e+03
3.5 9.377224e+03 9.345389e+03 9.314881e+03 9.346716e+03
4.5 9.418219e+03 9.377437e+03 9.305920e+03 9.346702e+03
5.5 9.418863e+03 9.401960e+03 9.295889e+03 9.312792e+03
6.5 9.462269e+03 9.416789e+03 9.286747e+03 9.332227e+03
7.5 9.437106e+03 9.423728e+03 9.279552e+03 9.292930e+03
8.5 9.372964e+03 9.425546e+03 9.274524e+03 9.221942e+03
9.5 9.342012e+03 9.424458e+03 9.271406e+03 9.188960e+03
10.5 9.300759e+03 9.422211e+03 9.269785e+03 9.148333e+03
