0.5 8.741098e+03 8.803042e+03 8.839689e+03 8.777746e+03
1.5 8.806387e+03 8.805845e+03 8.837609e+03 8.838151e+03
2.5 8.817155e+03 8.815774e+03 8.832415e+03 8.833796e+03
3.5 8.867665e+03 8.834816e+03 8.826175e+03 8.859024e+03
4.5 8.895586e+03 8.858723e+03 8.822327e+03 8.859190e+03
5.5 8.920869e+03 8.881781e+03 8.822143e+03 8.861232e+03
6.5 8.916117e+03 8.900468e+03 8.824701e+03 8.840350e+03
7.5 8.944864e+03 8.913829e+03 8.828421e+03 8.859456e+03
8.5 8.949269e+03 8.922433e+03 8.832107e+03 8.858943e+03
9.5 8.955457e+03 8.927355e+03 8.835184e+03 8.863286e+03
10.5 8.930482e+03 8.929408e+03 8.837769e+03 8.838843e+03
11.5 8.908819e+03 8.927419e+03 8.841505e+03 8.822905e+03
12.5 8.880949e+03 8.917042e+03 8.847819e+03 8.811726e+03
13.5 8.875483e+03 8.896787e+03 8.854760e+03 8.833456e+03
14.5 8.852848e+03 8.871280e+03 8.858987e+03 8.840556e+03
15.5 8.882814e+03 8.846517e+03 8.859306e+03 8.895603e+03
16.5 8.843870e+03 8.826220e+03 8.856709e+03 8.874358e+03
17.5 8.849738e+03 8.811466e+03 8.852834e+03 8.891105e+03
18.5 8.853104e+03 8.801748e+03 8.848930e+03 8.900285e+03
19.5 8.827267e+03 8.796000e+03 8.845615e+03 8.876882e+03
20.5 8.824073e+03 8.793160e+03 8.843053e+03 8.873966e+03
21.5 8.822585e+03 8.792363e+03 8.841185e+03 8.871406e+03
22.5 8.824034e+03 8.792945e+03 8.839887e+03 8.870977e+03
23.5 8.800798e+03 8.794392e+03 8.839042e+03 8.845447e+03
24.5 8.833671e+03 8.796307e+03 8.838550e+03 8.875913e+03
25.5 8.804185e+03 8.798387e+03 8.838328e+03 8.844127e+03
26.5 8.780953e+03 8.800413e+03 8.838303e+03 8.818843e+03
27.5 8.754875e+03 8.802246e+03 8.838409e+03 8.791038e+03
28.5 8.725796e+03 8.803816e+03 8.838589e+03 8.760569e+03
29.5 8.728160e+03 8.805102e+03 8.838798e+03 8.761856e+03
30.5 8.760867e+03 8.806347e+03 8.838750e+03 8.793271e+03
31.5 8.784405e+03 8.809586e+03 8.836863e+03 8.811682e+03
32.5 8.803065e+03 8.819827e+03 8.831829e+03 8.815067e+03
33.5 8.848579e+03 8.839070e+03 8.825718e+03 8.835227e+03
34.5 8.889768e+03 8.863087e+03 8.821967e+03 8.848649e+03
35.5 8.924855e+03 8.886183e+03 8.821855e+03 8.860527e+03
36.5 8.933912e+03 8.904858e+03 8.824464e+03 8.853518e+03
37.5 8.928412e+03 8.918170e+03 8.828219e+03 8.838461e+03
38.5 8.915359e+03 8.926701e+03 8.831930e+03 8.820589e+03
39.5 8.924078e+03 8.931534e+03 8.835023e+03 8.827567e+03
40.5 8.917806e+03 8.933491e+03 8.837620e+03 8.821935e+03
41.5 8.924482e+03 8.931400e+03 8.841363e+03 8.834445e+03
42.5 8.945101e+03 8.920920e+03 8.847682e+03 8.871863e+03
43.5 8.942265e+03 8.900563e+03 8.854627e+03 8.896330e+03
44.5 8.912613e+03 8.874954e+03 8.858858e+03 8.896516e+03
45.5 8.863150e+03 8.850094e+03 8.859180e+03 8.872236e+03
0.5 8.760867e+03 8.806347e+03 8.838750e+03 8.793271e+03
1.5 8.784405e+03 8.809586e+03 8.836863e+03 8.811682e+03
2.5 8.803065e+03 8.819827e+03 8.831829e+03 8.815067e+03
3.5 8.848579e+03 8.839070e+03 8.825718e+03 8.835227e+03
4.5 8.889768e+03 8.863087e+03 8.821967e+03 8.848649e+03
5.5 8.924855e+03 8.886183e+03 8.821855e+03 8.860527e+03
6.5 8.933912e+03 8.904858e+03 8.824464e+03 8.853518e+03
7.5 8.928412e+03 8.918170e+03 8.828219e+03 8.838461e+03
8.5 8.915359e+03 8.926701e+03 8.831930e+03 8.820589e+03
9.5 8.924078e+03 8.931534e+03 8.835023e+03 8.827567e+03
10.5 8.917806e+03 8.933491e+03 8.837620e+03 8.821935e+03
11.5 8.924482e+03 8.931400e+03 8.841363e+03 8.834445e+03
12.5 8.945101e+03 8.920920e+03 8.847682e+03 8.871863e+03
13.5 8.942265e+03 8.900563e+03 8.854627e+03 8.896330e+03
14.5 8.912613e+03 8.874954e+03 8.858858e+03 8.896516e+03
15.5 8.863150e+03 8.850094e+03 8.859180e+03 8.872236e+03
16.5 8.839332e+03 8.829701e+03 8.856585e+03 8.866216e+03
17.5 8.814032e+03 8.814853e+03 8.852712e+03 8.851891e+03
18.5 8.792497e+03 8.805045e+03 8.848810e+03 8.836262e+03
19.5 8.832042e+03 8.799208e+03 8.845497e+03 8.878330e+03
20.5 8.819445e+03 8.796283e+03 8.842937e+03 8.866099e+03
21.5 8.814196e+03 8.795404e+03 8.841071e+03 8.859863e+03
22.5 8.789250e+03 8.795906e+03 8.839775e+03 8.833120e+03
23.5 8.762324e+03 8.797276e+03 8.838932e+03 8.803980e+03
24.5 8.758030e+03 8.799116e+03 8.838442e+03 8.797356e+03
25.5 8.779438e+03 8.801123e+03 8.838222e+03 8.816537e+03
26.5 8.806159e+03 8.803078e+03 8.838199e+03 8.841279e+03
27.5 8.848285e+03 8.804843e+03 8.838307e+03 8.881749e+03
28.5 8.880758e+03 8.806346e+03 8.838489e+03 8.912901e+03
29.5 8.900122e+03 8.807569e+03 8.838702e+03 8.931254e+03
30.5 8.871177e+03 8.809081e+03 8.838912e+03 8.901007e+03
31.5 8.819591e+03 8.814680e+03 8.839100e+03 8.844011e+03
32.5 8.835931e+03 8.829453e+03 8.839258e+03 8.845736e+03
33.5 8.818227e+03 8.851137e+03 8.839383e+03 8.806474e+03
34.5 8.824101e+03 8.871575e+03 8.839477e+03 8.792004e+03
35.5 8.835420e+03 8.885351e+03 8.839546e+03 8.789614e+03
36.5 8.881648e+03 8.891976e+03 8.839593e+03 8.829266e+03
37.5 8.962165e+03 8.893535e+03 8.839625e+03 8.908255e+03
38.5 8.958976e+03 8.892359e+03 8.839646e+03 8.906263e+03
39.5 8.984533e+03 8.890043e+03 8.839659e+03 8.934150e+03
40.5 8.971067e+03 8.886866e+03 8.839667e+03 8.923869e+03
41.5 8.888929e+03 8.879420e+03 8.839671e+03 8.849180e+03
42.5 8.835936e+03 8.862808e+03 8.839673e+03 8.812802e+03
43.5 8.776421e+03 8.839408e+03 8.839674e+03 8.776687e+03
44.5 8.724018e+03 8.817467e+03 8.839674e+03 8.746224e+03
45.5 8.728521e+03 8.802461e+03 8.839673e+03 8.765733e+03
0.5 8.839893e+03 8.811935e+03 8.839398e+03 8.867355e+03
1.5 8.843036e+03 8.814475e+03 8.837322e+03 8.865882e+03
2.5 8.837123e+03 8.824149e+03 8.832131e+03 8.845105e+03
3.5 8.831383e+03 8.842942e+03 8.825896e+03 8.814336e+03
4.5 8.875458e+03 8.866607e+03 8.822052e+03 8.830903e+03
5.5 8.904763e+03 8.889428e+03 8.821872e+03 8.837207e+03
6.5 8.930094e+03 8.907876e+03 8.824432e+03 8.846650e+03
7.5 8.937381e+03 8.920982e+03 8.828154e+03 8.844553e+03
8.5 8.908437e+03 8.929340e+03 8.831844e+03 8.810941e+03
9.5 8.915231e+03 8.934021e+03 8.834924e+03 8.816133e+03
10.5 8.901364e+03 8.935837e+03 8.837513e+03 8.803040e+03
11.5 8.876682e+03 8.933613e+03 8.841252e+03 8.784321e+03
12.5 8.881135e+03 8.923004e+03 8.847569e+03 8.805701e+03
13.5 8.889665e+03 8.902522e+03 8.854513e+03 8.841656e+03
14.5 8.897659e+03 8.876798e+03 8.858744e+03 8.879604e+03
15.5 8.862244e+03 8.851832e+03 8.859066e+03 8.869478e+03
16.5 8.852703e+03 8.831342e+03 8.856471e+03 8.877831e+03
17.5 8.822369e+03 8.816408e+03 8.852599e+03 8.858560e+03
18.5 8.779363e+03 8.806519e+03 8.848697e+03 8.821541e+03
19.5 8.754646e+03 8.800607e+03 8.845385e+03 8.799424e+03
20.5 8.796508e+03 8.797610e+03 8.842825e+03 8.841723e+03
21.5 8.803552e+03 8.796661e+03 8.840959e+03 8.847849e+03
22.5 8.773465e+03 8.797095e+03 8.839663e+03 8.816034e+03
23.5 8.828998e+03 8.798397e+03 8.838819e+03 8.869421e+03
24.5 8.860859e+03 8.800169e+03 8.838329e+03 8.899019e+03
25.5 8.839762e+03 8.802107e+03 8.838108e+03 8.875764e+03
26.5 8.847728e+03 8.803993e+03 8.838085e+03 8.881819e+03
27.5 8.801710e+03 8.805688e+03 8.838192e+03 8.834214e+03
28.5 8.817492e+03 8.807120e+03 8.838373e+03 8.848745e+03
29.5 8.799091e+03 8.808271e+03 8.838584e+03 8.829404e+03
30.5 8.818105e+03 8.809710e+03 8.838792e+03 8.847187e+03
31.5 8.796904e+03 8.815236e+03 8.838979e+03 8.820647e+03
32.5 8.866945e+03 8.829932e+03 8.839135e+03 8.876148e+03
33.5 8.911473e+03 8.851532e+03 8.839258e+03 8.899198e+03
34.5 8.956307e+03 8.871875e+03 8.839349e+03 8.923782e+03
35.5 8.955809e+03 8.885544e+03 8.839415e+03 8.909680e+03
36.5 8.942037e+03 8.892051e+03 8.839460e+03 8.889446e+03
37.5 8.867095e+03 8.893487e+03 8.839489e+03 8.813097e+03
38.5 8.800212e+03 8.892183e+03 8.839507e+03 8.747536e+03
39.5 8.769881e+03 8.889740e+03 8.839516e+03 8.719657e+03
40.5 8.750876e+03 8.886918e+03 8.839520e+03 8.703479e+03
