0.5 9.064598e+03 9.114581e+03 9.264543e+03 9.214560e+03
1.5 9.101236e+03 9.121991e+03 9.263353e+03 9.242598e+03
2.5 9.198532e+03 9.134759e+03 9.248382e+03 9.312155e+03
3.5 9.091572e+03 9.149411e+03 9.207902e+03 9.150063e+03
4.5 8.993459e+03 9.159489e+03 9.145725e+03 8.979695e+03
5.5 9.064068e+03 9.162420e+03 9.076108e+03 8.977757e+03
6.5 9.026089e+03 9.159801e+03 9.012499e+03 8.878787e+03
7.5 9.147403e+03 9.154569e+03 8.962180e+03 8.955014e+03
8.5 9.128893e+03 9.149021e+03 8.926667e+03 8.906538e+03
9.5 9.231503e+03 9.144324e+03 8.904201e+03 8.991380e+03
10.5 9.169278e+03 9.140318e+03 8.891934e+03 8.920894e+03
11.5 9.158713e+03 9.133888e+03 8.889014e+03 8.913838e+03
12.5 9.059476e+03 9.122116e+03 8.904993e+03 8.842352e+03
13.5 9.148938e+03 9.108541e+03 8.949823e+03 8.990219e+03
14.5 9.054908e+03 9.099660e+03 9.018314e+03 8.973562e+03
15.5 9.119013e+03 9.098063e+03 9.095153e+03 9.116103e+03
16.5 9.107550e+03 9.102132e+03 9.166107e+03 9.171525e+03
17.5 9.016621e+03 9.108891e+03 9.223350e+03 9.131081e+03
18.5 9.088514e+03 9.115987e+03 9.265041e+03 9.237568e+03
19.5 9.109210e+03 9.122202e+03 9.292788e+03 9.279796e+03
20.5 9.109163e+03 9.127168e+03 9.309434e+03 9.291429e+03
21.5 9.143663e+03 9.130941e+03 9.317820e+03 9.330543e+03
22.5 9.123064e+03 9.133710e+03 9.320345e+03 9.309699e+03
23.5 9.320986e+03 9.135665e+03 9.318921e+03 9.504242e+03
24.5 9.162338e+03 9.136965e+03 9.315050e+03 9.340423e+03
25.5 9.154461e+03 9.137745e+03 9.309901e+03 9.326618e+03
26.5 9.213727e+03 9.138129e+03 9.304351e+03 9.379949e+03
27.5 9.027222e+03 9.138232e+03 9.299011e+03 9.188000e+03
28.5 9.173401e+03 9.138155e+03 9.294258e+03 9.329504e+03
29.5 9.228430e+03 9.137982e+03 9.290278e+03 9.380726e+03
30.5 9.267888e+03 9.138259e+03 9.287103e+03 9.416732e+03
31.5 9.241422e+03 9.142055e+03 9.282760e+03 9.382127e+03
32.5 9.301783e+03 9.152107e+03 9.265308e+03 9.414984e+03
33.5 9.072725e+03 9.164691e+03 9.222892e+03 9.130926e+03
34.5 9.219554e+03 9.173153e+03 9.159203e+03 9.205604e+03
35.5 9.232356e+03 9.174769e+03 9.088389e+03 9.145976e+03
36.5 9.250183e+03 9.171031e+03 9.023808e+03 9.102960e+03
37.5 9.239657e+03 9.164808e+03 8.972675e+03 9.047524e+03
38.5 9.124957e+03 9.158352e+03 8.936459e+03 8.903063e+03
39.5 9.250675e+03 9.152797e+03 8.913364e+03 9.011241e+03
40.5 9.075041e+03 9.147966e+03 8.900517e+03 8.827592e+03
41.5 9.132891e+03 9.140733e+03 8.897051e+03 8.889209e+03
42.5 9.340017e+03 9.128174e+03 8.912508e+03 9.124351e+03
43.5 9.070967e+03 9.113824e+03 8.956833e+03 8.913975e+03
44.5 9.198254e+03 9.104179e+03 9.024831e+03 9.118906e+03
45.5 9.128681e+03 9.101830e+03 9.101189e+03 9.128040e+03
0.5 9.267888e+03 9.138259e+03 9.287103e+03 9.416732e+03
1.5 9.241422e+03 9.142055e+03 9.282760e+03 9.382127e+03
2.5 9.301783e+03 9.152107e+03 9.265308e+03 9.414984e+03
3.5 9.072725e+03 9.164691e+03 9.222892e+03 9.130926e+03
4.5 9.219554e+03 9.173153e+03 9.159203e+03 9.205604e+03
5.5 9.232356e+03 9.174769e+03 9.088389e+03 9.145976e+03
6.5 9.250183e+03 9.171031e+03 9.023808e+03 9.102960e+03
7.5 9.239657e+03 9.164808e+03 8.972675e+03 9.047524e+03
8.5 9.124957e+03 9.158352e+03 8.936459e+03 8.903063e+03
9.5 9.250675e+03 9.152797e+03 8.913364e+03 9.011241e+03
10.5 9.075041e+03 9.147966e+03 8.900517e+03 8.827592e+03
11.5 9.132891e+03 9.140733e+03 8.897051e+03 8.889209e+03
12.5 9.340017e+03 9.128174e+03 8.912508e+03 9.124351e+03
13.5 9.070967e+03 9.113824e+03 8.956833e+03 8.913975e+03
14.5 9.198254e+03 9.104179e+03 9.024831e+03 9.118906e+03
15.5 9.128681e+03 9.101830e+03 9.101189e+03 9.128040e+03
16.5 9.047688e+03 9.105159e+03 9.171671e+03 9.114200e+03
17.5 9.169117e+03 9.111184e+03 9.228451e+03 9.286384e+03
18.5 9.254709e+03 9.117555e+03 9.269686e+03 9.406840e+03
19.5 8.997026e+03 9.123053e+03 9.296984e+03 9.170958e+03
20.5 9.218527e+03 9.127310e+03 9.313189e+03 9.404406e+03
21.5 9.209867e+03 9.130385e+03 9.321141e+03 9.400623e+03
22.5 9.228280e+03 9.132465e+03 9.323240e+03 9.419055e+03
23.5 9.193566e+03 9.133739e+03 9.321396e+03 9.381223e+03
24.5 9.166377e+03 9.134368e+03 9.317114e+03 9.349123e+03
25.5 9.064207e+03 9.134485e+03 9.311562e+03 9.241283e+03
26.5 9.088190e+03 9.134216e+03 9.305615e+03 9.259589e+03
27.5 9.209518e+03 9.133675e+03 9.299887e+03 9.375729e+03
28.5 9.059723e+03 9.132963e+03 9.294753e+03 9.221513e+03
29.5 9.371349e+03 9.132173e+03 9.290400e+03 9.529575e+03
30.5 9.436338e+03 9.134405e+03 9.286868e+03 9.588800e+03
31.5 9.429076e+03 9.161827e+03 9.284101e+03 9.551350e+03
32.5 9.336466e+03 9.251422e+03 9.281993e+03 9.367037e+03
33.5 9.442775e+03 9.399846e+03 9.280419e+03 9.323349e+03
34.5 9.634202e+03 9.559204e+03 9.279255e+03 9.354253e+03
35.5 9.645676e+03 9.688400e+03 9.278393e+03 9.235669e+03
36.5 9.720042e+03 9.773985e+03 9.277744e+03 9.223801e+03
37.5 9.532858e+03 9.821529e+03 9.277241e+03 8.988571e+03
38.5 9.753433e+03 9.842518e+03 9.276835e+03 9.187749e+03
39.5 1.006472e+04 9.847027e+03 9.276490e+03 9.494184e+03
40.5 1.002060e+04 9.838798e+03 9.276183e+03 9.457989e+03
41.5 9.763349e+03 9.799824e+03 9.275897e+03 9.239422e+03
42.5 9.665437e+03 9.695718e+03 9.275622e+03 9.245340e+03
43.5 9.423134e+03 9.531638e+03 9.275351e+03 9.166847e+03
44.5 9.205994e+03 9.356835e+03 9.275080e+03 9.124240e+03
45.5 9.252245e+03 9.213391e+03 9.274807e+03 9.313661e+03
0.5 9.021857e+03 9.101724e+03 9.270153e+03 9.190287e+03
1.5 9.072552e+03 9.107149e+03 9.267869e+03 9.233272e+03
2.5 9.071632e+03 9.117942e+03 9.251820e+03 9.205510e+03
3.5 8.962885e+03 9.130627e+03 9.210277e+03 9.042535e+03
4.5 9.104415e+03 9.138746e+03 9.147052e+03 9.112721e+03
5.5 9.190587e+03 9.139724e+03 9.076402e+03 9.127265e+03
6.5 9.167583e+03 9.135069e+03 9.011774e+03 9.044288e+03
7.5 9.257576e+03 9.127756e+03 8.960439e+03 9.090259e+03
8.5 9.144490e+03 9.120210e+03 8.923924e+03 8.948204e+03
9.5 8.988244e+03 9.113513e+03 8.900469e+03 8.775200e+03
10.5 9.026784e+03 9.107505e+03 8.887224e+03 8.806504e+03
11.5 9.010154e+03 9.099071e+03 8.883339e+03 8.794423e+03
12.5 9.037948e+03 9.085297e+03 8.898366e+03 8.851017e+03
13.5 9.101777e+03 9.069735e+03 8.942255e+03 8.974297e+03
14.5 9.023297e+03 9.058890e+03 9.009816e+03 8.974223e+03
15.5 9.073705e+03 9.055353e+03 9.085737e+03 9.104090e+03
16.5 9.063128e+03 9.057495e+03 9.155782e+03 9.161415e+03
17.5 8.808504e+03 9.062330e+03 9.212128e+03 8.958301e+03
18.5 8.937011e+03 9.067497e+03 9.252930e+03 9.122444e+03
19.5 8.816010e+03 9.071769e+03 9.279797e+03 9.024038e+03
20.5 9.195962e+03 9.074776e+03 9.295572e+03 9.416758e+03
21.5 8.988687e+03 9.076572e+03 9.303094e+03 9.215209e+03
22.5 9.128988e+03 9.077345e+03 9.304763e+03 9.356407e+03
23.5 8.951602e+03 9.077282e+03 9.302490e+03 9.176809e+03
24.5 9.060438e+03 9.076540e+03 9.297775e+03 9.281673e+03
25.5 9.019485e+03 9.075254e+03 9.291789e+03 9.236020e+03
26.5 9.259323e+03 9.073548e+03 9.285406e+03 9.471181e+03
27.5 9.079830e+03 9.071533e+03 9.279236e+03 9.287533e+03
28.5 8.968634e+03 9.069310e+03 9.273658e+03 9.172982e+03
29.5 9.107049e+03 9.066972e+03 9.268855e+03 9.308933e+03
30.5 9.163995e+03 9.067615e+03 9.264867e+03 9.361247e+03
31.5 9.156272e+03 9.093405e+03 9.261638e+03 9.324506e+03
32.5 9.297635e+03 9.181313e+03 9.259061e+03 9.375383e+03
33.5 9.365238e+03 9.327960e+03 9.257009e+03 9.294288e+03
34.5 9.594318e+03 9.485417e+03 9.255359e+03 9.364260e+03
35.5 9.613807e+03 9.612572e+03 9.254001e+03 9.255236e+03
36.5 9.879691e+03 9.695980e+03 9.252845e+03 9.436556e+03
37.5 9.820974e+03 9.741229e+03 9.251824e+03 9.331569e+03
38.5 9.686684e+03 9.759821e+03 9.250888e+03 9.177751e+03
39.5 9.590169e+03 9.761857e+03 9.250001e+03 9.078313e+03
40.5 9.510419e+03 9.755632e+03 9.249137e+03 9.003924e+03
