0.5 6.518741e+03 6.587376e+03 6.512423e+03 6.443789e+03
1.5 6.502168e+03 6.583501e+03 6.508559e+03 6.427226e+03
2.5 6.516831e+03 6.570170e+03 6.498931e+03 6.445592e+03
3.5 6.493504e+03 6.548104e+03 6.487395e+03 6.432795e+03
4.5 6.516059e+03 6.524686e+03 6.480321e+03 6.471694e+03
5.5 6.544562e+03 6.506068e+03 6.480054e+03 6.518547e+03
6.5 6.513829e+03 6.494113e+03 6.484865e+03 6.504581e+03
7.5 6.525943e+03 6.487831e+03 6.491818e+03 6.529930e+03
8.5 6.520806e+03 6.485411e+03 6.498693e+03 6.534089e+03
9.5 6.463033e+03 6.485313e+03 6.504421e+03 6.482140e+03
10.5 6.501840e+03 6.486533e+03 6.508755e+03 6.524062e+03
11.5 6.485579e+03 6.488476e+03 6.511841e+03 6.508944e+03
12.5 6.445816e+03 6.490780e+03 6.513924e+03 6.468960e+03
13.5 6.443733e+03 6.493196e+03 6.515230e+03 6.465767e+03
14.5 6.510973e+03 6.495536e+03 6.515937e+03 6.531374e+03
15.5 6.481501e+03 6.497664e+03 6.516191e+03 6.500027e+03
16.5 6.524272e+03 6.499497e+03 6.516119e+03 6.540894e+03
17.5 6.480787e+03 6.501005e+03 6.515834e+03 6.495616e+03
18.5 6.478067e+03 6.502197e+03 6.515433e+03 6.491304e+03
19.5 6.549160e+03 6.503110e+03 6.514996e+03 6.561046e+03
20.5 6.468476e+03 6.503645e+03 6.515046e+03 6.479877e+03
21.5 6.472294e+03 6.502581e+03 6.518515e+03 6.488227e+03
22.5 6.472370e+03 6.496969e+03 6.527805e+03 6.503206e+03
23.5 6.500635e+03 6.485826e+03 6.539065e+03 6.553873e+03
24.5 6.479859e+03 6.471901e+03 6.545920e+03 6.553878e+03
25.5 6.471980e+03 6.458657e+03 6.546020e+03 6.559343e+03
26.5 6.529840e+03 6.448119e+03 6.541084e+03 6.622805e+03
27.5 6.466990e+03 6.440759e+03 6.534038e+03 6.560269e+03
28.5 6.427042e+03 6.436175e+03 6.527094e+03 6.517961e+03
29.5 6.417664e+03 6.433703e+03 6.521313e+03 6.505274e+03
30.5 6.422461e+03 6.432875e+03 6.516466e+03 6.506052e+03
31.5 6.401374e+03 6.434484e+03 6.509497e+03 6.476387e+03
32.5 6.465108e+03 6.441179e+03 6.497779e+03 6.521707e+03
33.5 6.445466e+03 6.453703e+03 6.484948e+03 6.476711e+03
34.5 6.479706e+03 6.469132e+03 6.477182e+03 6.487757e+03
35.5 6.517297e+03 6.483869e+03 6.476676e+03 6.510104e+03
36.5 6.529414e+03 6.495793e+03 6.481571e+03 6.515192e+03
37.5 6.487361e+03 6.504378e+03 6.488818e+03 6.471801e+03
38.5 6.497016e+03 6.509998e+03 6.496099e+03 6.483117e+03
39.5 6.503431e+03 6.513319e+03 6.502267e+03 6.492379e+03
40.5 6.513862e+03 6.514974e+03 6.507025e+03 6.505914e+03
41.5 6.451624e+03 6.515467e+03 6.510486e+03 6.446643e+03
42.5 6.480548e+03 6.515182e+03 6.512882e+03 6.478247e+03
43.5 6.477309e+03 6.514412e+03 6.514434e+03 6.477330e+03
44.5 6.474108e+03 6.513385e+03 6.515328e+03 6.476050e+03
45.5 6.474486e+03 6.512274e+03 6.515719e+03 6.477930e+03
46.5 6.461208e+03 6.511203e+03 6.515744e+03 6.465749e+03
47.5 6.451584e+03 6.510249e+03 6.515527e+03 6.456863e+03
48.5 6.463968e+03 6.509450e+03 6.515174e+03 6.469692e+03
49.5 6.493390e+03 6.508818e+03 6.514769e+03 6.499341e+03
50.5 6.499721e+03 6.508360e+03 6.514841e+03 6.506202e+03
51.5 6.545038e+03 6.508494e+03 6.518324e+03 6.554868e+03
52.5 6.520205e+03 6.511274e+03 6.527623e+03 6.536554e+03
53.5 6.502265e+03 6.518490e+03 6.538886e+03 6.522661e+03
54.5 6.506848e+03 6.529224e+03 6.545744e+03 6.523367e+03
55.5 6.558518e+03 6.540973e+03 6.545845e+03 6.563390e+03
0.5 6.422461e+03 6.432875e+03 6.516466e+03 6.506052e+03
1.5 6.401374e+03 6.434484e+03 6.509497e+03 6.476387e+03
2.5 6.465108e+03 6.441179e+03 6.497779e+03 6.521707e+03
3.5 6.445466e+03 6.453703e+03 6.484948e+03 6.476711e+03
4.5 6.479706e+03 6.469132e+03 6.477182e+03 6.487757e+03
5.5 6.517297e+03 6.483869e+03 6.476676e+03 6.510104e+03
6.5 6.529414e+03 6.495793e+03 6.481571e+03 6.515192e+03
7.5 6.487361e+03 6.504378e+03 6.488818e+03 6.471801e+03
8.5 6.497016e+03 6.509998e+03 6.496099e+03 6.483117e+03
9.5 6.503431e+03 6.513319e+03 6.502267e+03 6.492379e+03
10.5 6.513862e+03 6.514974e+03 6.507025e+03 6.505914e+03
11.5 6.451624e+03 6.515467e+03 6.510486e+03 6.446643e+03
12.5 6.480548e+03 6.515182e+03 6.512882e+03 6.478247e+03
13.5 6.477309e+03 6.514412e+03 6.514434e+03 6.477330e+03
14.5 6.474108e+03 6.513385e+03 6.515328e+03 6.476050e+03
15.5 6.474486e+03 6.512274e+03 6.515719e+03 6.477930e+03
16.5 6.461208e+03 6.511203e+03 6.515744e+03 6.465749e+03
17.5 6.451584e+03 6.510249e+03 6.515527e+03 6.456863e+03
18.5 6.463968e+03 6.509450e+03 6.515174e+03 6.469692e+03
19.5 6.493390e+03 6.508818e+03 6.514769e+03 6.499341e+03
20.5 6.499721e+03 6.508360e+03 6.514841e+03 6.506202e+03
21.5 6.545038e+03 6.508494e+03 6.518324e+03 6.554868e+03
22.5 6.520205e+03 6.511274e+03 6.527623e+03 6.536554e+03
23.5 6.502265e+03 6.518490e+03 6.538886e+03 6.522661e+03
24.5 6.506848e+03 6.529224e+03 6.545744e+03 6.523367e+03
25.5 6.558518e+03 6.540973e+03 6.545845e+03 6.563390e+03
26.5 6.550274e+03 6.551536e+03 6.540910e+03 6.539648e+03
27.5 6.573731e+03 6.559801e+03 6.533867e+03 6.547797e+03
28.5 6.578779e+03 6.565595e+03 6.526927e+03 6.540111e+03
29.5 6.570175e+03 6.569251e+03 6.521151e+03 6.522075e+03
30.5 6.574590e+03 6.571236e+03 6.516309e+03 6.519662e+03
31.5 6.568426e+03 6.571568e+03 6.509353e+03 6.506212e+03
32.5 6.529228e+03 6.568537e+03 6.497648e+03 6.458338e+03
33.5 6.577687e+03 6.560620e+03 6.484821e+03 6.501887e+03
34.5 6.539936e+03 6.548935e+03 6.477059e+03 6.468060e+03
35.5 6.578328e+03 6.536138e+03 6.476556e+03 6.518747e+03
36.5 6.535135e+03 6.524544e+03 6.481455e+03 6.492046e+03
37.5 6.524705e+03 6.515341e+03 6.488705e+03 6.498069e+03
38.5 6.562645e+03 6.508748e+03 6.495989e+03 6.549887e+03
39.5 6.554568e+03 6.504446e+03 6.502161e+03 6.552282e+03
40.5 6.527179e+03 6.501949e+03 6.506922e+03 6.532152e+03
41.5 6.531917e+03 6.500784e+03 6.510386e+03 6.541519e+03
42.5 6.532046e+03 6.500557e+03 6.512784e+03 6.544273e+03
43.5 6.496626e+03 6.500958e+03 6.514339e+03 6.510007e+03
44.5 6.538454e+03 6.501741e+03 6.515236e+03 6.551949e+03
45.5 6.510051e+03 6.502717e+03 6.515629e+03 6.522963e+03
46.5 6.520089e+03 6.503745e+03 6.515657e+03 6.532002e+03
47.5 6.538151e+03 6.504726e+03 6.515443e+03 6.548868e+03
48.5 6.502403e+03 6.505602e+03 6.515092e+03 6.511893e+03
49.5 6.513857e+03 6.506345e+03 6.514689e+03 6.522201e+03
50.5 6.555336e+03 6.506971e+03 6.514764e+03 6.563129e+03
51.5 6.558010e+03 6.507929e+03 6.518249e+03 6.568330e+03
52.5 6.552379e+03 6.511319e+03 6.527549e+03 6.568609e+03
53.5 6.542823e+03 6.518975e+03 6.538815e+03 6.562664e+03
54.5 6.551785e+03 6.530022e+03 6.545674e+03 6.567437e+03
55.5 6.594571e+03 6.541993e+03 6.545777e+03 6.598356e+03
0.5 6.574590e+03 6.571236e+03 6.516309e+03 6.519662e+03
1.5 6.568426e+03 6.571568e+03 6.509353e+03 6.506212e+03
2.5 6.529228e+03 6.568537e+03 6.497648e+03 6.458338e+03
3.5 6.577687e+03 6.560620e+03 6.484821e+03 6.501887e+03
4.5 6.539936e+03 6.548935e+03 6.477059e+03 6.468060e+03
5.5 6.578328e+03 6.536138e+03 6.476556e+03 6.518747e+03
6.5 6.535135e+03 6.524544e+03 6.481455e+03 6.492046e+03
7.5 6.524705e+03 6.515341e+03 6.488705e+03 6.498069e+03
8.5 6.562645e+03 6.508748e+03 6.495989e+03 6.549887e+03
9.5 6.554568e+03 6.504446e+03 6.502161e+03 6.552282e+03
10.5 6.527179e+03 6.501949e+03 6.506922e+03 6.532152e+03
11.5 6.531917e+03 6.500784e+03 6.510386e+03 6.541519e+03
12.5 6.532046e+03 6.500557e+03 6.512784e+03 6.544273e+03
13.5 6.496626e+03 6.500958e+03 6.514339e+03 6.510007e+03
14.5 6.538454e+03 6.501741e+03 6.515236e+03 6.551949e+03
15.5 6.510051e+03 6.502717e+03 6.515629e+03 6.522963e+03
16.5 6.520089e+03 6.503745e+03 6.515657e+03 6.532002e+03
17.5 6.538151e+03 6.504726e+03 6.515443e+03 6.548868e+03
18.5 6.502403e+03 6.505602e+03 6.515092e+03 6.511893e+03
19.5 6.513857e+03 6.506345e+03 6.514689e+03 6.522201e+03
20.5 6.555336e+03 6.506971e+03 6.514764e+03 6.563129e+03
21.5 6.558010e+03 6.507929e+03 6.518249e+03 6.568330e+03
22.5 6.552379e+03 6.511319e+03 6.527549e+03 6.568609e+03
23.5 6.542823e+03 6.518975e+03 6.538815e+03 6.562664e+03
24.5 6.551785e+03 6.530022e+03 6.545674e+03 6.567437e+03
25.5 6.594571e+03 6.541993e+03 6.545777e+03 6.598356e+03
26.5 6.585373e+03 6.552715e+03 6.540845e+03 6.573503e+03
27.5 6.588803e+03 6.561096e+03 6.533803e+03 6.561510e+03
28.5 6.576010e+03 6.566978e+03 6.526865e+03 6.535897e+03
29.5 6.565471e+03 6.570705e+03 6.521090e+03 6.515857e+03
30.5 6.602087e+03 6.572749e+03 6.516249e+03 6.545587e+03
31.5 6.556458e+03 6.573135e+03 6.509295e+03 6.492618e+03
32.5 6.544467e+03 6.570155e+03 6.497591e+03 6.471902e+03
33.5 6.551627e+03 6.562288e+03 6.484765e+03 6.474105e+03
34.5 6.529821e+03 6.550651e+03 6.477004e+03 6.456174e+03
35.5 6.544368e+03 6.537903e+03 6.476503e+03 6.482968e+03
36.5 6.554115e+03 6.526357e+03 6.481403e+03 6.509161e+03
37.5 6.514503e+03 6.517204e+03 6.488654e+03 6.485953e+03
38.5 6.543619e+03 6.510661e+03 6.495939e+03 6.528897e+03
39.5 6.544578e+03 6.506410e+03 6.502111e+03 6.540279e+03
40.5 6.541823e+03 6.503964e+03 6.506873e+03 6.544732e+03
41.5 6.531443e+03 6.502850e+03 6.510338e+03 6.538931e+03
42.5 6.496741e+03 6.502676e+03 6.512737e+03 6.506803e+03
43.5 6.488395e+03 6.503129e+03 6.514293e+03 6.499559e+03
44.5 6.493505e+03 6.503964e+03 6.515190e+03 6.504731e+03
45.5 6.519425e+03 6.504993e+03 6.515584e+03 6.530016e+03
46.5 6.521129e+03 6.506073e+03 6.515612e+03 6.530668e+03
47.5 6.524222e+03 6.507108e+03 6.515399e+03 6.532513e+03
48.5 6.540410e+03 6.508037e+03 6.515048e+03 6.547421e+03
49.5 6.552557e+03 6.508832e+03 6.514645e+03 6.558370e+03
50.5 6.505705e+03 6.509341e+03 6.514720e+03 6.511084e+03
51.5 6.479917e+03 6.508301e+03 6.518205e+03 6.489821e+03
52.5 6.490016e+03 6.502735e+03 6.527506e+03 6.514787e+03
53.5 6.461993e+03 6.491645e+03 6.538772e+03 6.509119e+03
54.5 6.435689e+03 6.477772e+03 6.545631e+03 6.503547e+03
55.5 6.408472e+03 6.464576e+03 6.545734e+03 6.489630e+03
0.5 6.602087e+03 6.572749e+03 6.516249e+03 6.545587e+03
1.5 6.556458e+03 6.573135e+03 6.509295e+03 6.492618e+03
2.5 6.544467e+03 6.570155e+03 6.497591e+03 6.471902e+03
3.5 6.551627e+03 6.562288e+03 6.484765e+03 6.474105e+03
4.5 6.529821e+03 6.550651e+03 6.477004e+03 6.456174e+03
5.5 6.544368e+03 6.537903e+03 6.476503e+03 6.482968e+03
6.5 6.554115e+03 6.526357e+03 6.481403e+03 6.509161e+03
7.5 6.514503e+03 6.517204e+03 6.488654e+03 6.485953e+03
8.5 6.543619e+03 6.510661e+03 6.495939e+03 6.528897e+03
9.5 6.544578e+03 6.506410e+03 6.502111e+03 6.540279e+03
10.5 6.541823e+03 6.503964e+03 6.506873e+03 6.544732e+03
11.5 6.531443e+03 6.502850e+03 6.510338e+03 6.538931e+03
12.5 6.496741e+03 6.502676e+03 6.512737e+03 6.506803e+03
13.5 6.488395e+03 6.503129e+03 6.514293e+03 6.499559e+03
14.5 6.493505e+03 6.503964e+03 6.515190e+03 6.504731e+03
15.5 6.519425e+03 6.504993e+03 6.515584e+03 6.530016e+03
16.5 6.521129e+03 6.506073e+03 6.515612e+03 6.530668e+03
17.5 6.524222e+03 6.507108e+03 6.515399e+03 6.532513e+03
18.5 6.540410e+03 6.508037e+03 6.515048e+03 6.547421e+03
19.5 6.552557e+03 6.508832e+03 6.514645e+03 6.558370e+03
20.5 6.505705e+03 6.509341e+03 6.514720e+03 6.511084e+03
21.5 6.479917e+03 6.508301e+03 6.518205e+03 6.489821e+03
22.5 6.490016e+03 6.502735e+03 6.527506e+03 6.514787e+03
23.5 6.461993e+03 6.491645e+03 6.538772e+03 6.509119e+03
24.5 6.435689e+03 6.477772e+03 6.545631e+03 6.503547e+03
25.5 6.408472e+03 6.464576e+03 6.545734e+03 6.489630e+03
26.5 6.447995e+03 6.454081e+03 6.540801e+03 6.534715e+03
27.5 6.464540e+03 6.446761e+03 6.533760e+03 6.551539e+03
28.5 6.436656e+03 6.442215e+03 6.526821e+03 6.521262e+03
29.5 6.477783e+03 6.439782e+03 6.521046e+03 6.559047e+03
30.5 6.474369e+03 6.438995e+03 6.516205e+03 6.551579e+03
31.5 6.416033e+03 6.440648e+03 6.509250e+03 6.484635e+03
32.5 6.456095e+03 6.447383e+03 6.497545e+03 6.506257e+03
33.5 6.440209e+03 6.459953e+03 6.484719e+03 6.464975e+03
34.5 6.458772e+03 6.475434e+03 6.476958e+03 6.460296e+03
35.5 6.466796e+03 6.490229e+03 6.476456e+03 6.453023e+03
36.5 6.441467e+03 6.502218e+03 6.481355e+03 6.420604e+03
37.5 6.493884e+03 6.510872e+03 6.488605e+03 6.471617e+03
38.5 6.521304e+03 6.516567e+03 6.495889e+03 6.500625e+03
39.5 6.468815e+03 6.519969e+03 6.502061e+03 6.450908e+03
40.5 6.528102e+03 6.521709e+03 6.506822e+03 6.513214e+03
41.5 6.492037e+03 6.522294e+03 6.510285e+03 6.480029e+03
42.5 6.483137e+03 6.522105e+03 6.512683e+03 6.473716e+03
43.5 6.490689e+03 6.521435e+03 6.514238e+03 6.483493e+03
44.5 6.481856e+03 6.520513e+03 6.515134e+03 6.476478e+03
45.5 6.509408e+03 6.519511e+03 6.515527e+03 6.505423e+03
46.5 6.510575e+03 6.518553e+03 6.515554e+03 6.507575e+03
47.5 6.486807e+03 6.517717e+03 6.515339e+03 6.484429e+03
48.5 6.549801e+03 6.517040e+03 6.514986e+03 6.547748e+03
49.5 6.536006e+03 6.516532e+03 6.514582e+03 6.534055e+03
50.5 6.514670e+03 6.516204e+03 6.514655e+03 6.513122e+03
51.5 6.542535e+03 6.516470e+03 6.518139e+03 6.544203e+03
52.5 6.546050e+03 6.519387e+03 6.527438e+03 6.554101e+03
53.5 6.540177e+03 6.526742e+03 6.538701e+03 6.552137e+03
54.5 6.546159e+03 6.537619e+03 6.545559e+03 6.554098e+03
55.5 6.545703e+03 6.549514e+03 6.545660e+03 6.541848e+03
0.5 6.474369e+03 6.438995e+03 6.516205e+03 6.551579e+03
1.5 6.416033e+03 6.440648e+03 6.509250e+03 6.484635e+03
2.5 6.456095e+03 6.447383e+03 6.497545e+03 6.506257e+03
3.5 6.440209e+03 6.459953e+03 6.484719e+03 6.464975e+03
4.5 6.458772e+03 6.475434e+03 6.476958e+03 6.460296e+03
5.5 6.466796e+03 6.490229e+03 6.476456e+03 6.453023e+03
6.5 6.441467e+03 6.502218e+03 6.481355e+03 6.420604e+03
7.5 6.493884e+03 6.510872e+03 6.488605e+03 6.471617e+03
8.5 6.521304e+03 6.516567e+03 6.495889e+03 6.500625e+03
9.5 6.468815e+03 6.519969e+03 6.502061e+03 6.450908e+03
10.5 6.528102e+03 6.521709e+03 6.506822e+03 6.513214e+03
11.5 6.492037e+03 6.522294e+03 6.510285e+03 6.480029e+03
12.5 6.483137e+03 6.522105e+03 6.512683e+03 6.473716e+03
13.5 6.490689e+03 6.521435e+03 6.514238e+03 6.483493e+03
14.5 6.481856e+03 6.520513e+03 6.515134e+03 6.476478e+03
15.5 6.509408e+03 6.519511e+03 6.515527e+03 6.505423e+03
16.5 6.510575e+03 6.518553e+03 6.515554e+03 6.507575e+03
17.5 6.486807e+03 6.517717e+03 6.515339e+03 6.484429e+03
18.5 6.549801e+03 6.517040e+03 6.514986e+03 6.547748e+03
19.5 6.536006e+03 6.516532e+03 6.514582e+03 6.534055e+03
20.5 6.514670e+03 6.516204e+03 6.514655e+03 6.513122e+03
21.5 6.542535e+03 6.516470e+03 6.518139e+03 6.544203e+03
22.5 6.546050e+03 6.519387e+03 6.527438e+03 6.554101e+03
23.5 6.540177e+03 6.526742e+03 6.538701e+03 6.552137e+03
24.5 6.546159e+03 6.537619e+03 6.545559e+03 6.554098e+03
25.5 6.545703e+03 6.549514e+03 6.545660e+03 6.541848e+03
26.5 6.584117e+03 6.560218e+03 6.540718e+03 6.564617e+03
27.5 6.582382e+03 6.568618e+03 6.533667e+03 6.547432e+03
28.5 6.539055e+03 6.574558e+03 6.526725e+03 6.491222e+03
29.5 6.560985e+03 6.578363e+03 6.520947e+03 6.503569e+03
30.5 6.560675e+03 6.580499e+03 6.516102e+03 6.496279e+03
31.5 6.565982e+03 6.580984e+03 6.509144e+03 6.494142e+03
32.5 6.576240e+03 6.578111e+03 6.497436e+03 6.495565e+03
33.5 6.565242e+03 6.570357e+03 6.484608e+03 6.479493e+03
34.5 6.612425e+03 6.558842e+03 6.476848e+03 6.530432e+03
35.5 6.539563e+03 6.546223e+03 6.476349e+03 6.469688e+03
36.5 6.512801e+03 6.534815e+03 6.481251e+03 6.459238e+03
37.5 6.544083e+03 6.525806e+03 6.488504e+03 6.506781e+03
38.5 6.543801e+03 6.519411e+03 6.495791e+03 6.520180e+03
39.5 6.531316e+03 6.515315e+03 6.501963e+03 6.517965e+03
40.5 6.562260e+03 6.513027e+03 6.506724e+03 6.555957e+03
41.5 6.539361e+03 6.512076e+03 6.510187e+03 6.537471e+03
42.5 6.495534e+03 6.512069e+03 6.512582e+03 6.496048e+03
43.5 6.508399e+03 6.512693e+03 6.514134e+03 6.509840e+03
44.5 6.524903e+03 6.513705e+03 6.515027e+03 6.526225e+03
45.5 6.490107e+03 6.514914e+03 6.515416e+03 6.490608e+03
46.5 6.504075e+03 6.516180e+03 6.515439e+03 6.503334e+03
47.5 6.496418e+03 6.517405e+03 6.515219e+03 6.494233e+03
48.5 6.502143e+03 6.518529e+03 6.514863e+03 6.498476e+03
49.5 6.474418e+03 6.519527e+03 6.514454e+03 6.469346e+03
50.5 6.537986e+03 6.520243e+03 6.514523e+03 6.532265e+03
51.5 6.492700e+03 6.519418e+03 6.518002e+03 6.491284e+03
52.5 6.525129e+03 6.514074e+03 6.527295e+03 6.538350e+03
53.5 6.512352e+03 6.503216e+03 6.538547e+03 6.547684e+03
54.5 6.483247e+03 6.489589e+03 6.545387e+03 6.539046e+03
55.5 6.472667e+03 6.476653e+03 6.545466e+03 6.541480e+03
0.5 6.560675e+03 6.580499e+03 6.516102e+03 6.496279e+03
1.5 6.565982e+03 6.580984e+03 6.509144e+03 6.494142e+03
2.5 6.576240e+03 6.578111e+03 6.497436e+03 6.495565e+03
3.5 6.565242e+03 6.570357e+03 6.484608e+03 6.479493e+03
4.5 6.612425e+03 6.558842e+03 6.476848e+03 6.530432e+03
5.5 6.539563e+03 6.546223e+03 6.476349e+03 6.469688e+03
6.5 6.512801e+03 6.534815e+03 6.481251e+03 6.459238e+03
7.5 6.544083e+03 6.525806e+03 6.488504e+03 6.506781e+03
8.5 6.543801e+03 6.519411e+03 6.495791e+03 6.520180e+03
9.5 6.531316e+03 6.515315e+03 6.501963e+03 6.517965e+03
10.5 6.562260e+03 6.513027e+03 6.506724e+03 6.555957e+03
11.5 6.539361e+03 6.512076e+03 6.510187e+03 6.537471e+03
12.5 6.495534e+03 6.512069e+03 6.512582e+03 6.496048e+03
13.5 6.508399e+03 6.512693e+03 6.514134e+03 6.509840e+03
14.5 6.524903e+03 6.513705e+03 6.515027e+03 6.526225e+03
15.5 6.490107e+03 6.514914e+03 6.515416e+03 6.490608e+03
16.5 6.504075e+03 6.516180e+03 6.515439e+03 6.503334e+03
17.5 6.496418e+03 6.517405e+03 6.515219e+03 6.494233e+03
18.5 6.502143e+03 6.518529e+03 6.514863e+03 6.498476e+03
19.5 6.474418e+03 6.519527e+03 6.514454e+03 6.469346e+03
20.5 6.537986e+03 6.520243e+03 6.514523e+03 6.532265e+03
21.5 6.492700e+03 6.519418e+03 6.518002e+03 6.491284e+03
22.5 6.525129e+03 6.514074e+03 6.527295e+03 6.538350e+03
23.5 6.512352e+03 6.503216e+03 6.538547e+03 6.547684e+03
24.5 6.483247e+03 6.489589e+03 6.545387e+03 6.539046e+03
25.5 6.472667e+03 6.476653e+03 6.545466e+03 6.541480e+03
26.5 6.474245e+03 6.466436e+03 6.540507e+03 6.548317e+03
27.5 6.412075e+03 6.459409e+03 6.533441e+03 6.486107e+03
28.5 6.413216e+03 6.455172e+03 6.526480e+03 6.484523e+03
29.5 6.425540e+03 6.453062e+03 6.520687e+03 6.493165e+03
30.5 6.459161e+03 6.453086e+03 6.516304e+03 6.522379e+03
