0.5 1.943246e+03 2.004124e+03 2.000218e+03 1.939341e+03
1.5 1.978017e+03 2.002395e+03 2.009351e+03 1.984973e+03
2.5 2.059938e+03 1.997768e+03 2.032159e+03 2.094330e+03
3.5 1.910509e+03 1.991698e+03 2.059555e+03 1.978366e+03
4.5 1.879186e+03 1.987095e+03 2.076451e+03 1.968542e+03
5.5 2.047516e+03 1.985317e+03 2.077257e+03 2.139456e+03
6.5 1.942328e+03 1.985895e+03 2.066028e+03 2.022460e+03
7.5 1.986691e+03 1.987695e+03 2.049695e+03 2.048691e+03
8.5 1.951747e+03 1.989770e+03 2.033508e+03 1.995485e+03
9.5 1.931935e+03 1.991615e+03 2.020002e+03 1.960322e+03
10.5 1.923737e+03 1.993270e+03 2.008648e+03 1.939115e+03
11.5 2.014044e+03 1.996071e+03 1.992245e+03 2.010219e+03
12.5 1.925111e+03 2.001394e+03 1.964524e+03 1.888241e+03
13.5 2.040802e+03 2.007847e+03 1.934049e+03 1.967003e+03
14.5 1.962232e+03 2.012574e+03 1.915487e+03 1.865145e+03
15.5 1.961835e+03 2.014268e+03 1.914086e+03 1.861652e+03
16.5 2.036869e+03 2.013445e+03 1.925490e+03 1.948914e+03
17.5 2.005182e+03 2.011287e+03 1.942504e+03 1.936399e+03
18.5 1.958179e+03 2.008781e+03 1.959647e+03 1.909045e+03
19.5 2.030113e+03 2.006471e+03 1.974200e+03 1.997842e+03
20.5 1.954180e+03 2.004551e+03 1.985448e+03 1.935077e+03
21.5 1.983146e+03 2.003032e+03 1.993651e+03 1.973764e+03
22.5 2.010886e+03 2.001864e+03 1.999348e+03 2.008370e+03
23.5 2.048569e+03 2.000989e+03 2.003062e+03 2.050642e+03
24.5 1.987136e+03 2.000358e+03 2.005223e+03 1.992001e+03
25.5 1.997872e+03 1.999928e+03 2.006196e+03 2.004141e+03
26.5 2.036111e+03 1.999655e+03 2.006305e+03 2.042762e+03
27.5 2.048696e+03 1.999499e+03 2.005840e+03 2.055038e+03
28.5 2.029061e+03 1.999420e+03 2.005049e+03 2.034689e+03
29.5 1.993234e+03 1.999386e+03 2.004131e+03 1.997979e+03
30.5 2.019921e+03 1.999162e+03 2.004341e+03 2.025100e+03
31.5 1.981626e+03 1.997404e+03 2.012629e+03 1.996851e+03
32.5 2.082141e+03 1.992785e+03 2.034730e+03 2.124086e+03
33.5 1.964029e+03 1.986756e+03 2.061563e+03 2.038835e+03
34.5 1.980044e+03 1.982223e+03 2.078030e+03 2.075851e+03
35.5 1.990742e+03 1.980536e+03 2.078521e+03 2.088728e+03
36.5 2.008703e+03 1.981221e+03 2.067069e+03 2.094551e+03
37.5 2.051625e+03 1.983137e+03 2.050580e+03 2.119069e+03
38.5 1.940687e+03 1.985335e+03 2.034286e+03 1.989638e+03
39.5 1.993552e+03 1.987305e+03 2.020707e+03 2.026954e+03
40.5 1.944174e+03 1.989087e+03 2.009305e+03 1.964392e+03
41.5 1.985308e+03 1.992013e+03 1.992868e+03 1.986164e+03
42.5 2.046855e+03 1.997460e+03 1.965123e+03 2.014519e+03
43.5 2.011486e+03 2.004035e+03 1.934631e+03 1.942082e+03
44.5 2.004645e+03 2.008880e+03 1.916055e+03 1.911820e+03
45.5 2.041554e+03 2.010690e+03 1.914642e+03 1.945505e+03
0.5 2.019921e+03 1.999162e+03 2.004341e+03 2.025100e+03
1.5 1.981626e+03 1.997404e+03 2.012629e+03 1.996851e+03
2.5 2.082141e+03 1.992785e+03 2.034730e+03 2.124086e+03
3.5 1.964029e+03 1.986756e+03 2.061563e+03 2.038835e+03
4.5 1.980044e+03 1.982223e+03 2.078030e+03 2.075851e+03
5.5 1.990742e+03 1.980536e+03 2.078521e+03 2.088728e+03
6.5 2.008703e+03 1.981221e+03 2.067069e+03 2.094551e+03
7.5 2.051625e+03 1.983137e+03 2.050580e+03 2.119069e+03
8.5 1.940687e+03 1.985335e+03 2.034286e+03 1.989638e+03
9.5 1.993552e+03 1.987305e+03 2.020707e+03 2.026954e+03
10.5 1.944174e+03 1.989087e+03 2.009305e+03 1.964392e+03
11.5 1.985308e+03 1.992013e+03 1.992868e+03 1.986164e+03
12.5 2.046855e+03 1.997460e+03 1.965123e+03 2.014519e+03
13.5 2.011486e+03 2.004035e+03 1.934631e+03 1.942082e+03
14.5 2.004645e+03 2.008880e+03 1.916055e+03 1.911820e+03
15.5 2.041554e+03 2.010690e+03 1.914642e+03 1.945505e+03
16.5 2.073958e+03 2.009979e+03 1.926035e+03 1.990014e+03
17.5 2.068075e+03 2.007930e+03 1.943039e+03 2.003184e+03
18.5 1.934560e+03 2.005531e+03 1.960174e+03 1.889203e+03
19.5 1.973529e+03 2.003325e+03 1.974718e+03 1.944923e+03
20.5 1.959297e+03 2.001505e+03 1.985958e+03 1.943750e+03
21.5 1.959119e+03 2.000084e+03 1.994151e+03 1.953186e+03
22.5 2.034280e+03 1.999011e+03 1.999840e+03 2.035110e+03
23.5 2.072844e+03 1.998228e+03 2.003545e+03 2.078162e+03
24.5 2.043380e+03 1.997686e+03 2.005697e+03 2.051391e+03
25.5 2.019632e+03 1.997342e+03 2.006661e+03 2.028952e+03
26.5 2.086815e+03 1.997153e+03 2.006761e+03 2.096424e+03
27.5 2.017056e+03 1.997078e+03 2.006287e+03 2.026265e+03
28.5 2.006912e+03 1.997079e+03 2.005486e+03 2.015320e+03
29.5 2.002881e+03 1.997121e+03 2.004555e+03 2.010315e+03
30.5 1.984549e+03 1.996824e+03 2.003633e+03 1.991358e+03
31.5 1.927282e+03 1.994015e+03 2.002804e+03 1.936072e+03
32.5 1.978691e+03 1.987039e+03 2.002111e+03 1.993764e+03
33.5 2.075486e+03 1.978948e+03 2.001563e+03 2.098100e+03
34.5 1.977652e+03 1.974488e+03 2.001149e+03 2.004312e+03
35.5 1.955569e+03 1.975238e+03 2.000849e+03 1.981181e+03
36.5 2.026432e+03 1.979719e+03 2.000641e+03 2.047353e+03
37.5 2.123313e+03 1.985628e+03 2.000499e+03 2.138184e+03
38.5 1.968674e+03 1.991277e+03 2.000407e+03 1.977805e+03
39.5 1.954279e+03 1.995884e+03 2.000350e+03 1.958745e+03
40.5 1.934665e+03 1.999660e+03 2.000316e+03 1.935321e+03
41.5 2.050371e+03 2.004908e+03 2.000297e+03 2.045759e+03
42.5 1.981006e+03 2.013490e+03 2.000288e+03 1.967804e+03
43.5 2.071937e+03 2.022542e+03 2.000285e+03 2.049681e+03
44.5 2.049155e+03 2.027470e+03 2.000286e+03 2.021971e+03
45.5 2.058298e+03 2.026822e+03 2.000289e+03 2.031765e+03
0.5 2.026232e+03 1.995415e+03 2.001500e+03 2.032316e+03
1.5 1.988769e+03 1.993955e+03 2.010613e+03 2.005427e+03
2.5 1.934115e+03 1.989590e+03 2.033404e+03 1.977929e+03
3.5 2.070329e+03 1.983773e+03 2.060782e+03 2.147338e+03
4.5 1.948554e+03 1.979417e+03 2.077660e+03 2.046797e+03
5.5 1.970592e+03 1.977878e+03 2.078448e+03 2.071162e+03
6.5 1.939257e+03 1.978713e+03 2.067209e+03 2.027753e+03
7.5 2.032843e+03 1.980782e+03 2.050866e+03 2.102927e+03
8.5 1.974363e+03 1.983098e+03 2.034664e+03 2.025929e+03
9.5 2.060906e+03 1.985177e+03 2.021142e+03 2.096872e+03
10.5 2.119332e+03 1.987062e+03 2.009774e+03 2.142044e+03
11.5 2.080311e+03 1.990087e+03 1.993356e+03 2.083580e+03
12.5 2.027497e+03 1.995628e+03 1.965621e+03 1.997490e+03
13.5 1.953425e+03 2.002288e+03 1.935132e+03 1.886268e+03
14.5 1.981744e+03 2.007208e+03 1.916557e+03 1.891093e+03
15.5 2.020879e+03 2.009079e+03 1.915143e+03 1.926943e+03
16.5 1.986143e+03 2.008420e+03 1.926536e+03 1.904259e+03
17.5 1.958142e+03 2.006415e+03 1.943537e+03 1.895264e+03
18.5 2.107846e+03 2.004055e+03 1.960669e+03 2.064460e+03
19.5 2.052626e+03 2.001886e+03 1.975212e+03 2.025952e+03
20.5 2.058555e+03 2.000101e+03 1.986450e+03 2.044905e+03
21.5 1.999425e+03 1.998713e+03 1.994644e+03 1.995356e+03
22.5 1.984062e+03 1.997671e+03 2.000333e+03 1.986724e+03
23.5 1.961668e+03 1.996919e+03 2.004039e+03 1.968788e+03
24.5 2.002649e+03 1.996407e+03 2.006193e+03 2.012434e+03
25.5 1.984485e+03 1.996092e+03 2.007160e+03 1.995553e+03
26.5 1.965214e+03 1.995931e+03 2.007263e+03 1.976547e+03
27.5 1.931535e+03 1.995883e+03 2.006794e+03 1.942446e+03
28.5 1.919920e+03 1.995909e+03 2.005998e+03 1.930009e+03
29.5 1.947329e+03 1.995975e+03 2.005073e+03 1.956427e+03
30.5 1.951304e+03 1.995701e+03 2.004158e+03 1.959761e+03
31.5 1.898400e+03 1.992913e+03 2.003337e+03 1.908824e+03
32.5 1.950587e+03 1.985957e+03 2.002653e+03 1.967282e+03
33.5 2.024252e+03 1.977889e+03 2.002114e+03 2.048478e+03
34.5 1.982551e+03 1.973454e+03 2.001710e+03 2.010808e+03
35.5 1.981010e+03 1.974229e+03 2.001423e+03 2.008204e+03
36.5 1.887654e+03 1.978735e+03 2.001226e+03 1.910145e+03
37.5 1.938040e+03 1.984667e+03 2.001098e+03 1.954472e+03
38.5 1.923418e+03 1.990332e+03 2.001021e+03 1.934106e+03
39.5 2.038998e+03 1.994947e+03 2.000978e+03 2.045030e+03
40.5 1.995068e+03 1.997395e+03 2.000961e+03 1.998633e+03
