0.5 1.901356e+03 1.891262e+03 1.913173e+03 1.923267e+03
1.5 1.904285e+03 1.901834e+03 1.913519e+03 1.915970e+03
2.5 2.002902e+03 1.934675e+03 1.919937e+03 1.988164e+03
3.5 2.014161e+03 1.984108e+03 1.937594e+03 1.967648e+03
4.5 2.020266e+03 2.030554e+03 1.964817e+03 1.954529e+03
5.5 2.104312e+03 2.061157e+03 1.995333e+03 2.038488e+03
6.5 2.005519e+03 2.074864e+03 2.023222e+03 1.953878e+03
7.5 2.090030e+03 2.076728e+03 2.045278e+03 2.058581e+03
8.5 2.051042e+03 2.072319e+03 2.060829e+03 2.039552e+03
9.5 1.999379e+03 2.065420e+03 2.070645e+03 2.004604e+03
10.5 2.045331e+03 2.057973e+03 2.075981e+03 2.063339e+03
11.5 2.066326e+03 2.050788e+03 2.078054e+03 2.093593e+03
12.5 2.045272e+03 2.044174e+03 2.077867e+03 2.078965e+03
13.5 2.086669e+03 2.038281e+03 2.076201e+03 2.124589e+03
14.5 1.994014e+03 2.033213e+03 2.073660e+03 2.034461e+03
15.5 2.106851e+03 2.029023e+03 2.070710e+03 2.148538e+03
16.5 2.032019e+03 2.025697e+03 2.067697e+03 2.074018e+03
17.5 2.009034e+03 2.023157e+03 2.064858e+03 2.050735e+03
18.5 2.059911e+03 2.021272e+03 2.062338e+03 2.100977e+03
19.5 2.030226e+03 2.019890e+03 2.060202e+03 2.070537e+03
20.5 2.024587e+03 2.018512e+03 2.058453e+03 2.064528e+03
21.5 1.985336e+03 2.014858e+03 2.056216e+03 2.026695e+03
22.5 2.010819e+03 2.007188e+03 2.048232e+03 2.051863e+03
23.5 2.045094e+03 1.998494e+03 2.029279e+03 2.075879e+03
24.5 2.029196e+03 1.993482e+03 2.000977e+03 2.036691e+03
25.5 2.002622e+03 1.993709e+03 1.969551e+03 1.978464e+03
26.5 1.931155e+03 1.997683e+03 1.940878e+03 1.874350e+03
27.5 1.970146e+03 2.003096e+03 1.918132e+03 1.885183e+03
28.5 1.962732e+03 2.008254e+03 1.901960e+03 1.856437e+03
29.5 1.932437e+03 2.012380e+03 1.891573e+03 1.811629e+03
30.5 1.964413e+03 2.015683e+03 1.885707e+03 1.834438e+03
31.5 2.032491e+03 2.020479e+03 1.883981e+03 1.895993e+03
32.5 2.115264e+03 2.028621e+03 1.890607e+03 1.977249e+03
33.5 2.020047e+03 2.037229e+03 1.909944e+03 1.892762e+03
34.5 2.078428e+03 2.041724e+03 1.939708e+03 1.976412e+03
35.5 2.030702e+03 2.040654e+03 1.973160e+03 1.963208e+03
36.5 1.957855e+03 2.035605e+03 2.004037e+03 1.926287e+03
37.5 1.914776e+03 2.028975e+03 2.028896e+03 1.914697e+03
38.5 2.065120e+03 2.022533e+03 2.046925e+03 2.089512e+03
39.5 1.964316e+03 2.017122e+03 2.058832e+03 2.006026e+03
40.5 1.992714e+03 2.012930e+03 2.065868e+03 2.045652e+03
41.5 2.003021e+03 2.009834e+03 2.069282e+03 2.062469e+03
42.5 1.966931e+03 2.007627e+03 2.070130e+03 2.029434e+03
43.5 2.025834e+03 2.006117e+03 2.069252e+03 2.088969e+03
44.5 1.966886e+03 2.005145e+03 2.067309e+03 2.029050e+03
45.5 2.069677e+03 2.004578e+03 2.064816e+03 2.129914e+03
46.5 1.989944e+03 2.004302e+03 2.062157e+03 2.047799e+03
47.5 2.083362e+03 2.004214e+03 2.059601e+03 2.138749e+03
48.5 1.952503e+03 2.004230e+03 2.057315e+03 2.005587e+03
49.5 2.056009e+03 2.004285e+03 2.055379e+03 2.107103e+03
50.5 1.943246e+03 2.004124e+03 2.053808e+03 1.992931e+03
51.5 1.978017e+03 2.002395e+03 2.051734e+03 2.027356e+03
52.5 2.059938e+03 1.997768e+03 2.043902e+03 2.106072e+03
53.5 1.910509e+03 1.991698e+03 2.025097e+03 1.943907e+03
54.5 1.879186e+03 1.987095e+03 1.996942e+03 1.889032e+03
55.5 2.047516e+03 1.985317e+03 1.965661e+03 2.027861e+03
0.5 1.964413e+03 2.015683e+03 1.885707e+03 1.834438e+03
1.5 2.032491e+03 2.020479e+03 1.883981e+03 1.895993e+03
2.5 2.115264e+03 2.028621e+03 1.890607e+03 1.977249e+03
3.5 2.020047e+03 2.037229e+03 1.909944e+03 1.892762e+03
4.5 2.078428e+03 2.041724e+03 1.939708e+03 1.976412e+03
5.5 2.030702e+03 2.040654e+03 1.973160e+03 1.963208e+03
6.5 1.957855e+03 2.035605e+03 2.004037e+03 1.926287e+03
7.5 1.914776e+03 2.028975e+03 2.028896e+03 1.914697e+03
8.5 2.065120e+03 2.022533e+03 2.046925e+03 2.089512e+03
9.5 1.964316e+03 2.017122e+03 2.058832e+03 2.006026e+03
10.5 1.992714e+03 2.012930e+03 2.065868e+03 2.045652e+03
11.5 2.003021e+03 2.009834e+03 2.069282e+03 2.062469e+03
12.5 1.966931e+03 2.007627e+03 2.070130e+03 2.029434e+03
13.5 2.025834e+03 2.006117e+03 2.069252e+03 2.088969e+03
14.5 1.966886e+03 2.005145e+03 2.067309e+03 2.029050e+03
15.5 2.069677e+03 2.004578e+03 2.064816e+03 2.129914e+03
16.5 1.989944e+03 2.004302e+03 2.062157e+03 2.047799e+03
17.5 2.083362e+03 2.004214e+03 2.059601e+03 2.138749e+03
18.5 1.952503e+03 2.004230e+03 2.057315e+03 2.005587e+03
19.5 2.056009e+03 2.004285e+03 2.055379e+03 2.107103e+03
20.5 1.943246e+03 2.004124e+03 2.053808e+03 1.992931e+03
21.5 1.978017e+03 2.002395e+03 2.051734e+03 2.027356e+03
22.5 2.059938e+03 1.997768e+03 2.043902e+03 2.106072e+03
23.5 1.910509e+03 1.991698e+03 2.025097e+03 1.943907e+03
24.5 1.879186e+03 1.987095e+03 1.996942e+03 1.889032e+03
25.5 2.047516e+03 1.985317e+03 1.965661e+03 2.027861e+03
26.5 1.942328e+03 1.985895e+03 1.937133e+03 1.893565e+03
27.5 1.986691e+03 1.987695e+03 1.914530e+03 1.913525e+03
28.5 1.951747e+03 1.989770e+03 1.898498e+03 1.860475e+03
29.5 1.931935e+03 1.991615e+03 1.888248e+03 1.828568e+03
30.5 1.923737e+03 1.993270e+03 1.882515e+03 1.812982e+03
31.5 2.014044e+03 1.996071e+03 1.880918e+03 1.898891e+03
32.5 1.925111e+03 2.001394e+03 1.887654e+03 1.811371e+03
33.5 2.040802e+03 2.007847e+03 1.907098e+03 1.940053e+03
34.5 1.962232e+03 2.012574e+03 1.936966e+03 1.886624e+03
35.5 1.961835e+03 2.014268e+03 1.970519e+03 1.918085e+03
36.5 2.036869e+03 2.013445e+03 2.001494e+03 2.024917e+03
37.5 2.005182e+03 2.011287e+03 2.026448e+03 2.020343e+03
38.5 1.958179e+03 2.008781e+03 2.044570e+03 1.993968e+03
39.5 2.030113e+03 2.006471e+03 2.056567e+03 2.080209e+03
40.5 1.954180e+03 2.004551e+03 2.063690e+03 2.013319e+03
41.5 1.983146e+03 2.003032e+03 2.067189e+03 2.047302e+03
42.5 2.010886e+03 2.001864e+03 2.068120e+03 2.077141e+03
43.5 2.048569e+03 2.000989e+03 2.067322e+03 2.114901e+03
44.5 1.987136e+03 2.000358e+03 2.065457e+03 2.052235e+03
45.5 1.997872e+03 1.999928e+03 2.063039e+03 2.060983e+03
46.5 2.036111e+03 1.999655e+03 2.060453e+03 2.096910e+03
47.5 2.048696e+03 1.999499e+03 2.057969e+03 2.107167e+03
48.5 2.029061e+03 1.999420e+03 2.055753e+03 2.085393e+03
49.5 1.993234e+03 1.999386e+03 2.053885e+03 2.047733e+03
50.5 2.019921e+03 1.999162e+03 2.052380e+03 2.073139e+03
51.5 1.981626e+03 1.997404e+03 2.050369e+03 2.034591e+03
52.5 2.082141e+03 1.992785e+03 2.042600e+03 2.131955e+03
53.5 1.964029e+03 1.986756e+03 2.023855e+03 2.001128e+03
54.5 1.980044e+03 1.982223e+03 1.995760e+03 1.993581e+03
55.5 1.990742e+03 1.980536e+03 1.964537e+03 1.974744e+03
0.5 1.923737e+03 1.993270e+03 1.882515e+03 1.812982e+03
1.5 2.014044e+03 1.996071e+03 1.880918e+03 1.898891e+03
2.5 1.925111e+03 2.001394e+03 1.887654e+03 1.811371e+03
3.5 2.040802e+03 2.007847e+03 1.907098e+03 1.940053e+03
4.5 1.962232e+03 2.012574e+03 1.936966e+03 1.886624e+03
5.5 1.961835e+03 2.014268e+03 1.970519e+03 1.918085e+03
6.5 2.036869e+03 2.013445e+03 2.001494e+03 2.024917e+03
7.5 2.005182e+03 2.011287e+03 2.026448e+03 2.020343e+03
8.5 1.958179e+03 2.008781e+03 2.044570e+03 1.993968e+03
9.5 2.030113e+03 2.006471e+03 2.056567e+03 2.080209e+03
10.5 1.954180e+03 2.004551e+03 2.063690e+03 2.013319e+03
11.5 1.983146e+03 2.003032e+03 2.067189e+03 2.047302e+03
12.5 2.010886e+03 2.001864e+03 2.068120e+03 2.077141e+03
13.5 2.048569e+03 2.000989e+03 2.067322e+03 2.114901e+03
14.5 1.987136e+03 2.000358e+03 2.065457e+03 2.052235e+03
15.5 1.997872e+03 1.999928e+03 2.063039e+03 2.060983e+03
16.5 2.036111e+03 1.999655e+03 2.060453e+03 2.096910e+03
17.5 2.048696e+03 1.999499e+03 2.057969e+03 2.107167e+03
18.5 2.029061e+03 1.999420e+03 2.055753e+03 2.085393e+03
19.5 1.993234e+03 1.999386e+03 2.053885e+03 2.047733e+03
20.5 2.019921e+03 1.999162e+03 2.052380e+03 2.073139e+03
21.5 1.981626e+03 1.997404e+03 2.050369e+03 2.034591e+03
22.5 2.082141e+03 1.992785e+03 2.042600e+03 2.131955e+03
23.5 1.964029e+03 1.986756e+03 2.023855e+03 2.001128e+03
24.5 1.980044e+03 1.982223e+03 1.995760e+03 1.993581e+03
25.5 1.990742e+03 1.980536e+03 1.964537e+03 1.974744e+03
26.5 2.008703e+03 1.981221e+03 1.936065e+03 1.963547e+03
27.5 2.051625e+03 1.983137e+03 1.913517e+03 1.982006e+03
28.5 1.940687e+03 1.985335e+03 1.897539e+03 1.852891e+03
29.5 1.993552e+03 1.987305e+03 1.887341e+03 1.893588e+03
30.5 1.944174e+03 1.989087e+03 1.881660e+03 1.836747e+03
31.5 1.985308e+03 1.992013e+03 1.880112e+03 1.873408e+03
32.5 2.046855e+03 1.997460e+03 1.886897e+03 1.936293e+03
33.5 2.011486e+03 2.004035e+03 1.906390e+03 1.913841e+03
34.5 2.004645e+03 2.008880e+03 1.936304e+03 1.932069e+03
35.5 2.041554e+03 2.010690e+03 1.969903e+03 2.000767e+03
36.5 2.073958e+03 2.009979e+03 2.000924e+03 2.064902e+03
37.5 2.068075e+03 2.007930e+03 2.025922e+03 2.086067e+03
38.5 1.934560e+03 2.005531e+03 2.044088e+03 1.973117e+03
39.5 1.973529e+03 2.003325e+03 2.056129e+03 2.026333e+03
40.5 1.959297e+03 2.001505e+03 2.063294e+03 2.021086e+03
41.5 1.959119e+03 2.000084e+03 2.066835e+03 2.025870e+03
42.5 2.034280e+03 1.999011e+03 2.067807e+03 2.103076e+03
43.5 2.072844e+03 1.998228e+03 2.067050e+03 2.141667e+03
44.5 2.043380e+03 1.997686e+03 2.065225e+03 2.110919e+03
45.5 2.019632e+03 1.997342e+03 2.062848e+03 2.085138e+03
46.5 2.086815e+03 1.997153e+03 2.060302e+03 2.149965e+03
47.5 2.017056e+03 1.997078e+03 2.057858e+03 2.077836e+03
48.5 2.006912e+03 1.997079e+03 2.055681e+03 2.065514e+03
49.5 2.002881e+03 1.997121e+03 2.053852e+03 2.059612e+03
50.5 1.984549e+03 1.996824e+03 2.052387e+03 2.040112e+03
51.5 1.927282e+03 1.994015e+03 2.050415e+03 1.983682e+03
52.5 1.978691e+03 1.987039e+03 2.042685e+03 2.034337e+03
53.5 2.075486e+03 1.978948e+03 2.023980e+03 2.120517e+03
54.5 1.977652e+03 1.974488e+03 1.995923e+03 1.999087e+03
55.5 1.955569e+03 1.975238e+03 1.964740e+03 1.945072e+03
0.5 1.944174e+03 1.989087e+03 1.881660e+03 1.836747e+03
1.5 1.985308e+03 1.992013e+03 1.880112e+03 1.873408e+03
2.5 2.046855e+03 1.997460e+03 1.886897e+03 1.936293e+03
3.5 2.011486e+03 2.004035e+03 1.906390e+03 1.913841e+03
4.5 2.004645e+03 2.008880e+03 1.936304e+03 1.932069e+03
5.5 2.041554e+03 2.010690e+03 1.969903e+03 2.000767e+03
6.5 2.073958e+03 2.009979e+03 2.000924e+03 2.064902e+03
7.5 2.068075e+03 2.007930e+03 2.025922e+03 2.086067e+03
8.5 1.934560e+03 2.005531e+03 2.044088e+03 1.973117e+03
9.5 1.973529e+03 2.003325e+03 2.056129e+03 2.026333e+03
10.5 1.959297e+03 2.001505e+03 2.063294e+03 2.021086e+03
11.5 1.959119e+03 2.000084e+03 2.066835e+03 2.025870e+03
12.5 2.034280e+03 1.999011e+03 2.067807e+03 2.103076e+03
13.5 2.072844e+03 1.998228e+03 2.067050e+03 2.141667e+03
14.5 2.043380e+03 1.997686e+03 2.065225e+03 2.110919e+03
15.5 2.019632e+03 1.997342e+03 2.062848e+03 2.085138e+03
16.5 2.086815e+03 1.997153e+03 2.060302e+03 2.149965e+03
17.5 2.017056e+03 1.997078e+03 2.057858e+03 2.077836e+03
18.5 2.006912e+03 1.997079e+03 2.055681e+03 2.065514e+03
19.5 2.002881e+03 1.997121e+03 2.053852e+03 2.059612e+03
20.5 1.984549e+03 1.996824e+03 2.052387e+03 2.040112e+03
21.5 1.927282e+03 1.994015e+03 2.050415e+03 1.983682e+03
22.5 1.978691e+03 1.987039e+03 2.042685e+03 2.034337e+03
23.5 2.075486e+03 1.978948e+03 2.023980e+03 2.120517e+03
24.5 1.977652e+03 1.974488e+03 1.995923e+03 1.999087e+03
25.5 1.955569e+03 1.975238e+03 1.964740e+03 1.945072e+03
26.5 2.026432e+03 1.979719e+03 1.936308e+03 1.983020e+03
27.5 2.123313e+03 1.985628e+03 1.913800e+03 2.051485e+03
28.5 1.968674e+03 1.991277e+03 1.897862e+03 1.875259e+03
29.5 1.954279e+03 1.995884e+03 1.887705e+03 1.846100e+03
30.5 1.934665e+03 1.999660e+03 1.882065e+03 1.817070e+03
31.5 2.050371e+03 2.004908e+03 1.880559e+03 1.926021e+03
32.5 1.981006e+03 2.013490e+03 1.887386e+03 1.854902e+03
33.5 2.071937e+03 2.022542e+03 1.906921e+03 1.956316e+03
34.5 2.049155e+03 2.027470e+03 1.936879e+03 1.958564e+03
35.5 2.058298e+03 2.026822e+03 1.970522e+03 2.001998e+03
36.5 2.080333e+03 2.022183e+03 2.001587e+03 2.059738e+03
37.5 2.041774e+03 2.015953e+03 2.026632e+03 2.052453e+03
38.5 2.007251e+03 2.009902e+03 2.044844e+03 2.042193e+03
39.5 1.925068e+03 2.004871e+03 2.056932e+03 1.977128e+03
40.5 2.034026e+03 2.001048e+03 2.064146e+03 2.097123e+03
41.5 1.898803e+03 1.998311e+03 2.067736e+03 1.968228e+03
42.5 1.937655e+03 1.996454e+03 2.068758e+03 2.009959e+03
43.5 2.047042e+03 1.995284e+03 2.068053e+03 2.119812e+03
44.5 2.018082e+03 1.994642e+03 2.066282e+03 2.089722e+03
45.5 1.942156e+03 1.994397e+03 2.063959e+03 2.011718e+03
46.5 2.122715e+03 1.994432e+03 2.061469e+03 2.189752e+03
47.5 2.059160e+03 1.994647e+03 2.059081e+03 2.123594e+03
48.5 2.010036e+03 1.994958e+03 2.056963e+03 2.072041e+03
49.5 2.003506e+03 1.995299e+03 2.055194e+03 2.063402e+03
50.5 2.026232e+03 1.995415e+03 2.053790e+03 2.084607e+03
51.5 1.988769e+03 1.993955e+03 2.051882e+03 2.046696e+03
52.5 1.934115e+03 1.989590e+03 2.044217e+03 1.988741e+03
53.5 2.070329e+03 1.983773e+03 2.025579e+03 2.112134e+03
54.5 1.948554e+03 1.979417e+03 1.997591e+03 1.966728e+03
55.5 1.970592e+03 1.977878e+03 1.966479e+03 1.959193e+03
0.5 1.934665e+03 1.999660e+03 1.882065e+03 1.817070e+03
1.5 2.050371e+03 2.004908e+03 1.880559e+03 1.926021e+03
2.5 1.981006e+03 2.013490e+03 1.887386e+03 1.854902e+03
3.5 2.071937e+03 2.022542e+03 1.906921e+03 1.956316e+03
4.5 2.049155e+03 2.027470e+03 1.936879e+03 1.958564e+03
5.5 2.058298e+03 2.026822e+03 1.970522e+03 2.001998e+03
6.5 2.080333e+03 2.022183e+03 2.001587e+03 2.059738e+03
7.5 2.041774e+03 2.015953e+03 2.026632e+03 2.052453e+03
8.5 2.007251e+03 2.009902e+03 2.044844e+03 2.042193e+03
9.5 1.925068e+03 2.004871e+03 2.056932e+03 1.977128e+03
10.5 2.034026e+03 2.001048e+03 2.064146e+03 2.097123e+03
11.5 1.898803e+03 1.998311e+03 2.067736e+03 1.968228e+03
12.5 1.937655e+03 1.996454e+03 2.068758e+03 2.009959e+03
13.5 2.047042e+03 1.995284e+03 2.068053e+03 2.119812e+03
14.5 2.018082e+03 1.994642e+03 2.066282e+03 2.089722e+03
15.5 1.942156e+03 1.994397e+03 2.063959e+03 2.011718e+03
16.5 2.122715e+03 1.994432e+03 2.061469e+03 2.189752e+03
17.5 2.059160e+03 1.994647e+03 2.059081e+03 2.123594e+03
18.5 2.010036e+03 1.994958e+03 2.056963e+03 2.072041e+03
19.5 2.003506e+03 1.995299e+03 2.055194e+03 2.063402e+03
20.5 2.026232e+03 1.995415e+03 2.053790e+03 2.084607e+03
21.5 1.988769e+03 1.993955e+03 2.051882e+03 2.046696e+03
22.5 1.934115e+03 1.989590e+03 2.044217e+03 1.988741e+03
23.5 2.070329e+03 1.983773e+03 2.025579e+03 2.112134e+03
24.5 1.948554e+03 1.979417e+03 1.997591e+03 1.966728e+03
25.5 1.970592e+03 1.977878e+03 1.966479e+03 1.959193e+03
26.5 1.939257e+03 1.978713e+03 1.938119e+03 1.898663e+03
27.5 2.032843e+03 1.980782e+03 1.915698e+03 1.967759e+03
28.5 1.974363e+03 1.983098e+03 1.899851e+03 1.891116e+03
29.5 2.060906e+03 1.985177e+03 1.889788e+03 1.965518e+03
30.5 2.119332e+03 1.987062e+03 1.884245e+03 2.016515e+03
31.5 2.080311e+03 1.990087e+03 1.882840e+03 1.973064e+03
32.5 2.027497e+03 1.995628e+03 1.889771e+03 1.921639e+03
33.5 1.953425e+03 2.002288e+03 1.909413e+03 1.860549e+03
34.5 1.981744e+03 2.007208e+03 1.939478e+03 1.914014e+03
35.5 2.020879e+03 2.009079e+03 1.973227e+03 1.985027e+03
36.5 1.986143e+03 2.008420e+03 2.004395e+03 1.982118e+03
37.5 1.958142e+03 2.006415e+03 2.029539e+03 1.981266e+03
38.5 2.107846e+03 2.004055e+03 2.047849e+03 2.151640e+03
39.5 2.052626e+03 2.001886e+03 2.060034e+03 2.110774e+03
40.5 2.058555e+03 2.000101e+03 2.067345e+03 2.125799e+03
41.5 1.999425e+03 1.998713e+03 2.071033e+03 2.071746e+03
42.5 1.984062e+03 1.997671e+03 2.072155e+03 2.058546e+03
43.5 1.961668e+03 1.996919e+03 2.071552e+03 2.036302e+03
44.5 2.002649e+03 1.996407e+03 2.069886e+03 2.076128e+03
45.5 1.984485e+03 1.996092e+03 2.067672e+03 2.056065e+03
46.5 1.965214e+03 1.995931e+03 2.065295e+03 2.034578e+03
47.5 1.931535e+03 1.995883e+03 2.063024e+03 1.998677e+03
48.5 1.919920e+03 1.995909e+03 2.061027e+03 1.985038e+03
49.5 1.947329e+03 1.995975e+03 2.059384e+03 2.010737e+03
50.5 1.951304e+03 1.995701e+03 2.058109e+03 2.013712e+03
51.5 1.898400e+03 1.992913e+03 2.056335e+03 1.961822e+03
52.5 1.950587e+03 1.985957e+03 2.048808e+03 2.013438e+03
53.5 2.024252e+03 1.977889e+03 2.030316e+03 2.076680e+03
54.5 1.982551e+03 1.973454e+03 2.002488e+03 2.011585e+03
55.5 1.981010e+03 1.974229e+03 1.971554e+03 1.978335e+03
0.5 2.119332e+03 1.987062e+03 1.884245e+03 2.016515e+03
1.5 2.080311e+03 1.990087e+03 1.882840e+03 1.973064e+03
2.5 2.027497e+03 1.995628e+03 1.889771e+03 1.921639e+03
3.5 1.953425e+03 2.002288e+03 1.909413e+03 1.860549e+03
4.5 1.981744e+03 2.007208e+03 1.939478e+03 1.914014e+03
5.5 2.020879e+03 2.009079e+03 1.973227e+03 1.985027e+03
6.5 1.986143e+03 2.008420e+03 2.004395e+03 1.982118e+03
7.5 1.958142e+03 2.006415e+03 2.029539e+03 1.981266e+03
8.5 2.107846e+03 2.004055e+03 2.047849e+03 2.151640e+03
9.5 2.052626e+03 2.001886e+03 2.060034e+03 2.110774e+03
10.5 2.058555e+03 2.000101e+03 2.067345e+03 2.125799e+03
11.5 1.999425e+03 1.998713e+03 2.071033e+03 2.071746e+03
12.5 1.984062e+03 1.997671e+03 2.072155e+03 2.058546e+03
13.5 1.961668e+03 1.996919e+03 2.071552e+03 2.036302e+03
14.5 2.002649e+03 1.996407e+03 2.069886e+03 2.076128e+03
15.5 1.984485e+03 1.996092e+03 2.067672e+03 2.056065e+03
16.5 1.965214e+03 1.995931e+03 2.065295e+03 2.034578e+03
17.5 1.931535e+03 1.995883e+03 2.063024e+03 1.998677e+03
18.5 1.919920e+03 1.995909e+03 2.061027e+03 1.985038e+03
19.5 1.947329e+03 1.995975e+03 2.059384e+03 2.010737e+03
20.5 1.951304e+03 1.995701e+03 2.058109e+03 2.013712e+03
21.5 1.898400e+03 1.992913e+03 2.056335e+03 1.961822e+03
22.5 1.950587e+03 1.985957e+03 2.048808e+03 2.013438e+03
23.5 2.024252e+03 1.977889e+03 2.030316e+03 2.076680e+03
24.5 1.982551e+03 1.973454e+03 2.002488e+03 2.011585e+03
25.5 1.981010e+03 1.974229e+03 1.971554e+03 1.978335e+03
26.5 1.887654e+03 1.978735e+03 1.943394e+03 1.852313e+03
27.5 1.938040e+03 1.984667e+03 1.921184e+03 1.874557e+03
28.5 1.923418e+03 1.990332e+03 1.905566e+03 1.838651e+03
29.5 2.038998e+03 1.994947e+03 1.895748e+03 1.939799e+03
30.5 1.995068e+03 1.997395e+03 1.890461e+03 1.888134e+03
