0.5 2.748979e+03 2.734326e+03 2.724024e+03 2.738678e+03
1.5 2.757348e+03 2.733863e+03 2.729396e+03 2.752882e+03
2.5 2.716740e+03 2.733586e+03 2.742814e+03 2.725967e+03
3.5 2.702484e+03 2.733600e+03 2.758930e+03 2.727815e+03
4.5 2.704815e+03 2.733867e+03 2.768869e+03 2.739816e+03
5.5 2.738733e+03 2.734248e+03 2.769343e+03 2.773828e+03
6.5 2.732018e+03 2.734601e+03 2.762737e+03 2.760154e+03
7.5 2.714874e+03 2.734845e+03 2.753130e+03 2.733159e+03
8.5 2.741098e+03 2.734959e+03 2.743607e+03 2.749746e+03
9.5 2.700575e+03 2.734954e+03 2.735662e+03 2.701283e+03
10.5 2.690353e+03 2.734857e+03 2.728983e+03 2.684479e+03
11.5 2.734227e+03 2.734684e+03 2.719334e+03 2.718877e+03
12.5 2.734544e+03 2.734349e+03 2.703027e+03 2.703222e+03
13.5 2.751048e+03 2.733747e+03 2.685099e+03 2.702400e+03
14.5 2.724059e+03 2.732913e+03 2.674180e+03 2.665326e+03
15.5 2.729519e+03 2.731989e+03 2.673356e+03 2.670886e+03
16.5 2.719606e+03 2.731114e+03 2.680065e+03 2.668557e+03
17.5 2.706982e+03 2.730371e+03 2.690073e+03 2.666684e+03
18.5 2.728608e+03 2.729784e+03 2.700158e+03 2.698982e+03
19.5 2.738350e+03 2.729339e+03 2.708719e+03 2.717730e+03
20.5 2.722717e+03 2.729011e+03 2.715336e+03 2.709042e+03
21.5 2.718071e+03 2.728771e+03 2.720161e+03 2.709461e+03
22.5 2.720720e+03 2.728596e+03 2.723513e+03 2.715637e+03
23.5 2.690524e+03 2.728466e+03 2.725697e+03 2.687755e+03
24.5 2.730432e+03 2.728368e+03 2.726968e+03 2.729032e+03
25.5 2.742466e+03 2.728289e+03 2.727541e+03 2.741718e+03
26.5 2.722289e+03 2.728220e+03 2.727605e+03 2.721675e+03
27.5 2.767374e+03 2.728155e+03 2.727331e+03 2.766550e+03
28.5 2.734676e+03 2.728090e+03 2.726866e+03 2.733452e+03
29.5 2.733734e+03 2.728023e+03 2.726326e+03 2.732037e+03
30.5 2.759266e+03 2.727952e+03 2.726449e+03 2.757763e+03
31.5 2.745251e+03 2.727889e+03 2.731325e+03 2.748687e+03
32.5 2.722556e+03 2.727943e+03 2.744326e+03 2.738940e+03
33.5 2.719380e+03 2.728235e+03 2.760111e+03 2.751256e+03
34.5 2.705822e+03 2.728747e+03 2.769798e+03 2.746873e+03
35.5 2.751265e+03 2.729348e+03 2.770087e+03 2.792004e+03
36.5 2.734722e+03 2.729906e+03 2.763350e+03 2.768166e+03
37.5 2.744208e+03 2.730345e+03 2.753650e+03 2.767513e+03
38.5 2.729227e+03 2.730646e+03 2.744065e+03 2.742646e+03
39.5 2.734069e+03 2.730821e+03 2.736077e+03 2.739325e+03
40.5 2.729596e+03 2.730901e+03 2.729369e+03 2.728065e+03
41.5 2.701110e+03 2.730900e+03 2.719701e+03 2.689911e+03
42.5 2.702448e+03 2.730733e+03 2.703379e+03 2.675095e+03
43.5 2.727167e+03 2.730296e+03 2.685442e+03 2.682313e+03
44.5 2.718622e+03 2.729623e+03 2.674515e+03 2.663513e+03
45.5 2.730136e+03 2.728857e+03 2.673683e+03 2.674963e+03
0.5 2.759266e+03 2.727952e+03 2.726449e+03 2.757763e+03
1.5 2.745251e+03 2.727889e+03 2.731325e+03 2.748687e+03
2.5 2.722556e+03 2.727943e+03 2.744326e+03 2.738940e+03
3.5 2.719380e+03 2.728235e+03 2.760111e+03 2.751256e+03
4.5 2.705822e+03 2.728747e+03 2.769798e+03 2.746873e+03
5.5 2.751265e+03 2.729348e+03 2.770087e+03 2.792004e+03
6.5 2.734722e+03 2.729906e+03 2.763350e+03 2.768166e+03
7.5 2.744208e+03 2.730345e+03 2.753650e+03 2.767513e+03
8.5 2.729227e+03 2.730646e+03 2.744065e+03 2.742646e+03
9.5 2.734069e+03 2.730821e+03 2.736077e+03 2.739325e+03
10.5 2.729596e+03 2.730901e+03 2.729369e+03 2.728065e+03
11.5 2.701110e+03 2.730900e+03 2.719701e+03 2.689911e+03
12.5 2.702448e+03 2.730733e+03 2.703379e+03 2.675095e+03
13.5 2.727167e+03 2.730296e+03 2.685442e+03 2.682313e+03
14.5 2.718622e+03 2.729623e+03 2.674515e+03 2.663513e+03
15.5 2.730136e+03 2.728857e+03 2.673683e+03 2.674963e+03
16.5 2.736031e+03 2.728136e+03 2.680386e+03 2.688280e+03
17.5 2.731607e+03 2.727545e+03 2.690388e+03 2.694450e+03
18.5 2.735432e+03 2.727106e+03 2.700468e+03 2.708794e+03
19.5 2.746255e+03 2.726806e+03 2.709024e+03 2.728472e+03
20.5 2.735030e+03 2.726620e+03 2.715635e+03 2.724045e+03
21.5 2.721070e+03 2.726519e+03 2.720455e+03 2.715007e+03
22.5 2.739412e+03 2.726480e+03 2.723802e+03 2.736734e+03
23.5 2.718032e+03 2.726483e+03 2.725981e+03 2.717530e+03
24.5 2.743578e+03 2.726515e+03 2.727247e+03 2.744311e+03
25.5 2.738774e+03 2.726563e+03 2.727814e+03 2.740025e+03
26.5 2.761727e+03 2.726618e+03 2.727873e+03 2.762982e+03
27.5 2.746102e+03 2.726675e+03 2.727594e+03 2.747021e+03
28.5 2.720186e+03 2.726729e+03 2.727123e+03 2.720581e+03
29.5 2.719266e+03 2.726778e+03 2.726576e+03 2.719063e+03
30.5 2.682260e+03 2.726569e+03 2.726033e+03 2.681724e+03
31.5 2.664300e+03 2.724308e+03 2.725546e+03 2.665538e+03
32.5 2.711414e+03 2.717110e+03 2.725138e+03 2.719441e+03
33.5 2.718297e+03 2.705417e+03 2.724815e+03 2.737694e+03
34.5 2.707057e+03 2.693124e+03 2.724572e+03 2.738504e+03
35.5 2.720223e+03 2.683421e+03 2.724396e+03 2.761197e+03
36.5 2.686302e+03 2.677231e+03 2.724273e+03 2.733345e+03
37.5 2.687405e+03 2.673993e+03 2.724190e+03 2.737602e+03
38.5 2.678791e+03 2.672740e+03 2.724135e+03 2.730186e+03
39.5 2.631365e+03 2.672667e+03 2.724102e+03 2.682800e+03
40.5 2.632289e+03 2.673503e+03 2.724082e+03 2.682868e+03
41.5 2.639117e+03 2.676744e+03 2.724071e+03 2.686443e+03
42.5 2.707398e+03 2.685093e+03 2.724065e+03 2.746370e+03
43.5 2.739500e+03 2.697986e+03 2.724064e+03 2.765578e+03
44.5 2.735098e+03 2.711437e+03 2.724064e+03 2.747726e+03
45.5 2.765051e+03 2.722187e+03 2.724066e+03 2.766929e+03
0.5 2.724698e+03 2.728684e+03 2.724778e+03 2.720792e+03
1.5 2.725973e+03 2.728605e+03 2.730139e+03 2.727508e+03
2.5 2.746778e+03 2.728706e+03 2.743546e+03 2.761618e+03
3.5 2.752525e+03 2.729090e+03 2.759652e+03 2.783086e+03
4.5 2.737687e+03 2.729721e+03 2.769580e+03 2.777546e+03
5.5 2.740817e+03 2.730459e+03 2.770044e+03 2.780401e+03
6.5 2.736025e+03 2.731177e+03 2.763432e+03 2.768280e+03
7.5 2.752490e+03 2.731797e+03 2.753819e+03 2.774511e+03
8.5 2.719709e+03 2.732269e+03 2.744287e+03 2.731727e+03
9.5 2.765683e+03 2.732619e+03 2.736333e+03 2.769397e+03
10.5 2.769030e+03 2.732872e+03 2.729645e+03 2.765803e+03
11.5 2.778091e+03 2.733046e+03 2.719988e+03 2.765033e+03
12.5 2.741827e+03 2.733052e+03 2.703672e+03 2.712447e+03
13.5 2.741922e+03 2.732785e+03 2.685737e+03 2.694874e+03
14.5 2.740275e+03 2.732277e+03 2.674810e+03 2.682808e+03
15.5 2.709008e+03 2.731667e+03 2.673978e+03 2.651319e+03
16.5 2.722626e+03 2.731098e+03 2.680680e+03 2.672208e+03
17.5 2.750298e+03 2.730652e+03 2.690681e+03 2.710327e+03
18.5 2.743857e+03 2.730355e+03 2.700759e+03 2.714261e+03
19.5 2.767427e+03 2.730196e+03 2.709314e+03 2.746545e+03
20.5 2.768596e+03 2.730148e+03 2.715925e+03 2.754373e+03
21.5 2.747398e+03 2.730186e+03 2.720745e+03 2.737957e+03
22.5 2.694220e+03 2.730286e+03 2.724092e+03 2.688025e+03
23.5 2.736102e+03 2.730430e+03 2.726272e+03 2.731944e+03
24.5 2.729578e+03 2.730603e+03 2.727539e+03 2.726514e+03
25.5 2.719411e+03 2.730793e+03 2.728108e+03 2.716725e+03
26.5 2.687418e+03 2.730993e+03 2.728169e+03 2.684594e+03
27.5 2.678961e+03 2.731196e+03 2.727892e+03 2.675657e+03
28.5 2.712948e+03 2.731398e+03 2.727424e+03 2.708974e+03
29.5 2.705371e+03 2.731597e+03 2.726880e+03 2.700655e+03
30.5 2.731589e+03 2.731541e+03 2.726342e+03 2.726390e+03
31.5 2.724797e+03 2.729434e+03 2.725859e+03 2.721222e+03
32.5 2.708232e+03 2.722395e+03 2.725456e+03 2.711294e+03
33.5 2.715848e+03 2.710866e+03 2.725139e+03 2.730121e+03
34.5 2.685926e+03 2.698745e+03 2.724902e+03 2.712082e+03
35.5 2.667270e+03 2.689225e+03 2.724733e+03 2.702777e+03
36.5 2.646550e+03 2.683227e+03 2.724617e+03 2.687941e+03
37.5 2.661221e+03 2.680189e+03 2.724542e+03 2.705574e+03
38.5 2.662909e+03 2.679143e+03 2.724496e+03 2.708262e+03
39.5 2.716477e+03 2.679280e+03 2.724471e+03 2.761668e+03
40.5 2.726510e+03 2.679670e+03 2.724461e+03 2.771301e+03
