0.5 3.439879e+03 3.457445e+03 3.572484e+03 3.554918e+03
1.5 3.551085e+03 3.490985e+03 3.608198e+03 3.668298e+03
2.5 4.012254e+03 3.584945e+03 3.697170e+03 4.124480e+03
3.5 3.567785e+03 3.709831e+03 3.803776e+03 3.661730e+03
4.5 3.848396e+03 3.804802e+03 3.869151e+03 3.912745e+03
5.5 3.779271e+03 3.840755e+03 3.871622e+03 3.810138e+03
6.5 3.800837e+03 3.826646e+03 3.827162e+03 3.801353e+03
7.5 3.806015e+03 3.785815e+03 3.762907e+03 3.783107e+03
8.5 3.734301e+03 3.737984e+03 3.699368e+03 3.695685e+03
9.5 3.584601e+03 3.693972e+03 3.646440e+03 3.537070e+03
10.5 3.720579e+03 3.657537e+03 3.606388e+03 3.669430e+03
11.5 3.532013e+03 3.628788e+03 3.577870e+03 3.481095e+03
12.5 3.619995e+03 3.606644e+03 3.558613e+03 3.571964e+03
13.5 3.441573e+03 3.589962e+03 3.546544e+03 3.398154e+03
14.5 3.584934e+03 3.577812e+03 3.540012e+03 3.547133e+03
15.5 3.654909e+03 3.569397e+03 3.537668e+03 3.623180e+03
16.5 3.714082e+03 3.563952e+03 3.538337e+03 3.688466e+03
17.5 3.411670e+03 3.560712e+03 3.540969e+03 3.391928e+03
18.5 3.520453e+03 3.558951e+03 3.544668e+03 3.506170e+03
19.5 3.543954e+03 3.558033e+03 3.548710e+03 3.534631e+03
20.5 3.378911e+03 3.555475e+03 3.548246e+03 3.371681e+03
21.5 3.488877e+03 3.537943e+03 3.516193e+03 3.467128e+03
22.5 3.259190e+03 3.490512e+03 3.430340e+03 3.199019e+03
23.5 3.421273e+03 3.424786e+03 3.326287e+03 3.322774e+03
24.5 3.455605e+03 3.369148e+03 3.262930e+03 3.349388e+03
25.5 3.360394e+03 3.339103e+03 3.262008e+03 3.283299e+03
26.5 3.311943e+03 3.332657e+03 3.307628e+03 3.286914e+03
27.5 3.091957e+03 3.340306e+03 3.372741e+03 3.124392e+03
28.5 3.371913e+03 3.353316e+03 3.436914e+03 3.455511e+03
29.5 3.502128e+03 3.366527e+03 3.490331e+03 3.625932e+03
30.5 3.168232e+03 3.379812e+03 3.535130e+03 3.323550e+03
31.5 3.289934e+03 3.405787e+03 3.599530e+03 3.483678e+03
32.5 3.454470e+03 3.459303e+03 3.707820e+03 3.702987e+03
33.5 3.608863e+03 3.528813e+03 3.826394e+03 3.906444e+03
34.5 3.513212e+03 3.586223e+03 3.898158e+03 3.825148e+03
35.5 3.727582e+03 3.616273e+03 3.902835e+03 4.014143e+03
36.5 3.660589e+03 3.621245e+03 3.857596e+03 3.896941e+03
37.5 3.542812e+03 3.610961e+03 3.790631e+03 3.722481e+03
38.5 3.464660e+03 3.594490e+03 3.723346e+03 3.593516e+03
39.5 3.588315e+03 3.577310e+03 3.666341e+03 3.677347e+03
40.5 3.589074e+03 3.561792e+03 3.622370e+03 3.649652e+03
41.5 3.647285e+03 3.548570e+03 3.590386e+03 3.689101e+03
42.5 3.359312e+03 3.537603e+03 3.568249e+03 3.389958e+03
43.5 3.354324e+03 3.528700e+03 3.553903e+03 3.379527e+03
44.5 3.387401e+03 3.521670e+03 3.545644e+03 3.411375e+03
45.5 3.428005e+03 3.516313e+03 3.542033e+03 3.453725e+03
46.5 3.222366e+03 3.512388e+03 3.541798e+03 3.251776e+03
47.5 3.369297e+03 3.509614e+03 3.543799e+03 3.403481e+03
48.5 3.217359e+03 3.507696e+03 3.547064e+03 3.256728e+03
49.5 3.402381e+03 3.506355e+03 3.550810e+03 3.446836e+03
50.5 3.559540e+03 3.506071e+03 3.550143e+03 3.603612e+03
51.5 3.407124e+03 3.513556e+03 3.517957e+03 3.411525e+03
52.5 3.661045e+03 3.548126e+03 3.432025e+03 3.544944e+03
53.5 3.502864e+03 3.619718e+03 3.327935e+03 3.211081e+03
54.5 3.703825e+03 3.713713e+03 3.264564e+03 3.254676e+03
55.5 3.977108e+03 3.807491e+03 3.263628e+03 3.433245e+03
0.5 3.168232e+03 3.379812e+03 3.535130e+03 3.323550e+03
1.5 3.289934e+03 3.405787e+03 3.599530e+03 3.483678e+03
2.5 3.454470e+03 3.459303e+03 3.707820e+03 3.702987e+03
3.5 3.608863e+03 3.528813e+03 3.826394e+03 3.906444e+03
4.5 3.513212e+03 3.586223e+03 3.898158e+03 3.825148e+03
5.5 3.727582e+03 3.616273e+03 3.902835e+03 4.014143e+03
6.5 3.660589e+03 3.621245e+03 3.857596e+03 3.896941e+03
7.5 3.542812e+03 3.610961e+03 3.790631e+03 3.722481e+03
8.5 3.464660e+03 3.594490e+03 3.723346e+03 3.593516e+03
9.5 3.588315e+03 3.577310e+03 3.666341e+03 3.677347e+03
10.5 3.589074e+03 3.561792e+03 3.622370e+03 3.649652e+03
11.5 3.647285e+03 3.548570e+03 3.590386e+03 3.689101e+03
12.5 3.359312e+03 3.537603e+03 3.568249e+03 3.389958e+03
13.5 3.354324e+03 3.528700e+03 3.553903e+03 3.379527e+03
14.5 3.387401e+03 3.521670e+03 3.545644e+03 3.411375e+03
15.5 3.428005e+03 3.516313e+03 3.542033e+03 3.453725e+03
16.5 3.222366e+03 3.512388e+03 3.541798e+03 3.251776e+03
17.5 3.369297e+03 3.509614e+03 3.543799e+03 3.403481e+03
18.5 3.217359e+03 3.507696e+03 3.547064e+03 3.256728e+03
19.5 3.402381e+03 3.506355e+03 3.550810e+03 3.446836e+03
20.5 3.559540e+03 3.506071e+03 3.550143e+03 3.603612e+03
21.5 3.407124e+03 3.513556e+03 3.517957e+03 3.411525e+03
22.5 3.661045e+03 3.548126e+03 3.432025e+03 3.544944e+03
23.5 3.502864e+03 3.619718e+03 3.327935e+03 3.211081e+03
24.5 3.703825e+03 3.713713e+03 3.264564e+03 3.254676e+03
25.5 3.977108e+03 3.807491e+03 3.263628e+03 3.433245e+03
26.5 3.875431e+03 3.885590e+03 3.309228e+03 3.299069e+03
27.5 4.029366e+03 3.942626e+03 3.374314e+03 3.461054e+03
28.5 3.911850e+03 3.979879e+03 3.438453e+03 3.370423e+03
29.5 3.752723e+03 4.001308e+03 3.491827e+03 3.243242e+03
30.5 4.066610e+03 4.010412e+03 3.536578e+03 3.592776e+03
31.5 3.856402e+03 4.003813e+03 3.600857e+03 3.453446e+03
32.5 3.711979e+03 3.964777e+03 3.709032e+03 3.456233e+03
33.5 4.040831e+03 3.885359e+03 3.827570e+03 3.983042e+03
34.5 3.745718e+03 3.781730e+03 3.899300e+03 3.863288e+03
35.5 3.677998e+03 3.677708e+03 3.903944e+03 3.904233e+03
36.5 3.683608e+03 3.589628e+03 3.858673e+03 3.952653e+03
37.5 3.704753e+03 3.523448e+03 3.791676e+03 3.972981e+03
38.5 3.850498e+03 3.478196e+03 3.724361e+03 4.096663e+03
39.5 3.655752e+03 3.450006e+03 3.667326e+03 3.873072e+03
40.5 3.806324e+03 3.434624e+03 3.623326e+03 3.995027e+03
41.5 3.518723e+03 3.428402e+03 3.591315e+03 3.681636e+03
42.5 3.493039e+03 3.428468e+03 3.569150e+03 3.633722e+03
43.5 3.493987e+03 3.432587e+03 3.554778e+03 3.616178e+03
44.5 3.378187e+03 3.439016e+03 3.546493e+03 3.485663e+03
45.5 3.233224e+03 3.446420e+03 3.542858e+03 3.329662e+03
46.5 3.389744e+03 3.453827e+03 3.542599e+03 3.478516e+03
47.5 3.420850e+03 3.460600e+03 3.544578e+03 3.504828e+03
48.5 3.229832e+03 3.466387e+03 3.547821e+03 3.311265e+03
49.5 3.678960e+03 3.471068e+03 3.551545e+03 3.759437e+03
50.5 3.556661e+03 3.475386e+03 3.550858e+03 3.632133e+03
51.5 3.231352e+03 3.486354e+03 3.518652e+03 3.263649e+03
52.5 3.613723e+03 3.523573e+03 3.432701e+03 3.522851e+03
53.5 3.671108e+03 3.597219e+03 3.328592e+03 3.402482e+03
54.5 3.762070e+03 3.692860e+03 3.265204e+03 3.334414e+03
55.5 4.015217e+03 3.788016e+03 3.264251e+03 3.491452e+03
0.5 4.066610e+03 4.010412e+03 3.536578e+03 3.592776e+03
1.5 3.856402e+03 4.003813e+03 3.600857e+03 3.453446e+03
2.5 3.711979e+03 3.964777e+03 3.709032e+03 3.456233e+03
3.5 4.040831e+03 3.885359e+03 3.827570e+03 3.983042e+03
4.5 3.745718e+03 3.781730e+03 3.899300e+03 3.863288e+03
5.5 3.677998e+03 3.677708e+03 3.903944e+03 3.904233e+03
6.5 3.683608e+03 3.589628e+03 3.858673e+03 3.952653e+03
7.5 3.704753e+03 3.523448e+03 3.791676e+03 3.972981e+03
8.5 3.850498e+03 3.478196e+03 3.724361e+03 4.096663e+03
9.5 3.655752e+03 3.450006e+03 3.667326e+03 3.873072e+03
10.5 3.806324e+03 3.434624e+03 3.623326e+03 3.995027e+03
11.5 3.518723e+03 3.428402e+03 3.591315e+03 3.681636e+03
12.5 3.493039e+03 3.428468e+03 3.569150e+03 3.633722e+03
13.5 3.493987e+03 3.432587e+03 3.554778e+03 3.616178e+03
14.5 3.378187e+03 3.439016e+03 3.546493e+03 3.485663e+03
15.5 3.233224e+03 3.446420e+03 3.542858e+03 3.329662e+03
16.5 3.389744e+03 3.453827e+03 3.542599e+03 3.478516e+03
17.5 3.420850e+03 3.460600e+03 3.544578e+03 3.504828e+03
18.5 3.229832e+03 3.466387e+03 3.547821e+03 3.311265e+03
19.5 3.678960e+03 3.471068e+03 3.551545e+03 3.759437e+03
20.5 3.556661e+03 3.475386e+03 3.550858e+03 3.632133e+03
21.5 3.231352e+03 3.486354e+03 3.518652e+03 3.263649e+03
22.5 3.613723e+03 3.523573e+03 3.432701e+03 3.522851e+03
23.5 3.671108e+03 3.597219e+03 3.328592e+03 3.402482e+03
24.5 3.762070e+03 3.692860e+03 3.265204e+03 3.334414e+03
25.5 4.015217e+03 3.788016e+03 3.264251e+03 3.491452e+03
26.5 4.001919e+03 3.867322e+03 3.309835e+03 3.444431e+03
27.5 4.212081e+03 3.925451e+03 3.374906e+03 3.661536e+03
28.5 4.197834e+03 3.963724e+03 3.439029e+03 3.673140e+03
29.5 4.115226e+03 3.986128e+03 3.492390e+03 3.621487e+03
30.5 3.953969e+03 3.996176e+03 3.537127e+03 3.494921e+03
31.5 3.933920e+03 3.990497e+03 3.601393e+03 3.544816e+03
32.5 3.938184e+03 3.952365e+03 3.709555e+03 3.695374e+03
33.5 3.829447e+03 3.873835e+03 3.828082e+03 3.783695e+03
34.5 3.656382e+03 3.771079e+03 3.899801e+03 3.785104e+03
35.5 3.637831e+03 3.667915e+03 3.904434e+03 3.874351e+03
36.5 3.805920e+03 3.580677e+03 3.859154e+03 4.084397e+03
37.5 3.620557e+03 3.515326e+03 3.792147e+03 3.897378e+03
38.5 3.756740e+03 3.470893e+03 3.724823e+03 4.010671e+03
39.5 3.540478e+03 3.443509e+03 3.667781e+03 3.764751e+03
40.5 3.657536e+03 3.428917e+03 3.623773e+03 3.852393e+03
41.5 3.573645e+03 3.423473e+03 3.591755e+03 3.741928e+03
42.5 3.617113e+03 3.424302e+03 3.569584e+03 3.762395e+03
43.5 3.630988e+03 3.429171e+03 3.555207e+03 3.757023e+03
44.5 3.398379e+03 3.436337e+03 3.546917e+03 3.508959e+03
45.5 3.418260e+03 3.444463e+03 3.543277e+03 3.517074e+03
46.5 3.351169e+03 3.452578e+03 3.543014e+03 3.441605e+03
47.5 3.479235e+03 3.460046e+03 3.544989e+03 3.564178e+03
48.5 3.637591e+03 3.466514e+03 3.548229e+03 3.719306e+03
49.5 3.756221e+03 3.471853e+03 3.551951e+03 3.836320e+03
50.5 3.387692e+03 3.474102e+03 3.551261e+03 3.464851e+03
51.5 3.299117e+03 3.460396e+03 3.519054e+03 3.357774e+03
52.5 3.376885e+03 3.416184e+03 3.433102e+03 3.393803e+03
53.5 3.245715e+03 3.353337e+03 3.328993e+03 3.221371e+03
54.5 3.048355e+03 3.300406e+03 3.265605e+03 3.013555e+03
55.5 3.167159e+03 3.272995e+03 3.264652e+03 3.158816e+03
0.5 3.953969e+03 3.996176e+03 3.537127e+03 3.494921e+03
1.5 3.933920e+03 3.990497e+03 3.601393e+03 3.544816e+03
2.5 3.938184e+03 3.952365e+03 3.709555e+03 3.695374e+03
3.5 3.829447e+03 3.873835e+03 3.828082e+03 3.783695e+03
4.5 3.656382e+03 3.771079e+03 3.899801e+03 3.785104e+03
5.5 3.637831e+03 3.667915e+03 3.904434e+03 3.874351e+03
6.5 3.805920e+03 3.580677e+03 3.859154e+03 4.084397e+03
7.5 3.620557e+03 3.515326e+03 3.792147e+03 3.897378e+03
8.5 3.756740e+03 3.470893e+03 3.724823e+03 4.010671e+03
9.5 3.540478e+03 3.443509e+03 3.667781e+03 3.764751e+03
10.5 3.657536e+03 3.428917e+03 3.623773e+03 3.852393e+03
11.5 3.573645e+03 3.423473e+03 3.591755e+03 3.741928e+03
12.5 3.617113e+03 3.424302e+03 3.569584e+03 3.762395e+03
13.5 3.630988e+03 3.429171e+03 3.555207e+03 3.757023e+03
14.5 3.398379e+03 3.436337e+03 3.546917e+03 3.508959e+03
15.5 3.418260e+03 3.444463e+03 3.543277e+03 3.517074e+03
16.5 3.351169e+03 3.452578e+03 3.543014e+03 3.441605e+03
17.5 3.479235e+03 3.460046e+03 3.544989e+03 3.564178e+03
18.5 3.637591e+03 3.466514e+03 3.548229e+03 3.719306e+03
19.5 3.756221e+03 3.471853e+03 3.551951e+03 3.836320e+03
20.5 3.387692e+03 3.474102e+03 3.551261e+03 3.464851e+03
21.5 3.299117e+03 3.460396e+03 3.519054e+03 3.357774e+03
22.5 3.376885e+03 3.416184e+03 3.433102e+03 3.393803e+03
23.5 3.245715e+03 3.353337e+03 3.328993e+03 3.221371e+03
24.5 3.048355e+03 3.300406e+03 3.265605e+03 3.013555e+03
25.5 3.167159e+03 3.272995e+03 3.264652e+03 3.158816e+03
26.5 3.157771e+03 3.269160e+03 3.310238e+03 3.198848e+03
27.5 3.130279e+03 3.279417e+03 3.375311e+03 3.226172e+03
28.5 3.144313e+03 3.295036e+03 3.439436e+03 3.288713e+03
29.5 3.576394e+03 3.310855e+03 3.492800e+03 3.758338e+03
30.5 3.593539e+03 3.326742e+03 3.537540e+03 3.804338e+03
31.5 3.330572e+03 3.355237e+03 3.601810e+03 3.577146e+03
32.5 3.442651e+03 3.411220e+03 3.709977e+03 3.741408e+03
33.5 3.413929e+03 3.483254e+03 3.828509e+03 3.759184e+03
34.5 3.642237e+03 3.543168e+03 3.900234e+03 3.999302e+03
35.5 3.443838e+03 3.575695e+03 3.904873e+03 3.773016e+03
36.5 3.271513e+03 3.583115e+03 3.859599e+03 3.547998e+03
37.5 3.770390e+03 3.575256e+03 3.792600e+03 3.987733e+03
38.5 3.415307e+03 3.561186e+03 3.725284e+03 3.579405e+03
39.5 3.204320e+03 3.546378e+03 3.668250e+03 3.326191e+03
40.5 3.338458e+03 3.533203e+03 3.624251e+03 3.429505e+03
41.5 3.275382e+03 3.522295e+03 3.592242e+03 3.345328e+03
42.5 3.562228e+03 3.513614e+03 3.570081e+03 3.618696e+03
43.5 3.374912e+03 3.506968e+03 3.555714e+03 3.423659e+03
44.5 3.219145e+03 3.502166e+03 3.547436e+03 3.264415e+03
45.5 3.493312e+03 3.499007e+03 3.543808e+03 3.538113e+03
46.5 3.470658e+03 3.497253e+03 3.543557e+03 3.516962e+03
47.5 3.593346e+03 3.496622e+03 3.545545e+03 3.642269e+03
48.5 3.730253e+03 3.496818e+03 3.548799e+03 3.782234e+03
49.5 3.694678e+03 3.497565e+03 3.552536e+03 3.749649e+03
50.5 3.559688e+03 3.499340e+03 3.551861e+03 3.612208e+03
51.5 3.540021e+03 3.508857e+03 3.519669e+03 3.550833e+03
52.5 3.617477e+03 3.545432e+03 3.433734e+03 3.505778e+03
53.5 3.637228e+03 3.619004e+03 3.329642e+03 3.347865e+03
54.5 3.725165e+03 3.714953e+03 3.266271e+03 3.276483e+03
55.5 3.825080e+03 3.810660e+03 3.265337e+03 3.279757e+03
0.5 3.593539e+03 3.326742e+03 3.537540e+03 3.804338e+03
1.5 3.330572e+03 3.355237e+03 3.601810e+03 3.577146e+03
2.5 3.442651e+03 3.411220e+03 3.709977e+03 3.741408e+03
3.5 3.413929e+03 3.483254e+03 3.828509e+03 3.759184e+03
4.5 3.642237e+03 3.543168e+03 3.900234e+03 3.999302e+03
5.5 3.443838e+03 3.575695e+03 3.904873e+03 3.773016e+03
6.5 3.271513e+03 3.583115e+03 3.859599e+03 3.547998e+03
7.5 3.770390e+03 3.575256e+03 3.792600e+03 3.987733e+03
8.5 3.415307e+03 3.561186e+03 3.725284e+03 3.579405e+03
9.5 3.204320e+03 3.546378e+03 3.668250e+03 3.326191e+03
10.5 3.338458e+03 3.533203e+03 3.624251e+03 3.429505e+03
11.5 3.275382e+03 3.522295e+03 3.592242e+03 3.345328e+03
12.5 3.562228e+03 3.513614e+03 3.570081e+03 3.618696e+03
13.5 3.374912e+03 3.506968e+03 3.555714e+03 3.423659e+03
14.5 3.219145e+03 3.502166e+03 3.547436e+03 3.264415e+03
15.5 3.493312e+03 3.499007e+03 3.543808e+03 3.538113e+03
16.5 3.470658e+03 3.497253e+03 3.543557e+03 3.516962e+03
17.5 3.593346e+03 3.496622e+03 3.545545e+03 3.642269e+03
18.5 3.730253e+03 3.496818e+03 3.548799e+03 3.782234e+03
19.5 3.694678e+03 3.497565e+03 3.552536e+03 3.749649e+03
20.5 3.559688e+03 3.499340e+03 3.551861e+03 3.612208e+03
21.5 3.540021e+03 3.508857e+03 3.519669e+03 3.550833e+03
22.5 3.617477e+03 3.545432e+03 3.433734e+03 3.505778e+03
23.5 3.637228e+03 3.619004e+03 3.329642e+03 3.347865e+03
24.5 3.725165e+03 3.714953e+03 3.266271e+03 3.276483e+03
25.5 3.825080e+03 3.810660e+03 3.265337e+03 3.279757e+03
26.5 3.816207e+03 3.890756e+03 3.311004e+03 3.236455e+03
27.5 4.067720e+03 3.949809e+03 3.376165e+03 3.494077e+03
28.5 4.143372e+03 3.988974e+03 3.440322e+03 3.594721e+03
29.5 3.948670e+03 4.012297e+03 3.493718e+03 3.430091e+03
30.5 3.880574e+03 4.023275e+03 3.538491e+03 3.395790e+03
31.5 4.072365e+03 4.018532e+03 3.602794e+03 3.656627e+03
32.5 4.001477e+03 3.981330e+03 3.710989e+03 3.731135e+03
33.5 3.688530e+03 3.903712e+03 3.829533e+03 3.614351e+03
34.5 3.793568e+03 3.801842e+03 3.901248e+03 3.892974e+03
35.5 3.776027e+03 3.699541e+03 3.905861e+03 3.982348e+03
36.5 3.670328e+03 3.613153e+03 3.860555e+03 3.917730e+03
37.5 3.638493e+03 3.548648e+03 3.793527e+03 3.883372e+03
38.5 3.530258e+03 3.505061e+03 3.726191e+03 3.751388e+03
39.5 3.650780e+03 3.478531e+03 3.669149e+03 3.841398e+03
40.5 3.635496e+03 3.464805e+03 3.625153e+03 3.795844e+03
41.5 3.331541e+03 3.460236e+03 3.593156e+03 3.464461e+03
42.5 3.563288e+03 3.461953e+03 3.571015e+03 3.672350e+03
43.5 3.653894e+03 3.467722e+03 3.556674e+03 3.742845e+03
44.5 3.526485e+03 3.475801e+03 3.548426e+03 3.599110e+03
45.5 3.521121e+03 3.484852e+03 3.544832e+03 3.581101e+03
46.5 3.605859e+03 3.493907e+03 3.544619e+03 3.656571e+03
47.5 3.373609e+03 3.502329e+03 3.546646e+03 3.417926e+03
48.5 3.364812e+03 3.509767e+03 3.549939e+03 3.404984e+03
49.5 3.251996e+03 3.516090e+03 3.553716e+03 3.289621e+03
50.5 3.508521e+03 3.519342e+03 3.553081e+03 3.542261e+03
51.5 3.402618e+03 3.506658e+03 3.520931e+03 3.416891e+03
52.5 3.616689e+03 3.463496e+03 3.435055e+03 3.588248e+03
53.5 3.331004e+03 3.401742e+03 3.331065e+03 3.260327e+03
54.5 3.366627e+03 3.349962e+03 3.267856e+03 3.284521e+03
55.5 3.437677e+03 3.323761e+03 3.267127e+03 3.381043e+03
0.5 3.880574e+03 4.023275e+03 3.538491e+03 3.395790e+03
1.5 4.072365e+03 4.018532e+03 3.602794e+03 3.656627e+03
2.5 4.001477e+03 3.981330e+03 3.710989e+03 3.731135e+03
3.5 3.688530e+03 3.903712e+03 3.829533e+03 3.614351e+03
4.5 3.793568e+03 3.801842e+03 3.901248e+03 3.892974e+03
5.5 3.776027e+03 3.699541e+03 3.905861e+03 3.982348e+03
6.5 3.670328e+03 3.613153e+03 3.860555e+03 3.917730e+03
7.5 3.638493e+03 3.548648e+03 3.793527e+03 3.883372e+03
8.5 3.530258e+03 3.505061e+03 3.726191e+03 3.751388e+03
9.5 3.650780e+03 3.478531e+03 3.669149e+03 3.841398e+03
10.5 3.635496e+03 3.464805e+03 3.625153e+03 3.795844e+03
11.5 3.331541e+03 3.460236e+03 3.593156e+03 3.464461e+03
12.5 3.563288e+03 3.461953e+03 3.571015e+03 3.672350e+03
13.5 3.653894e+03 3.467722e+03 3.556674e+03 3.742845e+03
14.5 3.526485e+03 3.475801e+03 3.548426e+03 3.599110e+03
15.5 3.521121e+03 3.484852e+03 3.544832e+03 3.581101e+03
16.5 3.605859e+03 3.493907e+03 3.544619e+03 3.656571e+03
17.5 3.373609e+03 3.502329e+03 3.546646e+03 3.417926e+03
18.5 3.364812e+03 3.509767e+03 3.549939e+03 3.404984e+03
19.5 3.251996e+03 3.516090e+03 3.553716e+03 3.289621e+03
20.5 3.508521e+03 3.519342e+03 3.553081e+03 3.542261e+03
21.5 3.402618e+03 3.506658e+03 3.520931e+03 3.416891e+03
22.5 3.616689e+03 3.463496e+03 3.435055e+03 3.588248e+03
23.5 3.331004e+03 3.401742e+03 3.331065e+03 3.260327e+03
24.5 3.366627e+03 3.349962e+03 3.267856e+03 3.284521e+03
25.5 3.437677e+03 3.323761e+03 3.267127e+03 3.381043e+03
26.5 3.540011e+03 3.321185e+03 3.312952e+03 3.531779e+03
27.5 3.284385e+03 3.332738e+03 3.378255e+03 3.329902e+03
28.5 3.381659e+03 3.349686e+03 3.442588e+03 3.474561e+03
29.5 3.518645e+03 3.366846e+03 3.496114e+03 3.647912e+03
30.5 3.244068e+03 3.379734e+03 3.536626e+03 3.400960e+03
