0.5 9.241327e+03 9.259987e+03 9.251917e+03 9.233257e+03
1.5 9.203440e+03 9.253010e+03 9.251483e+03 9.201913e+03
2.5 9.179397e+03 9.227561e+03 9.243408e+03 9.195245e+03
3.5 9.148670e+03 9.184399e+03 9.221196e+03 9.185466e+03
4.5 9.124981e+03 9.137610e+03 9.186950e+03 9.174321e+03
5.5 9.133841e+03 9.099487e+03 9.148562e+03 9.182916e+03
6.5 9.120169e+03 9.074221e+03 9.113477e+03 9.159425e+03
7.5 9.056346e+03 9.060319e+03 9.085731e+03 9.081758e+03
8.5 9.068270e+03 9.054448e+03 9.066169e+03 9.079991e+03
9.5 9.055410e+03 9.053622e+03 9.053820e+03 9.055608e+03
10.5 9.023399e+03 9.055802e+03 9.047107e+03 9.014705e+03
11.5 9.035987e+03 9.059727e+03 9.044499e+03 9.020759e+03
12.5 9.015229e+03 9.064601e+03 9.044735e+03 8.995362e+03
13.5 8.991323e+03 9.069861e+03 9.046831e+03 8.968293e+03
14.5 9.023447e+03 9.075082e+03 9.050027e+03 8.998391e+03
15.5 9.055323e+03 9.079955e+03 9.053738e+03 9.029106e+03
16.5 9.062371e+03 9.084284e+03 9.057529e+03 9.035616e+03
17.5 9.099088e+03 9.087981e+03 9.061100e+03 9.072207e+03
18.5 9.086529e+03 9.091050e+03 9.064270e+03 9.059749e+03
19.5 9.132162e+03 9.093555e+03 9.066958e+03 9.105564e+03
20.5 9.170788e+03 9.096295e+03 9.069157e+03 9.143650e+03
21.5 9.140518e+03 9.104399e+03 9.071971e+03 9.108090e+03
22.5 9.155169e+03 9.125815e+03 9.082016e+03 9.111370e+03
23.5 9.158487e+03 9.159104e+03 9.105858e+03 9.105241e+03
24.5 9.191297e+03 9.193426e+03 9.141461e+03 9.139332e+03
25.5 9.224812e+03 9.220161e+03 9.180995e+03 9.185646e+03
26.5 9.220846e+03 9.237060e+03 9.217065e+03 9.200851e+03
27.5 9.271793e+03 9.245898e+03 9.245679e+03 9.271574e+03
28.5 9.254691e+03 9.249457e+03 9.266023e+03 9.271257e+03
29.5 9.261534e+03 9.249977e+03 9.279090e+03 9.290647e+03
30.5 9.246520e+03 9.248156e+03 9.286469e+03 9.284833e+03
31.5 9.223801e+03 9.239738e+03 9.288641e+03 9.272704e+03
32.5 9.216174e+03 9.217327e+03 9.280305e+03 9.279152e+03
33.5 9.215606e+03 9.182791e+03 9.255979e+03 9.288794e+03
34.5 9.175623e+03 9.147240e+03 9.218537e+03 9.246919e+03
35.5 9.187480e+03 9.119500e+03 9.176455e+03 9.244435e+03
36.5 9.153401e+03 9.101942e+03 9.137612e+03 9.189072e+03
37.5 9.168422e+03 9.092837e+03 9.106340e+03 9.181925e+03
38.5 9.190131e+03 9.089391e+03 9.083660e+03 9.184400e+03
39.5 9.146259e+03 9.089305e+03 9.068680e+03 9.125634e+03
40.5 9.173005e+03 9.091106e+03 9.059829e+03 9.141728e+03
41.5 9.164823e+03 9.093935e+03 9.055534e+03 9.126422e+03
42.5 9.116250e+03 9.097270e+03 9.054468e+03 9.073448e+03
43.5 9.098470e+03 9.100754e+03 9.055573e+03 9.053289e+03
44.5 9.063640e+03 9.104117e+03 9.058017e+03 9.017540e+03
45.5 9.095543e+03 9.107170e+03 9.061153e+03 9.049526e+03
46.5 9.040320e+03 9.109802e+03 9.064498e+03 8.995016e+03
47.5 9.048432e+03 9.111977e+03 9.067713e+03 9.004168e+03
48.5 9.033199e+03 9.113715e+03 9.070589e+03 8.990073e+03
49.5 9.022822e+03 9.115074e+03 9.073024e+03 8.980772e+03
50.5 9.090171e+03 9.116313e+03 9.075000e+03 9.048858e+03
51.5 9.084203e+03 9.118747e+03 9.077610e+03 9.043067e+03
52.5 9.134769e+03 9.124061e+03 9.087463e+03 9.098171e+03
53.5 9.161075e+03 9.131484e+03 9.111119e+03 9.140711e+03
54.5 9.148955e+03 9.138350e+03 9.146538e+03 9.157144e+03
55.5 9.161552e+03 9.142941e+03 9.185888e+03 9.204499e+03
0.5 9.246520e+03 9.248156e+03 9.286469e+03 9.284833e+03
1.5 9.223801e+03 9.239738e+03 9.288641e+03 9.272704e+03
2.5 9.216174e+03 9.217327e+03 9.280305e+03 9.279152e+03
3.5 9.215606e+03 9.182791e+03 9.255979e+03 9.288794e+03
4.5 9.175623e+03 9.147240e+03 9.218537e+03 9.246919e+03
5.5 9.187480e+03 9.119500e+03 9.176455e+03 9.244435e+03
6.5 9.153401e+03 9.101942e+03 9.137612e+03 9.189072e+03
7.5 9.168422e+03 9.092837e+03 9.106340e+03 9.181925e+03
8.5 9.190131e+03 9.089391e+03 9.083660e+03 9.184400e+03
9.5 9.146259e+03 9.089305e+03 9.068680e+03 9.125634e+03
10.5 9.173005e+03 9.091106e+03 9.059829e+03 9.141728e+03
11.5 9.164823e+03 9.093935e+03 9.055534e+03 9.126422e+03
12.5 9.116250e+03 9.097270e+03 9.054468e+03 9.073448e+03
13.5 9.098470e+03 9.100754e+03 9.055573e+03 9.053289e+03
14.5 9.063640e+03 9.104117e+03 9.058017e+03 9.017540e+03
15.5 9.095543e+03 9.107170e+03 9.061153e+03 9.049526e+03
16.5 9.040320e+03 9.109802e+03 9.064498e+03 8.995016e+03
17.5 9.048432e+03 9.111977e+03 9.067713e+03 9.004168e+03
18.5 9.033199e+03 9.113715e+03 9.070589e+03 8.990073e+03
19.5 9.022822e+03 9.115074e+03 9.073024e+03 8.980772e+03
20.5 9.090171e+03 9.116313e+03 9.075000e+03 9.048858e+03
21.5 9.084203e+03 9.118747e+03 9.077610e+03 9.043067e+03
22.5 9.134769e+03 9.124061e+03 9.087463e+03 9.098171e+03
23.5 9.161075e+03 9.131484e+03 9.111119e+03 9.140711e+03
24.5 9.148955e+03 9.138350e+03 9.146538e+03 9.157144e+03
25.5 9.161552e+03 9.142941e+03 9.185888e+03 9.204499e+03
26.5 9.164409e+03 9.145168e+03 9.221776e+03 9.241018e+03
27.5 9.155682e+03 9.145762e+03 9.250210e+03 9.260130e+03
28.5 9.153431e+03 9.145509e+03 9.270378e+03 9.278301e+03
29.5 9.177294e+03 9.144929e+03 9.283272e+03 9.315637e+03
30.5 9.169105e+03 9.144104e+03 9.290484e+03 9.315485e+03
31.5 9.162798e+03 9.141895e+03 9.292494e+03 9.313396e+03
32.5 9.125920e+03 9.136721e+03 9.284020e+03 9.273220e+03
33.5 9.121578e+03 9.129417e+03 9.259559e+03 9.251720e+03
34.5 9.126458e+03 9.122702e+03 9.221986e+03 9.225743e+03
35.5 9.106357e+03 9.118321e+03 9.179778e+03 9.167813e+03
36.5 9.140738e+03 9.116378e+03 9.140811e+03 9.165171e+03
37.5 9.133200e+03 9.116140e+03 9.109419e+03 9.126480e+03
38.5 9.110575e+03 9.116809e+03 9.086622e+03 9.080389e+03
39.5 9.107221e+03 9.117844e+03 9.071530e+03 9.060906e+03
40.5 9.133273e+03 9.118965e+03 9.062569e+03 9.076878e+03
41.5 9.121826e+03 9.120049e+03 9.058167e+03 9.059944e+03
42.5 9.113527e+03 9.121049e+03 9.056997e+03 9.049475e+03
43.5 9.132735e+03 9.121939e+03 9.058001e+03 9.068797e+03
44.5 9.143338e+03 9.122705e+03 9.060347e+03 9.080980e+03
45.5 9.124237e+03 9.123339e+03 9.063388e+03 9.064286e+03
46.5 9.105624e+03 9.123844e+03 9.066641e+03 9.048420e+03
47.5 9.095547e+03 9.124234e+03 9.069766e+03 9.041079e+03
48.5 9.099465e+03 9.124526e+03 9.072554e+03 9.047492e+03
49.5 9.089186e+03 9.124745e+03 9.074904e+03 9.039345e+03
50.5 9.079905e+03 9.125094e+03 9.076797e+03 9.031608e+03
51.5 9.068888e+03 9.126833e+03 9.079326e+03 9.021382e+03
52.5 9.119354e+03 9.131595e+03 9.089100e+03 9.076860e+03
53.5 9.138366e+03 9.138567e+03 9.112681e+03 9.112479e+03
54.5 9.146747e+03 9.145050e+03 9.148024e+03 9.149721e+03
55.5 9.159158e+03 9.149304e+03 9.187302e+03 9.197156e+03
0.5 9.169105e+03 9.144104e+03 9.290484e+03 9.315485e+03
1.5 9.162798e+03 9.141895e+03 9.292494e+03 9.313396e+03
2.5 9.125920e+03 9.136721e+03 9.284020e+03 9.273220e+03
3.5 9.121578e+03 9.129417e+03 9.259559e+03 9.251720e+03
4.5 9.126458e+03 9.122702e+03 9.221986e+03 9.225743e+03
5.5 9.106357e+03 9.118321e+03 9.179778e+03 9.167813e+03
6.5 9.140738e+03 9.116378e+03 9.140811e+03 9.165171e+03
7.5 9.133200e+03 9.116140e+03 9.109419e+03 9.126480e+03
8.5 9.110575e+03 9.116809e+03 9.086622e+03 9.080389e+03
9.5 9.107221e+03 9.117844e+03 9.071530e+03 9.060906e+03
10.5 9.133273e+03 9.118965e+03 9.062569e+03 9.076878e+03
11.5 9.121826e+03 9.120049e+03 9.058167e+03 9.059944e+03
12.5 9.113527e+03 9.121049e+03 9.056997e+03 9.049475e+03
13.5 9.132735e+03 9.121939e+03 9.058001e+03 9.068797e+03
14.5 9.143338e+03 9.122705e+03 9.060347e+03 9.080980e+03
15.5 9.124237e+03 9.123339e+03 9.063388e+03 9.064286e+03
16.5 9.105624e+03 9.123844e+03 9.066641e+03 9.048420e+03
17.5 9.095547e+03 9.124234e+03 9.069766e+03 9.041079e+03
18.5 9.099465e+03 9.124526e+03 9.072554e+03 9.047492e+03
19.5 9.089186e+03 9.124745e+03 9.074904e+03 9.039345e+03
20.5 9.079905e+03 9.125094e+03 9.076797e+03 9.031608e+03
21.5 9.068888e+03 9.126833e+03 9.079326e+03 9.021382e+03
22.5 9.119354e+03 9.131595e+03 9.089100e+03 9.076860e+03
23.5 9.138366e+03 9.138567e+03 9.112681e+03 9.112479e+03
24.5 9.146747e+03 9.145050e+03 9.148024e+03 9.149721e+03
25.5 9.159158e+03 9.149304e+03 9.187302e+03 9.197156e+03
26.5 9.155105e+03 9.151222e+03 9.223120e+03 9.227003e+03
27.5 9.126469e+03 9.151527e+03 9.251485e+03 9.226427e+03
28.5 9.154953e+03 9.150997e+03 9.271585e+03 9.275541e+03
29.5 9.145826e+03 9.150150e+03 9.284413e+03 9.280090e+03
30.5 9.096222e+03 9.149064e+03 9.291561e+03 9.238719e+03
31.5 9.168127e+03 9.146600e+03 9.293507e+03 9.315034e+03
32.5 9.186068e+03 9.141176e+03 9.284972e+03 9.329864e+03
33.5 9.163565e+03 9.133627e+03 9.260451e+03 9.290389e+03
34.5 9.158905e+03 9.126670e+03 9.222818e+03 9.255053e+03
35.5 9.103197e+03 9.122053e+03 9.180552e+03 9.161695e+03
36.5 9.111877e+03 9.119879e+03 9.141528e+03 9.133526e+03
37.5 9.113780e+03 9.119413e+03 9.110080e+03 9.104447e+03
38.5 9.067578e+03 9.119858e+03 9.087228e+03 9.034948e+03
39.5 9.114529e+03 9.120674e+03 9.072082e+03 9.065936e+03
40.5 9.101226e+03 9.121579e+03 9.063067e+03 9.042714e+03
41.5 9.123496e+03 9.122453e+03 9.058613e+03 9.059657e+03
42.5 9.100811e+03 9.123245e+03 9.057390e+03 9.034957e+03
43.5 9.088727e+03 9.123932e+03 9.058343e+03 9.023138e+03
44.5 9.098696e+03 9.124498e+03 9.060638e+03 9.034836e+03
45.5 9.092197e+03 9.124936e+03 9.063629e+03 9.030889e+03
46.5 9.134271e+03 9.125250e+03 9.066831e+03 9.075852e+03
47.5 9.156157e+03 9.125451e+03 9.069906e+03 9.100612e+03
48.5 9.159590e+03 9.125559e+03 9.072645e+03 9.106675e+03
49.5 9.198670e+03 9.125598e+03 9.074945e+03 9.148017e+03
50.5 9.192282e+03 9.126296e+03 9.076789e+03 9.142775e+03
51.5 9.171261e+03 9.132696e+03 9.079269e+03 9.117834e+03
52.5 9.180594e+03 9.152665e+03 9.088994e+03 9.116923e+03
53.5 9.173410e+03 9.184691e+03 9.112525e+03 9.101244e+03
54.5 9.217099e+03 9.217880e+03 9.147819e+03 9.147038e+03
55.5 9.249112e+03 9.243576e+03 9.187047e+03 9.192583e+03
0.5 9.096222e+03 9.149064e+03 9.291561e+03 9.238719e+03
1.5 9.168127e+03 9.146600e+03 9.293507e+03 9.315034e+03
2.5 9.186068e+03 9.141176e+03 9.284972e+03 9.329864e+03
3.5 9.163565e+03 9.133627e+03 9.260451e+03 9.290389e+03
4.5 9.158905e+03 9.126670e+03 9.222818e+03 9.255053e+03
5.5 9.103197e+03 9.122053e+03 9.180552e+03 9.161695e+03
6.5 9.111877e+03 9.119879e+03 9.141528e+03 9.133526e+03
7.5 9.113780e+03 9.119413e+03 9.110080e+03 9.104447e+03
8.5 9.067578e+03 9.119858e+03 9.087228e+03 9.034948e+03
9.5 9.114529e+03 9.120674e+03 9.072082e+03 9.065936e+03
10.5 9.101226e+03 9.121579e+03 9.063067e+03 9.042714e+03
11.5 9.123496e+03 9.122453e+03 9.058613e+03 9.059657e+03
12.5 9.100811e+03 9.123245e+03 9.057390e+03 9.034957e+03
13.5 9.088727e+03 9.123932e+03 9.058343e+03 9.023138e+03
14.5 9.098696e+03 9.124498e+03 9.060638e+03 9.034836e+03
15.5 9.092197e+03 9.124936e+03 9.063629e+03 9.030889e+03
16.5 9.134271e+03 9.125250e+03 9.066831e+03 9.075852e+03
17.5 9.156157e+03 9.125451e+03 9.069906e+03 9.100612e+03
18.5 9.159590e+03 9.125559e+03 9.072645e+03 9.106675e+03
19.5 9.198670e+03 9.125598e+03 9.074945e+03 9.148017e+03
20.5 9.192282e+03 9.126296e+03 9.076789e+03 9.142775e+03
21.5 9.171261e+03 9.132696e+03 9.079269e+03 9.117834e+03
22.5 9.180594e+03 9.152665e+03 9.088994e+03 9.116923e+03
23.5 9.173410e+03 9.184691e+03 9.112525e+03 9.101244e+03
24.5 9.217099e+03 9.217880e+03 9.147819e+03 9.147038e+03
25.5 9.249112e+03 9.243576e+03 9.187047e+03 9.192583e+03
26.5 9.258165e+03 9.259500e+03 9.222814e+03 9.221479e+03
27.5 9.344042e+03 9.267410e+03 9.251129e+03 9.327761e+03
28.5 9.316433e+03 9.270075e+03 9.271179e+03 9.317536e+03
29.5 9.324701e+03 9.269729e+03 9.283956e+03 9.338928e+03
30.5 9.337921e+03 9.267062e+03 9.291051e+03 9.361910e+03
31.5 9.284745e+03 9.257834e+03 9.292946e+03 9.319857e+03
32.5 9.221339e+03 9.234647e+03 9.284357e+03 9.271049e+03
33.5 9.149949e+03 9.199328e+03 9.259782e+03 9.210403e+03
34.5 9.107125e+03 9.163008e+03 9.222096e+03 9.166213e+03
35.5 9.098524e+03 9.134510e+03 9.179773e+03 9.143788e+03
36.5 9.076785e+03 9.116206e+03 9.140694e+03 9.101272e+03
37.5 9.104023e+03 9.106368e+03 9.109188e+03 9.106843e+03
38.5 9.127634e+03 9.102199e+03 9.086278e+03 9.111713e+03
39.5 9.146963e+03 9.101401e+03 9.071071e+03 9.116634e+03
40.5 9.165310e+03 9.102500e+03 9.061996e+03 9.124806e+03
41.5 9.137896e+03 9.104638e+03 9.057479e+03 9.090737e+03
42.5 9.141573e+03 9.107293e+03 9.056193e+03 9.090473e+03
43.5 9.115283e+03 9.110107e+03 9.057080e+03 9.062256e+03
44.5 9.108690e+03 9.112810e+03 9.059309e+03 9.055189e+03
45.5 9.085341e+03 9.115212e+03 9.062231e+03 9.032360e+03
46.5 9.077940e+03 9.117204e+03 9.065364e+03 9.026100e+03
47.5 9.093047e+03 9.118747e+03 9.068367e+03 9.042667e+03
48.5 9.066596e+03 9.119862e+03 9.071032e+03 9.017766e+03
49.5 9.142779e+03 9.120608e+03 9.073257e+03 9.095428e+03
50.5 9.122422e+03 9.121241e+03 9.075023e+03 9.076204e+03
51.5 9.113068e+03 9.123078e+03 9.077423e+03 9.067414e+03
52.5 9.101974e+03 9.127802e+03 9.087066e+03 9.061238e+03
53.5 9.085156e+03 9.134644e+03 9.110513e+03 9.061025e+03
54.5 9.137111e+03 9.140936e+03 9.145721e+03 9.141896e+03
55.5 9.130803e+03 9.144960e+03 9.184859e+03 9.170702e+03
0.5 9.337921e+03 9.267062e+03 9.291051e+03 9.361910e+03
1.5 9.284745e+03 9.257834e+03 9.292946e+03 9.319857e+03
2.5 9.221339e+03 9.234647e+03 9.284357e+03 9.271049e+03
3.5 9.149949e+03 9.199328e+03 9.259782e+03 9.210403e+03
4.5 9.107125e+03 9.163008e+03 9.222096e+03 9.166213e+03
5.5 9.098524e+03 9.134510e+03 9.179773e+03 9.143788e+03
6.5 9.076785e+03 9.116206e+03 9.140694e+03 9.101272e+03
7.5 9.104023e+03 9.106368e+03 9.109188e+03 9.106843e+03
8.5 9.127634e+03 9.102199e+03 9.086278e+03 9.111713e+03
9.5 9.146963e+03 9.101401e+03 9.071071e+03 9.116634e+03
10.5 9.165310e+03 9.102500e+03 9.061996e+03 9.124806e+03
11.5 9.137896e+03 9.104638e+03 9.057479e+03 9.090737e+03
12.5 9.141573e+03 9.107293e+03 9.056193e+03 9.090473e+03
13.5 9.115283e+03 9.110107e+03 9.057080e+03 9.062256e+03
14.5 9.108690e+03 9.112810e+03 9.059309e+03 9.055189e+03
15.5 9.085341e+03 9.115212e+03 9.062231e+03 9.032360e+03
16.5 9.077940e+03 9.117204e+03 9.065364e+03 9.026100e+03
17.5 9.093047e+03 9.118747e+03 9.068367e+03 9.042667e+03
18.5 9.066596e+03 9.119862e+03 9.071032e+03 9.017766e+03
19.5 9.142779e+03 9.120608e+03 9.073257e+03 9.095428e+03
20.5 9.122422e+03 9.121241e+03 9.075023e+03 9.076204e+03
21.5 9.113068e+03 9.123078e+03 9.077423e+03 9.067414e+03
22.5 9.101974e+03 9.127802e+03 9.087066e+03 9.061238e+03
23.5 9.085156e+03 9.134644e+03 9.110513e+03 9.061025e+03
24.5 9.137111e+03 9.140936e+03 9.145721e+03 9.141896e+03
25.5 9.130803e+03 9.144960e+03 9.184859e+03 9.170702e+03
26.5 9.119159e+03 9.146610e+03 9.220536e+03 9.193084e+03
27.5 9.141716e+03 9.146612e+03 9.248741e+03 9.243845e+03
28.5 9.153617e+03 9.145784e+03 9.268676e+03 9.276509e+03
29.5 9.131556e+03 9.144636e+03 9.281336e+03 9.268256e+03
30.5 9.136698e+03 9.143245e+03 9.288309e+03 9.281762e+03
31.5 9.095504e+03 9.140474e+03 9.290076e+03 9.245107e+03
32.5 9.135550e+03 9.134741e+03 9.281357e+03 9.282165e+03
33.5 9.121872e+03 9.126888e+03 9.256648e+03 9.251631e+03
34.5 9.080658e+03 9.119633e+03 9.218826e+03 9.179852e+03
35.5 9.129531e+03 9.114725e+03 9.176371e+03 9.191177e+03
36.5 9.127320e+03 9.112266e+03 9.137162e+03 9.152215e+03
37.5 9.079432e+03 9.111521e+03 9.105530e+03 9.073442e+03
38.5 9.073292e+03 9.111690e+03 9.082497e+03 9.044099e+03
39.5 9.048883e+03 9.112231e+03 9.067168e+03 9.003820e+03
40.5 9.102495e+03 9.112860e+03 9.057971e+03 9.047607e+03
41.5 9.100836e+03 9.113456e+03 9.053331e+03 9.040712e+03
42.5 9.088249e+03 9.113967e+03 9.051920e+03 9.026203e+03
43.5 9.112631e+03 9.114369e+03 9.052679e+03 9.050941e+03
44.5 9.140861e+03 9.114646e+03 9.054774e+03 9.080989e+03
45.5 9.159561e+03 9.114790e+03 9.057560e+03 9.102331e+03
46.5 9.157033e+03 9.114804e+03 9.060550e+03 9.102780e+03
47.5 9.134196e+03 9.114699e+03 9.063407e+03 9.082903e+03
48.5 9.138166e+03 9.114496e+03 9.065920e+03 9.089589e+03
49.5 9.125483e+03 9.114217e+03 9.067987e+03 9.079253e+03
50.5 9.138452e+03 9.114591e+03 9.069590e+03 9.093451e+03
51.5 9.118544e+03 9.120660e+03 9.071822e+03 9.069706e+03
52.5 9.146644e+03 9.140287e+03 9.081291e+03 9.087648e+03
53.5 9.210922e+03 9.171954e+03 9.104553e+03 9.143522e+03
54.5 9.262254e+03 9.204760e+03 9.139561e+03 9.197054e+03
55.5 9.259767e+03 9.230045e+03 9.178475e+03 9.208197e+03
0.5 9.136698e+03 9.143245e+03 9.288309e+03 9.281762e+03
1.5 9.095504e+03 9.140474e+03 9.290076e+03 9.245107e+03
2.5 9.135550e+03 9.134741e+03 9.281357e+03 9.282165e+03
3.5 9.121872e+03 9.126888e+03 9.256648e+03 9.251631e+03
4.5 9.080658e+03 9.119633e+03 9.218826e+03 9.179852e+03
5.5 9.129531e+03 9.114725e+03 9.176371e+03 9.191177e+03
6.5 9.127320e+03 9.112266e+03 9.137162e+03 9.152215e+03
7.5 9.079432e+03 9.111521e+03 9.105530e+03 9.073442e+03
8.5 9.073292e+03 9.111690e+03 9.082497e+03 9.044099e+03
9.5 9.048883e+03 9.112231e+03 9.067168e+03 9.003820e+03
10.5 9.102495e+03 9.112860e+03 9.057971e+03 9.047607e+03
11.5 9.100836e+03 9.113456e+03 9.053331e+03 9.040712e+03
12.5 9.088249e+03 9.113967e+03 9.051920e+03 9.026203e+03
13.5 9.112631e+03 9.114369e+03 9.052679e+03 9.050941e+03
14.5 9.140861e+03 9.114646e+03 9.054774e+03 9.080989e+03
15.5 9.159561e+03 9.114790e+03 9.057560e+03 9.102331e+03
16.5 9.157033e+03 9.114804e+03 9.060550e+03 9.102780e+03
17.5 9.134196e+03 9.114699e+03 9.063407e+03 9.082903e+03
18.5 9.138166e+03 9.114496e+03 9.065920e+03 9.089589e+03
19.5 9.125483e+03 9.114217e+03 9.067987e+03 9.079253e+03
20.5 9.138452e+03 9.114591e+03 9.069590e+03 9.093451e+03
21.5 9.118544e+03 9.120660e+03 9.071822e+03 9.069706e+03
22.5 9.146644e+03 9.140287e+03 9.081291e+03 9.087648e+03
23.5 9.210922e+03 9.171954e+03 9.104553e+03 9.143522e+03
24.5 9.262254e+03 9.204760e+03 9.139561e+03 9.197054e+03
25.5 9.259767e+03 9.230045e+03 9.178475e+03 9.208197e+03
26.5 9.297687e+03 9.245534e+03 9.213899e+03 9.266053e+03
27.5 9.267462e+03 9.252986e+03 9.241840e+03 9.256316e+03
28.5 9.195940e+03 9.255176e+03 9.261487e+03 9.202251e+03
29.5 9.175161e+03 9.254342e+03 9.273838e+03 9.194657e+03
30.5 9.118700e+03 9.252066e+03 9.280489e+03 9.147123e+03
