0.5 5.596209e+03 5.586800e+03 5.611306e+03 5.620716e+03
1.5 5.599536e+03 5.586308e+03 5.611379e+03 5.624607e+03
2.5 5.610523e+03 5.586558e+03 5.612733e+03 5.636698e+03
3.5 5.580883e+03 5.589003e+03 5.616457e+03 5.608336e+03
4.5 5.594505e+03 5.593898e+03 5.622198e+03 5.622804e+03
5.5 5.651389e+03 5.600144e+03 5.628634e+03 5.679879e+03
6.5 5.594109e+03 5.606328e+03 5.634515e+03 5.622297e+03
7.5 5.577927e+03 5.611495e+03 5.639167e+03 5.605599e+03
8.5 5.591752e+03 5.615293e+03 5.642447e+03 5.618906e+03
9.5 5.612314e+03 5.617781e+03 5.644517e+03 5.639050e+03
10.5 5.573727e+03 5.619201e+03 5.645642e+03 5.600168e+03
11.5 5.595042e+03 5.619823e+03 5.646080e+03 5.621298e+03
12.5 5.637640e+03 5.619883e+03 5.646040e+03 5.663797e+03
13.5 5.573593e+03 5.619565e+03 5.645689e+03 5.599717e+03
14.5 5.604442e+03 5.619013e+03 5.645153e+03 5.630582e+03
15.5 5.656706e+03 5.618341e+03 5.644531e+03 5.682896e+03
16.5 5.614067e+03 5.617631e+03 5.643895e+03 5.640331e+03
17.5 5.621487e+03 5.616945e+03 5.643296e+03 5.647838e+03
18.5 5.685317e+03 5.616323e+03 5.642765e+03 5.711758e+03
19.5 5.638957e+03 5.615787e+03 5.642314e+03 5.665484e+03
20.5 5.669740e+03 5.616083e+03 5.641946e+03 5.695603e+03
21.5 5.642244e+03 5.622530e+03 5.641474e+03 5.661189e+03
22.5 5.715034e+03 5.643742e+03 5.639790e+03 5.711082e+03
23.5 5.703983e+03 5.678534e+03 5.635793e+03 5.661242e+03
24.5 5.674887e+03 5.715365e+03 5.629824e+03 5.589346e+03
25.5 5.776609e+03 5.744672e+03 5.623196e+03 5.655134e+03
26.5 5.726035e+03 5.763587e+03 5.617149e+03 5.579597e+03
27.5 5.761757e+03 5.773683e+03 5.612352e+03 5.600426e+03
28.5 5.797716e+03 5.777793e+03 5.608941e+03 5.628864e+03
29.5 5.760120e+03 5.778310e+03 5.606751e+03 5.588561e+03
30.5 5.774887e+03 5.776053e+03 5.605514e+03 5.604348e+03
31.5 5.738979e+03 5.766603e+03 5.605150e+03 5.577525e+03
32.5 5.785830e+03 5.741894e+03 5.606547e+03 5.650483e+03
33.5 5.728676e+03 5.703514e+03 5.610625e+03 5.635788e+03
34.5 5.643425e+03 5.663263e+03 5.616902e+03 5.597064e+03
35.5 5.693850e+03 5.630900e+03 5.623957e+03 5.686908e+03
36.5 5.581708e+03 5.609405e+03 5.630469e+03 5.602772e+03
37.5 5.571387e+03 5.597245e+03 5.635712e+03 5.609854e+03
38.5 5.629309e+03 5.591560e+03 5.639514e+03 5.677263e+03
39.5 5.654350e+03 5.589895e+03 5.642026e+03 5.706480e+03
40.5 5.587695e+03 5.590607e+03 5.643509e+03 5.640597e+03
41.5 5.606485e+03 5.592700e+03 5.644229e+03 5.658014e+03
42.5 5.558361e+03 5.595544e+03 5.644408e+03 5.607225e+03
43.5 5.610716e+03 5.598695e+03 5.644223e+03 5.656244e+03
44.5 5.594274e+03 5.601822e+03 5.643813e+03 5.636265e+03
45.5 5.589906e+03 5.604684e+03 5.643287e+03 5.628509e+03
46.5 5.560166e+03 5.607135e+03 5.642727e+03 5.595758e+03
47.5 5.552408e+03 5.609113e+03 5.642188e+03 5.585482e+03
48.5 5.561080e+03 5.610628e+03 5.641706e+03 5.592159e+03
49.5 5.586912e+03 5.611732e+03 5.641297e+03 5.616478e+03
50.5 5.567985e+03 5.612674e+03 5.640966e+03 5.596277e+03
51.5 5.575125e+03 5.614589e+03 5.640528e+03 5.601065e+03
52.5 5.588585e+03 5.618418e+03 5.638877e+03 5.609043e+03
53.5 5.606760e+03 5.622812e+03 5.634911e+03 5.618859e+03
54.5 5.590658e+03 5.625491e+03 5.628973e+03 5.594140e+03
55.5 5.637900e+03 5.625633e+03 5.622376e+03 5.634643e+03
0.5 5.774887e+03 5.776053e+03 5.605514e+03 5.604348e+03
1.5 5.738979e+03 5.766603e+03 5.605150e+03 5.577525e+03
2.5 5.785830e+03 5.741894e+03 5.606547e+03 5.650483e+03
3.5 5.728676e+03 5.703514e+03 5.610625e+03 5.635788e+03
4.5 5.643425e+03 5.663263e+03 5.616902e+03 5.597064e+03
5.5 5.693850e+03 5.630900e+03 5.623957e+03 5.686908e+03
6.5 5.581708e+03 5.609405e+03 5.630469e+03 5.602772e+03
7.5 5.571387e+03 5.597245e+03 5.635712e+03 5.609854e+03
8.5 5.629309e+03 5.591560e+03 5.639514e+03 5.677263e+03
9.5 5.654350e+03 5.589895e+03 5.642026e+03 5.706480e+03
10.5 5.587695e+03 5.590607e+03 5.643509e+03 5.640597e+03
11.5 5.606485e+03 5.592700e+03 5.644229e+03 5.658014e+03
12.5 5.558361e+03 5.595544e+03 5.644408e+03 5.607225e+03
13.5 5.610716e+03 5.598695e+03 5.644223e+03 5.656244e+03
14.5 5.594274e+03 5.601822e+03 5.643813e+03 5.636265e+03
15.5 5.589906e+03 5.604684e+03 5.643287e+03 5.628509e+03
16.5 5.560166e+03 5.607135e+03 5.642727e+03 5.595758e+03
17.5 5.552408e+03 5.609113e+03 5.642188e+03 5.585482e+03
18.5 5.561080e+03 5.610628e+03 5.641706e+03 5.592159e+03
19.5 5.586912e+03 5.611732e+03 5.641297e+03 5.616478e+03
20.5 5.567985e+03 5.612674e+03 5.640966e+03 5.596277e+03
21.5 5.575125e+03 5.614589e+03 5.640528e+03 5.601065e+03
22.5 5.588585e+03 5.618418e+03 5.638877e+03 5.609043e+03
23.5 5.606760e+03 5.622812e+03 5.634911e+03 5.618859e+03
24.5 5.590658e+03 5.625491e+03 5.628973e+03 5.594140e+03
25.5 5.637900e+03 5.625633e+03 5.622376e+03 5.634643e+03
26.5 5.603147e+03 5.623891e+03 5.616359e+03 5.595615e+03
27.5 5.571689e+03 5.621351e+03 5.611592e+03 5.561931e+03
28.5 5.631614e+03 5.618830e+03 5.608211e+03 5.620995e+03
29.5 5.633509e+03 5.616724e+03 5.606050e+03 5.622834e+03
30.5 5.592007e+03 5.614952e+03 5.604840e+03 5.581896e+03
31.5 5.626045e+03 5.612404e+03 5.604504e+03 5.618145e+03
32.5 5.608954e+03 5.608120e+03 5.605924e+03 5.606759e+03
33.5 5.628859e+03 5.603426e+03 5.610025e+03 5.635458e+03
34.5 5.601729e+03 5.600581e+03 5.616324e+03 5.617472e+03
35.5 5.565851e+03 5.600384e+03 5.623400e+03 5.588867e+03
36.5 5.588895e+03 5.602155e+03 5.629933e+03 5.616673e+03
37.5 5.602869e+03 5.604780e+03 5.635196e+03 5.633284e+03
38.5 5.593404e+03 5.607415e+03 5.639018e+03 5.625006e+03
39.5 5.619714e+03 5.609641e+03 5.641548e+03 5.651621e+03
40.5 5.631279e+03 5.611348e+03 5.643050e+03 5.662981e+03
41.5 5.552885e+03 5.612578e+03 5.643788e+03 5.584096e+03
42.5 5.594521e+03 5.613416e+03 5.643984e+03 5.625089e+03
43.5 5.615558e+03 5.613944e+03 5.643816e+03 5.645430e+03
44.5 5.625203e+03 5.614228e+03 5.643423e+03 5.654397e+03
45.5 5.647681e+03 5.614327e+03 5.642913e+03 5.676267e+03
46.5 5.631871e+03 5.614289e+03 5.642367e+03 5.659949e+03
47.5 5.689713e+03 5.614160e+03 5.641844e+03 5.717397e+03
48.5 5.614368e+03 5.613978e+03 5.641376e+03 5.641766e+03
49.5 5.596564e+03 5.613775e+03 5.640982e+03 5.623771e+03
50.5 5.593235e+03 5.613744e+03 5.640665e+03 5.620156e+03
51.5 5.612141e+03 5.614954e+03 5.640241e+03 5.637428e+03
52.5 5.618660e+03 5.618284e+03 5.638602e+03 5.638978e+03
53.5 5.620175e+03 5.622325e+03 5.634649e+03 5.632499e+03
54.5 5.620145e+03 5.624754e+03 5.628724e+03 5.624115e+03
55.5 5.676944e+03 5.624713e+03 5.622139e+03 5.674370e+03
0.5 5.592007e+03 5.614952e+03 5.604840e+03 5.581896e+03
1.5 5.626045e+03 5.612404e+03 5.604504e+03 5.618145e+03
2.5 5.608954e+03 5.608120e+03 5.605924e+03 5.606759e+03
3.5 5.628859e+03 5.603426e+03 5.610025e+03 5.635458e+03
4.5 5.601729e+03 5.600581e+03 5.616324e+03 5.617472e+03
5.5 5.565851e+03 5.600384e+03 5.623400e+03 5.588867e+03
6.5 5.588895e+03 5.602155e+03 5.629933e+03 5.616673e+03
7.5 5.602869e+03 5.604780e+03 5.635196e+03 5.633284e+03
8.5 5.593404e+03 5.607415e+03 5.639018e+03 5.625006e+03
9.5 5.619714e+03 5.609641e+03 5.641548e+03 5.651621e+03
10.5 5.631279e+03 5.611348e+03 5.643050e+03 5.662981e+03
11.5 5.552885e+03 5.612578e+03 5.643788e+03 5.584096e+03
12.5 5.594521e+03 5.613416e+03 5.643984e+03 5.625089e+03
13.5 5.615558e+03 5.613944e+03 5.643816e+03 5.645430e+03
14.5 5.625203e+03 5.614228e+03 5.643423e+03 5.654397e+03
15.5 5.647681e+03 5.614327e+03 5.642913e+03 5.676267e+03
16.5 5.631871e+03 5.614289e+03 5.642367e+03 5.659949e+03
17.5 5.689713e+03 5.614160e+03 5.641844e+03 5.717397e+03
18.5 5.614368e+03 5.613978e+03 5.641376e+03 5.641766e+03
19.5 5.596564e+03 5.613775e+03 5.640982e+03 5.623771e+03
20.5 5.593235e+03 5.613744e+03 5.640665e+03 5.620156e+03
21.5 5.612141e+03 5.614954e+03 5.640241e+03 5.637428e+03
22.5 5.618660e+03 5.618284e+03 5.638602e+03 5.638978e+03
23.5 5.620175e+03 5.622325e+03 5.634649e+03 5.632499e+03
24.5 5.620145e+03 5.624754e+03 5.628724e+03 5.624115e+03
25.5 5.676944e+03 5.624713e+03 5.622139e+03 5.674370e+03
26.5 5.693952e+03 5.622832e+03 5.616134e+03 5.687254e+03
27.5 5.669981e+03 5.620180e+03 5.611379e+03 5.661180e+03
28.5 5.622008e+03 5.617564e+03 5.608009e+03 5.612454e+03
29.5 5.591208e+03 5.615371e+03 5.605858e+03 5.581695e+03
30.5 5.575611e+03 5.613517e+03 5.604660e+03 5.566754e+03
31.5 5.606951e+03 5.610890e+03 5.604334e+03 5.600394e+03
32.5 5.624016e+03 5.606529e+03 5.605765e+03 5.623252e+03
33.5 5.606365e+03 5.601758e+03 5.609876e+03 5.614482e+03
34.5 5.641254e+03 5.598835e+03 5.616185e+03 5.658603e+03
35.5 5.626550e+03 5.598560e+03 5.623271e+03 5.651261e+03
36.5 5.608200e+03 5.600253e+03 5.629813e+03 5.637759e+03
37.5 5.602410e+03 5.602801e+03 5.635085e+03 5.634694e+03
38.5 5.572523e+03 5.605357e+03 5.638916e+03 5.606082e+03
39.5 5.594141e+03 5.607503e+03 5.641455e+03 5.628094e+03
40.5 5.619632e+03 5.609130e+03 5.642967e+03 5.653468e+03
41.5 5.617789e+03 5.610281e+03 5.643713e+03 5.651221e+03
42.5 5.616104e+03 5.611039e+03 5.643918e+03 5.648983e+03
43.5 5.586557e+03 5.611487e+03 5.643759e+03 5.618828e+03
44.5 5.590488e+03 5.611692e+03 5.643374e+03 5.622170e+03
45.5 5.607532e+03 5.611710e+03 5.642872e+03 5.638694e+03
46.5 5.603545e+03 5.611592e+03 5.642336e+03 5.634289e+03
47.5 5.646793e+03 5.611383e+03 5.641820e+03 5.677230e+03
48.5 5.639628e+03 5.611122e+03 5.641361e+03 5.669867e+03
49.5 5.632180e+03 5.610842e+03 5.640975e+03 5.662313e+03
50.5 5.673870e+03 5.611302e+03 5.640666e+03 5.703234e+03
51.5 5.639325e+03 5.617838e+03 5.640250e+03 5.661738e+03
52.5 5.670158e+03 5.639077e+03 5.638620e+03 5.669700e+03
53.5 5.730498e+03 5.673847e+03 5.634675e+03 5.691327e+03
54.5 5.724788e+03 5.710617e+03 5.628758e+03 5.642929e+03
55.5 5.787760e+03 5.739835e+03 5.622182e+03 5.670106e+03
0.5 5.575611e+03 5.613517e+03 5.604660e+03 5.566754e+03
1.5 5.606951e+03 5.610890e+03 5.604334e+03 5.600394e+03
2.5 5.624016e+03 5.606529e+03 5.605765e+03 5.623252e+03
3.5 5.606365e+03 5.601758e+03 5.609876e+03 5.614482e+03
4.5 5.641254e+03 5.598835e+03 5.616185e+03 5.658603e+03
5.5 5.626550e+03 5.598560e+03 5.623271e+03 5.651261e+03
6.5 5.608200e+03 5.600253e+03 5.629813e+03 5.637759e+03
7.5 5.602410e+03 5.602801e+03 5.635085e+03 5.634694e+03
8.5 5.572523e+03 5.605357e+03 5.638916e+03 5.606082e+03
9.5 5.594141e+03 5.607503e+03 5.641455e+03 5.628094e+03
10.5 5.619632e+03 5.609130e+03 5.642967e+03 5.653468e+03
11.5 5.617789e+03 5.610281e+03 5.643713e+03 5.651221e+03
12.5 5.616104e+03 5.611039e+03 5.643918e+03 5.648983e+03
13.5 5.586557e+03 5.611487e+03 5.643759e+03 5.618828e+03
14.5 5.590488e+03 5.611692e+03 5.643374e+03 5.622170e+03
15.5 5.607532e+03 5.611710e+03 5.642872e+03 5.638694e+03
16.5 5.603545e+03 5.611592e+03 5.642336e+03 5.634289e+03
17.5 5.646793e+03 5.611383e+03 5.641820e+03 5.677230e+03
18.5 5.639628e+03 5.611122e+03 5.641361e+03 5.669867e+03
19.5 5.632180e+03 5.610842e+03 5.640975e+03 5.662313e+03
20.5 5.673870e+03 5.611302e+03 5.640666e+03 5.703234e+03
21.5 5.639325e+03 5.617838e+03 5.640250e+03 5.661738e+03
22.5 5.670158e+03 5.639077e+03 5.638620e+03 5.669700e+03
23.5 5.730498e+03 5.673847e+03 5.634675e+03 5.691327e+03
24.5 5.724788e+03 5.710617e+03 5.628758e+03 5.642929e+03
25.5 5.787760e+03 5.739835e+03 5.622182e+03 5.670106e+03
26.5 5.725479e+03 5.758643e+03 5.616185e+03 5.583021e+03
27.5 5.788355e+03 5.768616e+03 5.611438e+03 5.631177e+03
28.5 5.746538e+03 5.772594e+03 5.608077e+03 5.582020e+03
29.5 5.764023e+03 5.772971e+03 5.605935e+03 5.596987e+03
30.5 5.800513e+03 5.770567e+03 5.604745e+03 5.634692e+03
31.5 5.796226e+03 5.760979e+03 5.604428e+03 5.639675e+03
32.5 5.764276e+03 5.736139e+03 5.605868e+03 5.634005e+03
33.5 5.774242e+03 5.697608e+03 5.609988e+03 5.686622e+03
34.5 5.662276e+03 5.657200e+03 5.616306e+03 5.621382e+03
35.5 5.651254e+03 5.624674e+03 5.623401e+03 5.649981e+03
36.5 5.576330e+03 5.603011e+03 5.629953e+03 5.603272e+03
37.5 5.560632e+03 5.590677e+03 5.635234e+03 5.605190e+03
38.5 5.581576e+03 5.584813e+03 5.639075e+03 5.635838e+03
39.5 5.571398e+03 5.582964e+03 5.641625e+03 5.630059e+03
40.5 5.611168e+03 5.583488e+03 5.643146e+03 5.670827e+03
41.5 5.588106e+03 5.585388e+03 5.643903e+03 5.646622e+03
42.5 5.562277e+03 5.588034e+03 5.644119e+03 5.618363e+03
43.5 5.580713e+03 5.590983e+03 5.643970e+03 5.633699e+03
44.5 5.586084e+03 5.593904e+03 5.643597e+03 5.635777e+03
45.5 5.571262e+03 5.596556e+03 5.643107e+03 5.617813e+03
46.5 5.654728e+03 5.598791e+03 5.642582e+03 5.698519e+03
47.5 5.554668e+03 5.600551e+03 5.642078e+03 5.596195e+03
48.5 5.568329e+03 5.601842e+03 5.641631e+03 5.608118e+03
49.5 5.588957e+03 5.602720e+03 5.641258e+03 5.627495e+03
50.5 5.576077e+03 5.603431e+03 5.640962e+03 5.613608e+03
51.5 5.592312e+03 5.605111e+03 5.640560e+03 5.627761e+03
52.5 5.615891e+03 5.608702e+03 5.638943e+03 5.646132e+03
53.5 5.618953e+03 5.612853e+03 5.635012e+03 5.641112e+03
54.5 5.574593e+03 5.615285e+03 5.629110e+03 5.588418e+03
55.5 5.594914e+03 5.615176e+03 5.622548e+03 5.602286e+03
0.5 5.800513e+03 5.770567e+03 5.604745e+03 5.634692e+03
1.5 5.796226e+03 5.760979e+03 5.604428e+03 5.639675e+03
2.5 5.764276e+03 5.736139e+03 5.605868e+03 5.634005e+03
3.5 5.774242e+03 5.697608e+03 5.609988e+03 5.686622e+03
4.5 5.662276e+03 5.657200e+03 5.616306e+03 5.621382e+03
5.5 5.651254e+03 5.624674e+03 5.623401e+03 5.649981e+03
6.5 5.576330e+03 5.603011e+03 5.629953e+03 5.603272e+03
7.5 5.560632e+03 5.590677e+03 5.635234e+03 5.605190e+03
8.5 5.581576e+03 5.584813e+03 5.639075e+03 5.635838e+03
9.5 5.571398e+03 5.582964e+03 5.641625e+03 5.630059e+03
10.5 5.611168e+03 5.583488e+03 5.643146e+03 5.670827e+03
11.5 5.588106e+03 5.585388e+03 5.643903e+03 5.646622e+03
12.5 5.562277e+03 5.588034e+03 5.644119e+03 5.618363e+03
13.5 5.580713e+03 5.590983e+03 5.643970e+03 5.633699e+03
14.5 5.586084e+03 5.593904e+03 5.643597e+03 5.635777e+03
15.5 5.571262e+03 5.596556e+03 5.643107e+03 5.617813e+03
16.5 5.654728e+03 5.598791e+03 5.642582e+03 5.698519e+03
17.5 5.554668e+03 5.600551e+03 5.642078e+03 5.596195e+03
18.5 5.568329e+03 5.601842e+03 5.641631e+03 5.608118e+03
19.5 5.588957e+03 5.602720e+03 5.641258e+03 5.627495e+03
20.5 5.576077e+03 5.603431e+03 5.640962e+03 5.613608e+03
21.5 5.592312e+03 5.605111e+03 5.640560e+03 5.627761e+03
22.5 5.615891e+03 5.608702e+03 5.638943e+03 5.646132e+03
23.5 5.618953e+03 5.612853e+03 5.635012e+03 5.641112e+03
24.5 5.574593e+03 5.615285e+03 5.629110e+03 5.588418e+03
25.5 5.594914e+03 5.615176e+03 5.622548e+03 5.602286e+03
26.5 5.583945e+03 5.613179e+03 5.616567e+03 5.587333e+03
27.5 5.621289e+03 5.610383e+03 5.611839e+03 5.622745e+03
28.5 5.600831e+03 5.607602e+03 5.608497e+03 5.601726e+03
29.5 5.594396e+03 5.605231e+03 5.606374e+03 5.595539e+03
30.5 5.627953e+03 5.603189e+03 5.605205e+03 5.629969e+03
31.5 5.635806e+03 5.600368e+03 5.604909e+03 5.640347e+03
32.5 5.579243e+03 5.595806e+03 5.606371e+03 5.589808e+03
33.5 5.583871e+03 5.590830e+03 5.610513e+03 5.603555e+03
34.5 5.555551e+03 5.587696e+03 5.616854e+03 5.584709e+03
35.5 5.569023e+03 5.587205e+03 5.623971e+03 5.605790e+03
36.5 5.596315e+03 5.588674e+03 5.630545e+03 5.638186e+03
37.5 5.551814e+03 5.590991e+03 5.635848e+03 5.596670e+03
38.5 5.604821e+03 5.593310e+03 5.639709e+03 5.651220e+03
39.5 5.581243e+03 5.595213e+03 5.642279e+03 5.628310e+03
40.5 5.570605e+03 5.596589e+03 5.643821e+03 5.617837e+03
41.5 5.605278e+03 5.597482e+03 5.644599e+03 5.652395e+03
42.5 5.549014e+03 5.597975e+03 5.644835e+03 5.595875e+03
43.5 5.582708e+03 5.598149e+03 5.644708e+03 5.629267e+03
44.5 5.659320e+03 5.598073e+03 5.644357e+03 5.705604e+03
45.5 5.657272e+03 5.597802e+03 5.643890e+03 5.703360e+03
46.5 5.600923e+03 5.597386e+03 5.643389e+03 5.646926e+03
47.5 5.566292e+03 5.596871e+03 5.642910e+03 5.612331e+03
48.5 5.574130e+03 5.596294e+03 5.642488e+03 5.620325e+03
49.5 5.602024e+03 5.595688e+03 5.642142e+03 5.648478e+03
50.5 5.643320e+03 5.595813e+03 5.641873e+03 5.689380e+03
51.5 5.583458e+03 5.602002e+03 5.641499e+03 5.622955e+03
52.5 5.619330e+03 5.622881e+03 5.639911e+03 5.636360e+03
53.5 5.666937e+03 5.657268e+03 5.636012e+03 5.645680e+03
54.5 5.740226e+03 5.693627e+03 5.630143e+03 5.676741e+03
55.5 5.775431e+03 5.722399e+03 5.623619e+03 5.676650e+03
0.5 5.627953e+03 5.603189e+03 5.605205e+03 5.629969e+03
1.5 5.635806e+03 5.600368e+03 5.604909e+03 5.640347e+03
2.5 5.579243e+03 5.595806e+03 5.606371e+03 5.589808e+03
3.5 5.583871e+03 5.590830e+03 5.610513e+03 5.603555e+03
4.5 5.555551e+03 5.587696e+03 5.616854e+03 5.584709e+03
5.5 5.569023e+03 5.587205e+03 5.623971e+03 5.605790e+03
6.5 5.596315e+03 5.588674e+03 5.630545e+03 5.638186e+03
7.5 5.551814e+03 5.590991e+03 5.635848e+03 5.596670e+03
8.5 5.604821e+03 5.593310e+03 5.639709e+03 5.651220e+03
9.5 5.581243e+03 5.595213e+03 5.642279e+03 5.628310e+03
10.5 5.570605e+03 5.596589e+03 5.643821e+03 5.617837e+03
11.5 5.605278e+03 5.597482e+03 5.644599e+03 5.652395e+03
12.5 5.549014e+03 5.597975e+03 5.644835e+03 5.595875e+03
13.5 5.582708e+03 5.598149e+03 5.644708e+03 5.629267e+03
14.5 5.659320e+03 5.598073e+03 5.644357e+03 5.705604e+03
15.5 5.657272e+03 5.597802e+03 5.643890e+03 5.703360e+03
16.5 5.600923e+03 5.597386e+03 5.643389e+03 5.646926e+03
17.5 5.566292e+03 5.596871e+03 5.642910e+03 5.612331e+03
18.5 5.574130e+03 5.596294e+03 5.642488e+03 5.620325e+03
19.5 5.602024e+03 5.595688e+03 5.642142e+03 5.648478e+03
20.5 5.643320e+03 5.595813e+03 5.641873e+03 5.689380e+03
21.5 5.583458e+03 5.602002e+03 5.641499e+03 5.622955e+03
22.5 5.619330e+03 5.622881e+03 5.639911e+03 5.636360e+03
23.5 5.666937e+03 5.657268e+03 5.636012e+03 5.645680e+03
24.5 5.740226e+03 5.693627e+03 5.630143e+03 5.676741e+03
25.5 5.775431e+03 5.722399e+03 5.623619e+03 5.676650e+03
26.5 5.734192e+03 5.740729e+03 5.617680e+03 5.611142e+03
27.5 5.769482e+03 5.750198e+03 5.612996e+03 5.632280e+03
28.5 5.701164e+03 5.753646e+03 5.609702e+03 5.557219e+03
29.5 5.692378e+03 5.753472e+03 5.607631e+03 5.546537e+03
30.5 5.697257e+03 5.750543e+03 5.606516e+03 5.553230e+03
