0.5 1.943246e+03 2.004124e+03 1.975271e+03 1.914393e+03
1.5 1.978017e+03 2.002395e+03 1.975765e+03 1.951388e+03
2.5 2.059938e+03 1.997768e+03 1.981979e+03 2.044149e+03
3.5 1.910509e+03 1.991698e+03 1.998779e+03 1.917590e+03
4.5 1.879186e+03 1.987095e+03 2.024584e+03 1.916675e+03
5.5 2.047516e+03 1.985317e+03 2.053478e+03 2.115677e+03
6.5 1.942328e+03 1.985895e+03 2.079877e+03 2.036310e+03
7.5 1.986691e+03 1.987695e+03 2.100761e+03 2.099757e+03
8.5 1.951747e+03 1.989770e+03 2.115500e+03 2.077477e+03
9.5 1.931935e+03 1.991615e+03 2.124824e+03 2.065144e+03
10.5 1.923737e+03 1.993270e+03 2.129916e+03 2.060382e+03
11.5 2.014044e+03 1.996071e+03 2.131128e+03 2.149101e+03
12.5 1.925111e+03 2.001394e+03 2.124496e+03 2.048213e+03
13.5 2.040802e+03 2.007847e+03 2.105890e+03 2.138845e+03
14.5 1.962232e+03 2.012574e+03 2.077464e+03 2.027122e+03
15.5 1.961835e+03 2.014268e+03 2.045573e+03 1.993140e+03
16.5 2.036869e+03 2.013445e+03 2.016125e+03 2.039549e+03
17.5 2.005182e+03 2.011287e+03 1.992367e+03 1.986262e+03
18.5 1.958179e+03 2.008781e+03 1.975065e+03 1.924462e+03
19.5 2.030113e+03 2.006471e+03 1.963549e+03 1.987191e+03
20.5 1.954180e+03 2.004551e+03 1.956640e+03 1.906269e+03
21.5 1.983146e+03 2.003032e+03 1.953159e+03 1.933273e+03
22.5 2.010886e+03 2.001864e+03 1.952111e+03 1.961133e+03
23.5 2.048569e+03 2.000989e+03 1.952703e+03 2.000282e+03
24.5 1.987136e+03 2.000358e+03 1.954309e+03 1.941087e+03
25.5 1.997872e+03 1.999928e+03 1.956446e+03 1.954391e+03
26.5 2.036111e+03 1.999655e+03 1.958750e+03 1.995206e+03
27.5 2.048696e+03 1.999499e+03 1.960966e+03 2.010164e+03
28.5 2.029061e+03 1.999420e+03 1.962939e+03 1.992579e+03
29.5 1.993234e+03 1.999386e+03 1.964590e+03 1.958438e+03
30.5 2.019921e+03 1.999162e+03 1.965908e+03 1.986667e+03
31.5 1.981626e+03 1.997404e+03 1.967711e+03 1.951932e+03
32.5 2.082141e+03 1.992785e+03 1.974954e+03 2.064309e+03
33.5 1.964029e+03 1.986756e+03 1.992558e+03 1.969830e+03
34.5 1.980044e+03 1.982223e+03 2.018991e+03 2.016812e+03
35.5 1.990742e+03 1.980536e+03 2.048381e+03 2.058587e+03
36.5 2.008703e+03 1.981221e+03 2.075184e+03 2.102666e+03
37.5 2.051625e+03 1.983137e+03 2.096405e+03 2.164894e+03
38.5 1.940687e+03 1.985335e+03 2.111437e+03 2.066789e+03
39.5 1.993552e+03 1.987305e+03 2.121022e+03 2.127269e+03
40.5 1.944174e+03 1.989087e+03 2.126353e+03 2.081440e+03
41.5 1.985308e+03 1.992013e+03 2.127792e+03 2.121088e+03
42.5 2.046855e+03 1.997460e+03 2.121377e+03 2.170772e+03
43.5 2.011486e+03 2.004035e+03 2.102981e+03 2.110432e+03
44.5 2.004645e+03 2.008880e+03 2.074759e+03 2.070524e+03
45.5 2.041554e+03 2.010690e+03 2.043068e+03 2.073932e+03
0.5 2.019921e+03 1.999162e+03 1.965908e+03 1.986667e+03
1.5 1.981626e+03 1.997404e+03 1.967711e+03 1.951932e+03
2.5 2.082141e+03 1.992785e+03 1.974954e+03 2.064309e+03
3.5 1.964029e+03 1.986756e+03 1.992558e+03 1.969830e+03
4.5 1.980044e+03 1.982223e+03 2.018991e+03 2.016812e+03
5.5 1.990742e+03 1.980536e+03 2.048381e+03 2.058587e+03
6.5 2.008703e+03 1.981221e+03 2.075184e+03 2.102666e+03
7.5 2.051625e+03 1.983137e+03 2.096405e+03 2.164894e+03
8.5 1.940687e+03 1.985335e+03 2.111437e+03 2.066789e+03
9.5 1.993552e+03 1.987305e+03 2.121022e+03 2.127269e+03
10.5 1.944174e+03 1.989087e+03 2.126353e+03 2.081440e+03
11.5 1.985308e+03 1.992013e+03 2.127792e+03 2.121088e+03
12.5 2.046855e+03 1.997460e+03 2.121377e+03 2.170772e+03
13.5 2.011486e+03 2.004035e+03 2.102981e+03 2.110432e+03
14.5 2.004645e+03 2.008880e+03 2.074759e+03 2.070524e+03
15.5 2.041554e+03 2.010690e+03 2.043068e+03 2.073932e+03
16.5 2.073958e+03 2.009979e+03 2.013816e+03 2.077795e+03
17.5 2.068075e+03 2.007930e+03 1.990251e+03 2.050395e+03
18.5 1.934560e+03 2.005531e+03 1.973137e+03 1.902166e+03
19.5 1.973529e+03 2.003325e+03 1.961807e+03 1.932012e+03
20.5 1.959297e+03 2.001505e+03 1.955082e+03 1.912874e+03
21.5 1.959119e+03 2.000084e+03 1.951781e+03 1.910816e+03
22.5 2.034280e+03 1.999011e+03 1.950910e+03 1.986180e+03
23.5 2.072844e+03 1.998228e+03 1.951675e+03 2.026292e+03
24.5 2.043380e+03 1.997686e+03 1.953453e+03 1.999146e+03
25.5 2.019632e+03 1.997342e+03 1.955757e+03 1.978048e+03
26.5 2.086815e+03 1.997153e+03 1.958225e+03 2.047887e+03
27.5 2.017056e+03 1.997078e+03 1.960603e+03 1.980580e+03
28.5 2.006912e+03 1.997079e+03 1.962733e+03 1.972567e+03
29.5 2.002881e+03 1.997121e+03 1.964540e+03 1.970300e+03
30.5 1.984549e+03 1.996824e+03 1.966006e+03 1.953731e+03
31.5 1.927282e+03 1.994015e+03 1.967154e+03 1.900421e+03
32.5 1.978691e+03 1.987039e+03 1.968029e+03 1.959681e+03
33.5 2.075486e+03 1.978948e+03 1.968682e+03 2.065220e+03
34.5 1.977652e+03 1.974488e+03 1.969165e+03 1.972329e+03
35.5 1.955569e+03 1.975238e+03 1.969523e+03 1.949855e+03
36.5 2.026432e+03 1.979719e+03 1.969792e+03 2.016505e+03
37.5 2.123313e+03 1.985628e+03 1.970001e+03 2.107686e+03
38.5 1.968674e+03 1.991277e+03 1.970170e+03 1.947567e+03
39.5 1.954279e+03 1.995884e+03 1.970313e+03 1.928708e+03
40.5 1.934665e+03 1.999660e+03 1.970440e+03 1.905446e+03
41.5 2.050371e+03 2.004908e+03 1.970559e+03 2.016021e+03
42.5 1.981006e+03 2.013490e+03 1.970673e+03 1.938189e+03
43.5 2.071937e+03 2.022542e+03 1.970786e+03 2.020181e+03
44.5 2.049155e+03 2.027470e+03 1.970898e+03 1.992583e+03
45.5 2.058298e+03 2.026822e+03 1.971011e+03 2.002487e+03
0.5 2.026232e+03 1.995415e+03 1.972943e+03 2.003760e+03
1.5 1.988769e+03 1.993955e+03 1.973891e+03 1.968705e+03
2.5 1.934115e+03 1.989590e+03 1.980552e+03 1.925076e+03
3.5 2.070329e+03 1.983773e+03 1.997794e+03 2.084349e+03
4.5 1.948554e+03 1.979417e+03 2.024034e+03 1.993171e+03
5.5 1.970592e+03 1.977878e+03 2.053356e+03 2.046070e+03
6.5 1.939257e+03 1.978713e+03 2.080178e+03 2.040722e+03
7.5 2.032843e+03 1.980782e+03 2.101484e+03 2.153544e+03
8.5 1.974363e+03 1.983098e+03 2.116639e+03 2.107904e+03
9.5 2.060906e+03 1.985177e+03 2.126374e+03 2.202103e+03
10.5 2.119332e+03 1.987062e+03 2.131870e+03 2.264140e+03
11.5 2.080311e+03 1.990087e+03 2.133483e+03 2.223707e+03
12.5 2.027497e+03 1.995628e+03 2.127246e+03 2.159115e+03
13.5 1.953425e+03 2.002288e+03 2.109031e+03 2.060167e+03
14.5 1.981744e+03 2.007208e+03 2.080991e+03 2.055527e+03
15.5 2.020879e+03 2.009079e+03 2.049481e+03 2.061282e+03
16.5 1.986143e+03 2.008420e+03 2.020410e+03 1.998134e+03
17.5 1.958142e+03 2.006415e+03 1.997025e+03 1.948752e+03
18.5 2.107846e+03 2.004055e+03 1.980091e+03 2.083882e+03
19.5 2.052626e+03 2.001886e+03 1.968940e+03 2.019681e+03
20.5 2.058555e+03 2.000101e+03 1.962393e+03 2.020848e+03
21.5 1.999425e+03 1.998713e+03 1.959271e+03 1.959984e+03
22.5 1.984062e+03 1.997671e+03 1.958579e+03 1.944969e+03
23.5 1.961668e+03 1.996919e+03 1.959522e+03 1.924272e+03
24.5 2.002649e+03 1.996407e+03 1.961479e+03 1.967720e+03
25.5 1.984485e+03 1.996092e+03 1.963963e+03 1.952357e+03
26.5 1.965214e+03 1.995931e+03 1.966613e+03 1.935896e+03
27.5 1.931535e+03 1.995883e+03 1.969173e+03 1.904825e+03
28.5 1.919920e+03 1.995909e+03 1.971488e+03 1.895499e+03
29.5 1.947329e+03 1.995975e+03 1.973482e+03 1.924835e+03
30.5 1.951304e+03 1.995701e+03 1.975137e+03 1.930740e+03
31.5 1.898400e+03 1.992913e+03 1.976477e+03 1.881964e+03
32.5 1.950587e+03 1.985957e+03 1.977546e+03 1.942176e+03
33.5 2.024252e+03 1.977889e+03 1.978398e+03 2.024762e+03
34.5 1.982551e+03 1.973454e+03 1.979083e+03 1.988180e+03
35.5 1.981010e+03 1.974229e+03 1.979647e+03 1.986428e+03
36.5 1.887654e+03 1.978735e+03 1.980126e+03 1.889045e+03
37.5 1.938040e+03 1.984667e+03 1.980550e+03 1.933924e+03
38.5 1.923418e+03 1.990332e+03 1.980938e+03 1.914024e+03
39.5 2.038998e+03 1.994947e+03 1.981307e+03 2.025358e+03
40.5 1.995068e+03 1.997395e+03 1.981665e+03 1.979338e+03
