0.5 9.281645e+03 9.292441e+03 9.310913e+03 9.300117e+03
1.5 9.259010e+03 9.294322e+03 9.303247e+03 9.267935e+03
2.5 9.309616e+03 9.297135e+03 9.284100e+03 9.296581e+03
3.5 9.321918e+03 9.299250e+03 9.261103e+03 9.283771e+03
4.5 9.304558e+03 9.298979e+03 9.246920e+03 9.252498e+03
5.5 9.295121e+03 9.296294e+03 9.246243e+03 9.245070e+03
6.5 9.315970e+03 9.292337e+03 9.255670e+03 9.279302e+03
7.5 9.287327e+03 9.288322e+03 9.269380e+03 9.268385e+03
8.5 9.289451e+03 9.284984e+03 9.282968e+03 9.287435e+03
9.5 9.319352e+03 9.282567e+03 9.294306e+03 9.331092e+03
10.5 9.312388e+03 9.280875e+03 9.303837e+03 9.335351e+03
11.5 9.308443e+03 9.278963e+03 9.317606e+03 9.347087e+03
12.5 9.283949e+03 9.276479e+03 9.340877e+03 9.348347e+03
13.5 9.267279e+03 9.274956e+03 9.366459e+03 9.358782e+03
14.5 9.293003e+03 9.276003e+03 9.382041e+03 9.399042e+03
15.5 9.257753e+03 9.279581e+03 9.383217e+03 9.361389e+03
16.5 9.310943e+03 9.284492e+03 9.373644e+03 9.400095e+03
17.5 9.301276e+03 9.289473e+03 9.359362e+03 9.371165e+03
18.5 9.283135e+03 9.293752e+03 9.344971e+03 9.334354e+03
19.5 9.280857e+03 9.297058e+03 9.332755e+03 9.316554e+03
20.5 9.319770e+03 9.299432e+03 9.323312e+03 9.343650e+03
21.5 9.283859e+03 9.301036e+03 9.316427e+03 9.299251e+03
22.5 9.283065e+03 9.302047e+03 9.311644e+03 9.292661e+03
23.5 9.307478e+03 9.302620e+03 9.308526e+03 9.313385e+03
24.5 9.325299e+03 9.302876e+03 9.306712e+03 9.329135e+03
25.5 9.305555e+03 9.302916e+03 9.305895e+03 9.308535e+03
26.5 9.280942e+03 9.302820e+03 9.305804e+03 9.283925e+03
27.5 9.291578e+03 9.302653e+03 9.306194e+03 9.295119e+03
28.5 9.299952e+03 9.302463e+03 9.306859e+03 9.304347e+03
29.5 9.288369e+03 9.302285e+03 9.307629e+03 9.293713e+03
30.5 9.261571e+03 9.302277e+03 9.307453e+03 9.266746e+03
31.5 9.246669e+03 9.303225e+03 9.300495e+03 9.243939e+03
32.5 9.299360e+03 9.305306e+03 9.281942e+03 9.275996e+03
33.5 9.311366e+03 9.306835e+03 9.259418e+03 9.263949e+03
34.5 9.313187e+03 9.306080e+03 9.245595e+03 9.252702e+03
35.5 9.306757e+03 9.302981e+03 9.245182e+03 9.248958e+03
36.5 9.296305e+03 9.298656e+03 9.254796e+03 9.252444e+03
37.5 9.264104e+03 9.294304e+03 9.268637e+03 9.238437e+03
38.5 9.303098e+03 9.290651e+03 9.282316e+03 9.294762e+03
39.5 9.278116e+03 9.287932e+03 9.293714e+03 9.283898e+03
40.5 9.231326e+03 9.285949e+03 9.303286e+03 9.248663e+03
41.5 9.311153e+03 9.283754e+03 9.317084e+03 9.344483e+03
42.5 9.324681e+03 9.280992e+03 9.340374e+03 9.384063e+03
43.5 9.305283e+03 9.279197e+03 9.365971e+03 9.392057e+03
44.5 9.308693e+03 9.279977e+03 9.381564e+03 9.410280e+03
45.5 9.248717e+03 9.283294e+03 9.382751e+03 9.348174e+03
0.5 9.261571e+03 9.302277e+03 9.307453e+03 9.266746e+03
1.5 9.246669e+03 9.303225e+03 9.300495e+03 9.243939e+03
2.5 9.299360e+03 9.305306e+03 9.281942e+03 9.275996e+03
3.5 9.311366e+03 9.306835e+03 9.259418e+03 9.263949e+03
4.5 9.313187e+03 9.306080e+03 9.245595e+03 9.252702e+03
5.5 9.306757e+03 9.302981e+03 9.245182e+03 9.248958e+03
6.5 9.296305e+03 9.298656e+03 9.254796e+03 9.252444e+03
7.5 9.264104e+03 9.294304e+03 9.268637e+03 9.238437e+03
8.5 9.303098e+03 9.290651e+03 9.282316e+03 9.294762e+03
9.5 9.278116e+03 9.287932e+03 9.293714e+03 9.283898e+03
10.5 9.231326e+03 9.285949e+03 9.303286e+03 9.248663e+03
11.5 9.311153e+03 9.283754e+03 9.317084e+03 9.344483e+03
12.5 9.324681e+03 9.280992e+03 9.340374e+03 9.384063e+03
13.5 9.305283e+03 9.279197e+03 9.365971e+03 9.392057e+03
14.5 9.308693e+03 9.279977e+03 9.381564e+03 9.410280e+03
15.5 9.248717e+03 9.283294e+03 9.382751e+03 9.348174e+03
16.5 9.281607e+03 9.287948e+03 9.373186e+03 9.366845e+03
17.5 9.279524e+03 9.292678e+03 9.358912e+03 9.345759e+03
18.5 9.240785e+03 9.296708e+03 9.344529e+03 9.288606e+03
19.5 9.285279e+03 9.299770e+03 9.332319e+03 9.317828e+03
20.5 9.269701e+03 9.301904e+03 9.322884e+03 9.290682e+03
21.5 9.306269e+03 9.303273e+03 9.316006e+03 9.319002e+03
22.5 9.276778e+03 9.304053e+03 9.311231e+03 9.283956e+03
23.5 9.267737e+03 9.304399e+03 9.308121e+03 9.271459e+03
24.5 9.268645e+03 9.304433e+03 9.306314e+03 9.270527e+03
25.5 9.273086e+03 9.304254e+03 9.305505e+03 9.274337e+03
26.5 9.310840e+03 9.303944e+03 9.305421e+03 9.312317e+03
27.5 9.329079e+03 9.303567e+03 9.305819e+03 9.331331e+03
28.5 9.339007e+03 9.303171e+03 9.306491e+03 9.342328e+03
29.5 9.362462e+03 9.302792e+03 9.307273e+03 9.366943e+03
30.5 9.363883e+03 9.303154e+03 9.308047e+03 9.368776e+03
31.5 9.346843e+03 9.309258e+03 9.308743e+03 9.346327e+03
32.5 9.360514e+03 9.328835e+03 9.309324e+03 9.341003e+03
33.5 9.346650e+03 9.360276e+03 9.309785e+03 9.296158e+03
34.5 9.403057e+03 9.392744e+03 9.310132e+03 9.320445e+03
35.5 9.437942e+03 9.417716e+03 9.310384e+03 9.330610e+03
36.5 9.440464e+03 9.433018e+03 9.310559e+03 9.318005e+03
37.5 9.532993e+03 9.440452e+03 9.310677e+03 9.403218e+03
38.5 9.489125e+03 9.442786e+03 9.310755e+03 9.357094e+03
39.5 9.491574e+03 9.442226e+03 9.310803e+03 9.360152e+03
40.5 9.504448e+03 9.439438e+03 9.310832e+03 9.375842e+03
41.5 9.452006e+03 9.430187e+03 9.310847e+03 9.332667e+03
42.5 9.398220e+03 9.407178e+03 9.310855e+03 9.301897e+03
43.5 9.316568e+03 9.372308e+03 9.310857e+03 9.255117e+03
44.5 9.302734e+03 9.336626e+03 9.310856e+03 9.276964e+03
45.5 9.271398e+03 9.308802e+03 9.310854e+03 9.273450e+03
0.5 9.288384e+03 9.296544e+03 9.309838e+03 9.301678e+03
1.5 9.287428e+03 9.297772e+03 9.302187e+03 9.291843e+03
2.5 9.267469e+03 9.299941e+03 9.283055e+03 9.250584e+03
3.5 9.250339e+03 9.301419e+03 9.260073e+03 9.208993e+03
4.5 9.288905e+03 9.300519e+03 9.245905e+03 9.234291e+03
5.5 9.267198e+03 9.297212e+03 9.245243e+03 9.215229e+03
6.5 9.250706e+03 9.292620e+03 9.254678e+03 9.212765e+03
7.5 9.280835e+03 9.287955e+03 9.268397e+03 9.261277e+03
8.5 9.290336e+03 9.283991e+03 9.281998e+03 9.288343e+03
9.5 9.267535e+03 9.280951e+03 9.293349e+03 9.279932e+03
10.5 9.279034e+03 9.278642e+03 9.302892e+03 9.303284e+03
11.5 9.238368e+03 9.276116e+03 9.316674e+03 9.278926e+03
12.5 9.285606e+03 9.273024e+03 9.339956e+03 9.352539e+03
13.5 9.262408e+03 9.270900e+03 9.365550e+03 9.357058e+03
14.5 9.224776e+03 9.271358e+03 9.381143e+03 9.334560e+03
15.5 9.284097e+03 9.274361e+03 9.382330e+03 9.392066e+03
16.5 9.283608e+03 9.278707e+03 9.372766e+03 9.377667e+03
17.5 9.247999e+03 9.283133e+03 9.358494e+03 9.323361e+03
18.5 9.241950e+03 9.286861e+03 9.344113e+03 9.299201e+03
19.5 9.235955e+03 9.289622e+03 9.331905e+03 9.278238e+03
20.5 9.279372e+03 9.291452e+03 9.322471e+03 9.310390e+03
21.5 9.285223e+03 9.292514e+03 9.315593e+03 9.308302e+03
22.5 9.267488e+03 9.292984e+03 9.310817e+03 9.285321e+03
23.5 9.282899e+03 9.293015e+03 9.307706e+03 9.297591e+03
24.5 9.311075e+03 9.292729e+03 9.305898e+03 9.324244e+03
25.5 9.344146e+03 9.292225e+03 9.305086e+03 9.357007e+03
26.5 9.321166e+03 9.291584e+03 9.304999e+03 9.334581e+03
27.5 9.310005e+03 9.290869e+03 9.305394e+03 9.324530e+03
28.5 9.318330e+03 9.290129e+03 9.306062e+03 9.334263e+03
29.5 9.314506e+03 9.289399e+03 9.306838e+03 9.331945e+03
30.5 9.311639e+03 9.289403e+03 9.307607e+03 9.329842e+03
31.5 9.294218e+03 9.295141e+03 9.308295e+03 9.307372e+03
32.5 9.311399e+03 9.314342e+03 9.308870e+03 9.305926e+03
33.5 9.377224e+03 9.345389e+03 9.309322e+03 9.341158e+03
34.5 9.418219e+03 9.377437e+03 9.309661e+03 9.350443e+03
35.5 9.418863e+03 9.401960e+03 9.309902e+03 9.326805e+03
36.5 9.462269e+03 9.416789e+03 9.310067e+03 9.355547e+03
37.5 9.437106e+03 9.423728e+03 9.310175e+03 9.323553e+03
38.5 9.372964e+03 9.425546e+03 9.310240e+03 9.257658e+03
39.5 9.342012e+03 9.424458e+03 9.310275e+03 9.227829e+03
40.5 9.300759e+03 9.422211e+03 9.310290e+03 9.188838e+03
