0.5 1.008372e+03 1.113211e+03 1.078383e+03 9.735441e+02
1.5 1.160765e+03 1.126102e+03 1.080651e+03 1.115314e+03
2.5 1.429023e+03 1.171910e+03 1.109180e+03 1.366293e+03
3.5 1.126507e+03 1.255010e+03 1.186321e+03 1.057818e+03
4.5 1.419879e+03 1.353260e+03 1.304806e+03 1.371426e+03
5.5 1.492571e+03 1.442251e+03 1.437471e+03 1.487792e+03
6.5 1.550334e+03 1.509688e+03 1.558686e+03 1.599332e+03
7.5 1.611483e+03 1.554375e+03 1.654576e+03 1.711684e+03
8.5 1.548862e+03 1.580459e+03 1.722252e+03 1.690654e+03
9.5 1.468456e+03 1.593098e+03 1.765062e+03 1.640420e+03
10.5 1.628747e+03 1.595302e+03 1.788440e+03 1.821885e+03
11.5 1.467125e+03 1.579874e+03 1.794005e+03 1.681256e+03
12.5 1.271842e+03 1.527539e+03 1.763554e+03 1.507858e+03
13.5 1.486803e+03 1.435575e+03 1.678125e+03 1.729353e+03
14.5 1.174976e+03 1.327412e+03 1.547606e+03 1.395171e+03
15.5 1.467629e+03 1.228440e+03 1.401178e+03 1.640368e+03
16.5 1.162765e+03 1.151640e+03 1.265967e+03 1.277091e+03
17.5 1.238162e+03 1.098622e+03 1.156881e+03 1.296421e+03
18.5 1.446557e+03 1.065415e+03 1.077434e+03 1.458576e+03
19.5 9.669112e+02 1.046859e+03 1.024558e+03 9.446102e+02
20.5 1.338153e+03 1.038539e+03 9.928370e+02 1.292451e+03
21.5 9.833716e+02 1.037160e+03 9.768557e+02 9.230672e+02
22.5 1.057575e+03 1.040315e+03 9.720438e+02 9.893041e+02
23.5 9.850398e+02 1.046185e+03 9.747584e+02 9.136134e+02
24.5 9.425815e+02 1.053367e+03 9.821348e+02 8.713492e+02
25.5 7.432047e+02 1.060804e+03 9.919464e+02 6.743470e+02
26.5 1.055141e+03 1.067760e+03 1.002523e+03 9.899044e+02
27.5 1.058740e+03 1.073796e+03 1.012700e+03 9.976450e+02
28.5 8.306829e+02 1.078718e+03 1.021757e+03 7.737218e+02
29.5 1.099198e+03 1.082524e+03 1.029342e+03 1.046016e+03
30.5 1.043773e+03 1.086613e+03 1.035391e+03 9.925512e+02
31.5 1.037344e+03 1.101475e+03 1.043668e+03 9.795371e+02
32.5 1.318044e+03 1.148794e+03 1.076925e+03 1.246175e+03
33.5 1.300575e+03 1.233107e+03 1.157754e+03 1.225221e+03
34.5 1.564029e+03 1.332389e+03 1.279122e+03 1.510762e+03
35.5 1.485925e+03 1.422307e+03 1.414068e+03 1.477686e+03
36.5 1.564776e+03 1.490615e+03 1.537136e+03 1.611296e+03
37.5 1.833504e+03 1.536138e+03 1.634576e+03 1.931942e+03
38.5 1.647785e+03 1.563038e+03 1.703592e+03 1.788339e+03
39.5 1.491757e+03 1.576480e+03 1.747602e+03 1.662879e+03
40.5 1.725284e+03 1.579477e+03 1.772083e+03 1.917891e+03
41.5 1.310873e+03 1.564832e+03 1.778688e+03 1.524729e+03
42.5 1.449659e+03 1.513270e+03 1.749233e+03 1.685622e+03
43.5 1.455302e+03 1.422068e+03 1.664767e+03 1.698001e+03
44.5 1.201118e+03 1.314654e+03 1.535186e+03 1.421650e+03
45.5 1.300481e+03 1.216416e+03 1.389676e+03 1.473741e+03
0.5 1.043773e+03 1.086613e+03 1.035391e+03 9.925512e+02
1.5 1.037344e+03 1.101475e+03 1.043668e+03 9.795371e+02
2.5 1.318044e+03 1.148794e+03 1.076925e+03 1.246175e+03
3.5 1.300575e+03 1.233107e+03 1.157754e+03 1.225221e+03
4.5 1.564029e+03 1.332389e+03 1.279122e+03 1.510762e+03
5.5 1.485925e+03 1.422307e+03 1.414068e+03 1.477686e+03
6.5 1.564776e+03 1.490615e+03 1.537136e+03 1.611296e+03
7.5 1.833504e+03 1.536138e+03 1.634576e+03 1.931942e+03
8.5 1.647785e+03 1.563038e+03 1.703592e+03 1.788339e+03
9.5 1.491757e+03 1.576480e+03 1.747602e+03 1.662879e+03
10.5 1.725284e+03 1.579477e+03 1.772083e+03 1.917891e+03
11.5 1.310873e+03 1.564832e+03 1.778688e+03 1.524729e+03
12.5 1.449659e+03 1.513270e+03 1.749233e+03 1.685622e+03
13.5 1.455302e+03 1.422068e+03 1.664767e+03 1.698001e+03
14.5 1.201118e+03 1.314654e+03 1.535186e+03 1.421650e+03
15.5 1.300481e+03 1.216416e+03 1.389676e+03 1.473741e+03
16.5 1.264986e+03 1.140336e+03 1.255364e+03 1.380014e+03
17.5 1.023150e+03 1.088027e+03 1.147161e+03 1.082284e+03
18.5 1.334522e+03 1.055517e+03 1.068583e+03 1.347588e+03
19.5 1.056364e+03 1.037643e+03 1.016562e+03 1.035282e+03
20.5 1.147034e+03 1.029991e+03 9.856822e+02 1.102725e+03
21.5 1.161516e+03 1.029268e+03 9.705278e+02 1.102776e+03
22.5 1.090656e+03 1.033064e+03 9.665286e+02 1.024121e+03
23.5 1.281999e+03 1.039561e+03 9.700415e+02 1.212479e+03
24.5 8.288746e+02 1.047357e+03 9.782017e+02 7.597192e+02
25.5 1.150896e+03 1.055394e+03 9.887826e+02 1.084284e+03
26.5 1.104619e+03 1.062937e+03 1.000114e+03 1.041796e+03
27.5 1.032039e+03 1.069546e+03 1.011031e+03 9.735239e+02
28.5 1.262104e+03 1.075029e+03 1.020813e+03 1.207889e+03
29.5 1.214647e+03 1.079372e+03 1.029109e+03 1.164384e+03
30.5 1.010230e+03 1.081463e+03 1.035840e+03 9.646078e+02
31.5 1.068798e+03 1.074203e+03 1.041113e+03 1.035708e+03
32.5 9.461180e+02 1.053159e+03 1.045129e+03 9.380876e+02
33.5 8.400233e+02 1.030088e+03 1.048129e+03 8.580641e+02
34.5 7.819666e+02 1.021156e+03 1.050347e+03 8.111581e+02
35.5 1.085827e+03 1.030644e+03 1.051990e+03 1.107173e+03
36.5 1.221054e+03 1.052339e+03 1.053227e+03 1.221941e+03
37.5 1.277859e+03 1.077694e+03 1.054186e+03 1.254351e+03
38.5 8.879340e+02 1.100781e+03 1.054959e+03 8.421117e+02
39.5 1.539688e+03 1.119092e+03 1.055615e+03 1.476211e+03
40.5 1.315338e+03 1.133616e+03 1.056201e+03 1.237923e+03
41.5 1.052918e+03 1.152379e+03 1.056746e+03 9.572842e+02
42.5 1.231415e+03 1.180951e+03 1.057270e+03 1.107735e+03
43.5 1.075396e+03 1.208570e+03 1.057787e+03 9.246126e+02
44.5 1.305347e+03 1.219865e+03 1.058303e+03 1.143785e+03
45.5 1.039932e+03 1.211191e+03 1.058823e+03 8.875639e+02
0.5 1.167375e+03 1.094280e+03 1.067692e+03 1.140787e+03
1.5 1.246946e+03 1.108857e+03 1.072045e+03 1.210133e+03
2.5 1.147066e+03 1.156319e+03 1.102628e+03 1.093375e+03
3.5 1.292417e+03 1.241043e+03 1.181795e+03 1.233169e+03
4.5 1.275250e+03 1.340886e+03 1.302278e+03 1.236643e+03
5.5 1.279258e+03 1.431440e+03 1.436912e+03 1.284730e+03
6.5 1.632519e+03 1.500476e+03 1.560068e+03 1.692111e+03
7.5 1.772224e+03 1.546779e+03 1.657893e+03 1.883339e+03
8.5 1.757045e+03 1.574394e+03 1.727479e+03 1.910130e+03
9.5 1.605216e+03 1.588540e+03 1.772176e+03 1.788853e+03
10.5 1.431671e+03 1.592226e+03 1.797414e+03 1.636859e+03
11.5 1.509136e+03 1.578258e+03 1.804818e+03 1.735697e+03
12.5 1.420058e+03 1.527356e+03 1.776183e+03 1.668885e+03
13.5 1.142961e+03 1.436791e+03 1.692546e+03 1.398717e+03
14.5 1.600210e+03 1.329987e+03 1.563799e+03 1.834022e+03
15.5 1.260879e+03 1.232333e+03 1.419121e+03 1.447668e+03
16.5 1.215808e+03 1.156818e+03 1.285641e+03 1.344631e+03
17.5 1.239667e+03 1.105057e+03 1.178267e+03 1.312877e+03
18.5 9.841262e+02 1.073086e+03 1.100514e+03 1.011553e+03
19.5 1.142172e+03 1.055748e+03 1.049314e+03 1.135739e+03
20.5 1.153456e+03 1.048629e+03 1.019254e+03 1.124080e+03
21.5 9.339750e+02 1.048438e+03 1.004918e+03 8.904548e+02
22.5 1.132955e+03 1.052766e+03 1.001737e+03 1.081926e+03
23.5 1.289144e+03 1.059797e+03 1.006071e+03 1.235418e+03
24.5 1.116291e+03 1.068127e+03 1.015054e+03 1.063218e+03
25.5 1.107743e+03 1.076701e+03 1.026462e+03 1.057504e+03
26.5 1.218185e+03 1.084782e+03 1.038626e+03 1.172029e+03
27.5 1.041212e+03 1.091933e+03 1.050383e+03 9.996617e+02
28.5 1.035335e+03 1.097960e+03 1.061013e+03 9.983880e+02
29.5 9.606804e+02 1.102852e+03 1.070165e+03 9.279938e+02
30.5 1.122696e+03 1.105496e+03 1.077765e+03 1.094965e+03
31.5 9.615375e+02 1.098795e+03 1.083918e+03 9.466609e+02
32.5 1.291266e+03 1.078321e+03 1.088829e+03 1.301774e+03
33.5 1.062830e+03 1.055837e+03 1.092739e+03 1.099732e+03
34.5 1.083627e+03 1.047514e+03 1.095884e+03 1.131997e+03
35.5 1.120976e+03 1.057628e+03 1.098472e+03 1.161821e+03
36.5 1.128991e+03 1.079957e+03 1.100675e+03 1.149709e+03
37.5 9.973250e+02 1.105948e+03 1.102620e+03 9.939969e+02
38.5 1.082073e+03 1.129673e+03 1.104404e+03 1.056804e+03
39.5 9.487784e+02 1.148610e+03 1.106095e+03 9.062634e+02
40.5 1.136158e+03 1.160880e+03 1.107741e+03 1.083019e+03
