0.5 9.090171e+03 9.116313e+03 9.142787e+03 9.116645e+03
1.5 9.084203e+03 9.118747e+03 9.137039e+03 9.102495e+03
2.5 9.134769e+03 9.124061e+03 9.122681e+03 9.133389e+03
3.5 9.161075e+03 9.131484e+03 9.105435e+03 9.135026e+03
4.5 9.148955e+03 9.138350e+03 9.094799e+03 9.105405e+03
5.5 9.161552e+03 9.142941e+03 9.094292e+03 9.112903e+03
6.5 9.164409e+03 9.145168e+03 9.101361e+03 9.120602e+03
7.5 9.155682e+03 9.145762e+03 9.111642e+03 9.121562e+03
8.5 9.153431e+03 9.145509e+03 9.121832e+03 9.129754e+03
9.5 9.177294e+03 9.144929e+03 9.130334e+03 9.162698e+03
10.5 9.169105e+03 9.144104e+03 9.137481e+03 9.162482e+03
11.5 9.162798e+03 9.141895e+03 9.147806e+03 9.168709e+03
12.5 9.125920e+03 9.136721e+03 9.165257e+03 9.154456e+03
13.5 9.121578e+03 9.129417e+03 9.184441e+03 9.176601e+03
14.5 9.126458e+03 9.122702e+03 9.196125e+03 9.199881e+03
15.5 9.106357e+03 9.118321e+03 9.197007e+03 9.185043e+03
16.5 9.140738e+03 9.116378e+03 9.189828e+03 9.214187e+03
17.5 9.133200e+03 9.116140e+03 9.179118e+03 9.196179e+03
18.5 9.110575e+03 9.116809e+03 9.168327e+03 9.162093e+03
19.5 9.107221e+03 9.117844e+03 9.159166e+03 9.148542e+03
20.5 9.133273e+03 9.118965e+03 9.152085e+03 9.166394e+03
21.5 9.121826e+03 9.120049e+03 9.146922e+03 9.148698e+03
22.5 9.113527e+03 9.121049e+03 9.143335e+03 9.135813e+03
23.5 9.132735e+03 9.121939e+03 9.140997e+03 9.151794e+03
24.5 9.143338e+03 9.122705e+03 9.139637e+03 9.160270e+03
25.5 9.124237e+03 9.123339e+03 9.139024e+03 9.139922e+03
26.5 9.105624e+03 9.123844e+03 9.138955e+03 9.120735e+03
27.5 9.095547e+03 9.124234e+03 9.139248e+03 9.110561e+03
28.5 9.099465e+03 9.124526e+03 9.139747e+03 9.114685e+03
29.5 9.089186e+03 9.124745e+03 9.140324e+03 9.104766e+03
30.5 9.079905e+03 9.125094e+03 9.140192e+03 9.095003e+03
31.5 9.068888e+03 9.126833e+03 9.134975e+03 9.077030e+03
32.5 9.119354e+03 9.131595e+03 9.121062e+03 9.108822e+03
33.5 9.138366e+03 9.138567e+03 9.104171e+03 9.103970e+03
34.5 9.146747e+03 9.145050e+03 9.093806e+03 9.095502e+03
35.5 9.159158e+03 9.149304e+03 9.093496e+03 9.103351e+03
36.5 9.155105e+03 9.151222e+03 9.100705e+03 9.104589e+03
37.5 9.126469e+03 9.151527e+03 9.111085e+03 9.086027e+03
38.5 9.154953e+03 9.150997e+03 9.121342e+03 9.125299e+03
39.5 9.145826e+03 9.150150e+03 9.129890e+03 9.125566e+03
40.5 9.096222e+03 9.149064e+03 9.137068e+03 9.084226e+03
41.5 9.168127e+03 9.146600e+03 9.147414e+03 9.168941e+03
42.5 9.186068e+03 9.141176e+03 9.164879e+03 9.209772e+03
43.5 9.163565e+03 9.133627e+03 9.184074e+03 9.214013e+03
44.5 9.158905e+03 9.126670e+03 9.195767e+03 9.228002e+03
45.5 9.103197e+03 9.122053e+03 9.196657e+03 9.177801e+03
0.5 9.079905e+03 9.125094e+03 9.140192e+03 9.095003e+03
1.5 9.068888e+03 9.126833e+03 9.134975e+03 9.077030e+03
2.5 9.119354e+03 9.131595e+03 9.121062e+03 9.108822e+03
3.5 9.138366e+03 9.138567e+03 9.104171e+03 9.103970e+03
4.5 9.146747e+03 9.145050e+03 9.093806e+03 9.095502e+03
5.5 9.159158e+03 9.149304e+03 9.093496e+03 9.103351e+03
6.5 9.155105e+03 9.151222e+03 9.100705e+03 9.104589e+03
7.5 9.126469e+03 9.151527e+03 9.111085e+03 9.086027e+03
8.5 9.154953e+03 9.150997e+03 9.121342e+03 9.125299e+03
9.5 9.145826e+03 9.150150e+03 9.129890e+03 9.125566e+03
10.5 9.096222e+03 9.149064e+03 9.137068e+03 9.084226e+03
11.5 9.168127e+03 9.146600e+03 9.147414e+03 9.168941e+03
12.5 9.186068e+03 9.141176e+03 9.164879e+03 9.209772e+03
13.5 9.163565e+03 9.133627e+03 9.184074e+03 9.214013e+03
14.5 9.158905e+03 9.126670e+03 9.195767e+03 9.228002e+03
15.5 9.103197e+03 9.122053e+03 9.196657e+03 9.177801e+03
16.5 9.111877e+03 9.119879e+03 9.189485e+03 9.181483e+03
17.5 9.113780e+03 9.119413e+03 9.178781e+03 9.173148e+03
18.5 9.067578e+03 9.119858e+03 9.167995e+03 9.115715e+03
19.5 9.114529e+03 9.120674e+03 9.158839e+03 9.152694e+03
20.5 9.101226e+03 9.121579e+03 9.151764e+03 9.131411e+03
21.5 9.123496e+03 9.122453e+03 9.146606e+03 9.147650e+03
22.5 9.100811e+03 9.123245e+03 9.143025e+03 9.120592e+03
23.5 9.088727e+03 9.123932e+03 9.140693e+03 9.105489e+03
24.5 9.098696e+03 9.124498e+03 9.139339e+03 9.113537e+03
25.5 9.092197e+03 9.124936e+03 9.138732e+03 9.105992e+03
26.5 9.134271e+03 9.125250e+03 9.138668e+03 9.147689e+03
27.5 9.156157e+03 9.125451e+03 9.138967e+03 9.169673e+03
28.5 9.159590e+03 9.125559e+03 9.139471e+03 9.173502e+03
29.5 9.198670e+03 9.125598e+03 9.140057e+03 9.213129e+03
30.5 9.192282e+03 9.126296e+03 9.140638e+03 9.206624e+03
31.5 9.171261e+03 9.132696e+03 9.141159e+03 9.179724e+03
32.5 9.180594e+03 9.152665e+03 9.141596e+03 9.169525e+03
33.5 9.173410e+03 9.184691e+03 9.141941e+03 9.130660e+03
34.5 9.217099e+03 9.217880e+03 9.142202e+03 9.141420e+03
35.5 9.249112e+03 9.243576e+03 9.142390e+03 9.147926e+03
36.5 9.258165e+03 9.259500e+03 9.142521e+03 9.141186e+03
37.5 9.344042e+03 9.267410e+03 9.142610e+03 9.219242e+03
38.5 9.316433e+03 9.270075e+03 9.142668e+03 9.189026e+03
39.5 9.324701e+03 9.269729e+03 9.142705e+03 9.197677e+03
40.5 9.337921e+03 9.267062e+03 9.142726e+03 9.213584e+03
41.5 9.284745e+03 9.257834e+03 9.142738e+03 9.169649e+03
42.5 9.221339e+03 9.234647e+03 9.142743e+03 9.129435e+03
43.5 9.149949e+03 9.199328e+03 9.142745e+03 9.093366e+03
44.5 9.107125e+03 9.163008e+03 9.142744e+03 9.086862e+03
45.5 9.098524e+03 9.134510e+03 9.142743e+03 9.106758e+03
0.5 9.122422e+03 9.121241e+03 9.141981e+03 9.143162e+03
1.5 9.113068e+03 9.123078e+03 9.136244e+03 9.126234e+03
2.5 9.101974e+03 9.127802e+03 9.121897e+03 9.096069e+03
3.5 9.085156e+03 9.134644e+03 9.104663e+03 9.055175e+03
4.5 9.137111e+03 9.140936e+03 9.094038e+03 9.090214e+03
5.5 9.130803e+03 9.144960e+03 9.093542e+03 9.079385e+03
6.5 9.119159e+03 9.146610e+03 9.100617e+03 9.073166e+03
7.5 9.141716e+03 9.146612e+03 9.110905e+03 9.106009e+03
8.5 9.153617e+03 9.145784e+03 9.121104e+03 9.128937e+03
9.5 9.131556e+03 9.144636e+03 9.129616e+03 9.116536e+03
10.5 9.136698e+03 9.143245e+03 9.136772e+03 9.130225e+03
11.5 9.095504e+03 9.140474e+03 9.147107e+03 9.102137e+03
12.5 9.135550e+03 9.134741e+03 9.164566e+03 9.165374e+03
13.5 9.121872e+03 9.126888e+03 9.183759e+03 9.178742e+03
14.5 9.080658e+03 9.119633e+03 9.195451e+03 9.156477e+03
15.5 9.129531e+03 9.114725e+03 9.196342e+03 9.211148e+03
16.5 9.127320e+03 9.112266e+03 9.189170e+03 9.204224e+03
17.5 9.079432e+03 9.111521e+03 9.178468e+03 9.146379e+03
18.5 9.073292e+03 9.111690e+03 9.167683e+03 9.129285e+03
19.5 9.048883e+03 9.112231e+03 9.158529e+03 9.095181e+03
20.5 9.102495e+03 9.112860e+03 9.151454e+03 9.141089e+03
21.5 9.100836e+03 9.113456e+03 9.146296e+03 9.133677e+03
22.5 9.088249e+03 9.113967e+03 9.142715e+03 9.116998e+03
23.5 9.112631e+03 9.114369e+03 9.140382e+03 9.138644e+03
24.5 9.140861e+03 9.114646e+03 9.139026e+03 9.165241e+03
25.5 9.159561e+03 9.114790e+03 9.138418e+03 9.183188e+03
26.5 9.157033e+03 9.114804e+03 9.138352e+03 9.180582e+03
27.5 9.134196e+03 9.114699e+03 9.138648e+03 9.158145e+03
28.5 9.138166e+03 9.114496e+03 9.139149e+03 9.162819e+03
29.5 9.125483e+03 9.114217e+03 9.139731e+03 9.150997e+03
30.5 9.138452e+03 9.114591e+03 9.140308e+03 9.164169e+03
31.5 9.118544e+03 9.120660e+03 9.140824e+03 9.138708e+03
32.5 9.146644e+03 9.140287e+03 9.141255e+03 9.147613e+03
33.5 9.210922e+03 9.171954e+03 9.141594e+03 9.180562e+03
34.5 9.262254e+03 9.204760e+03 9.141848e+03 9.199342e+03
35.5 9.259767e+03 9.230045e+03 9.142029e+03 9.171750e+03
36.5 9.297687e+03 9.245534e+03 9.142153e+03 9.194306e+03
37.5 9.267462e+03 9.252986e+03 9.142233e+03 9.156709e+03
38.5 9.195940e+03 9.255176e+03 9.142282e+03 9.083046e+03
39.5 9.175161e+03 9.254342e+03 9.142309e+03 9.063128e+03
40.5 9.118700e+03 9.252066e+03 9.142320e+03 9.008954e+03
