0.5 6.499721e+03 6.508360e+03 6.518549e+03 6.509910e+03
1.5 6.545038e+03 6.508494e+03 6.518433e+03 6.554976e+03
2.5 6.520205e+03 6.511274e+03 6.516964e+03 6.525895e+03
3.5 6.502265e+03 6.518490e+03 6.512992e+03 6.496767e+03
4.5 6.506848e+03 6.529224e+03 6.506893e+03 6.484516e+03
5.5 6.558518e+03 6.540973e+03 6.500063e+03 6.517608e+03
6.5 6.550274e+03 6.551536e+03 6.493822e+03 6.492559e+03
7.5 6.573731e+03 6.559801e+03 6.488886e+03 6.502815e+03
8.5 6.578779e+03 6.565595e+03 6.485402e+03 6.498585e+03
9.5 6.570175e+03 6.569251e+03 6.483198e+03 6.484121e+03
10.5 6.574590e+03 6.571236e+03 6.481994e+03 6.485348e+03
11.5 6.568426e+03 6.571568e+03 6.481708e+03 6.478566e+03
12.5 6.529228e+03 6.568537e+03 6.483275e+03 6.443966e+03
13.5 6.577687e+03 6.560620e+03 6.487673e+03 6.504740e+03
14.5 6.539936e+03 6.548935e+03 6.494393e+03 6.485395e+03
15.5 6.578328e+03 6.536138e+03 6.501931e+03 6.544122e+03
16.5 6.535135e+03 6.524544e+03 6.508892e+03 6.519483e+03
17.5 6.524705e+03 6.515341e+03 6.514508e+03 6.523872e+03
18.5 6.562645e+03 6.508748e+03 6.518598e+03 6.572496e+03
19.5 6.554568e+03 6.504446e+03 6.521320e+03 6.571442e+03
20.5 6.527179e+03 6.501949e+03 6.522953e+03 6.548183e+03
21.5 6.531917e+03 6.500784e+03 6.523776e+03 6.554909e+03
22.5 6.532046e+03 6.500557e+03 6.524024e+03 6.555513e+03
23.5 6.496626e+03 6.500958e+03 6.523884e+03 6.519552e+03
24.5 6.538454e+03 6.501741e+03 6.523504e+03 6.560217e+03
25.5 6.510051e+03 6.502717e+03 6.522999e+03 6.530333e+03
26.5 6.520089e+03 6.503745e+03 6.522455e+03 6.538800e+03
27.5 6.538151e+03 6.504726e+03 6.521931e+03 6.555356e+03
28.5 6.502403e+03 6.505602e+03 6.521465e+03 6.518266e+03
29.5 6.513857e+03 6.506345e+03 6.521074e+03 6.528586e+03
30.5 6.555336e+03 6.506971e+03 6.520763e+03 6.569128e+03
31.5 6.558010e+03 6.507929e+03 6.520337e+03 6.570417e+03
32.5 6.552379e+03 6.511319e+03 6.518624e+03 6.559684e+03
33.5 6.542823e+03 6.518975e+03 6.514463e+03 6.538312e+03
34.5 6.551785e+03 6.530022e+03 6.508215e+03 6.529978e+03
35.5 6.594571e+03 6.541993e+03 6.501268e+03 6.553846e+03
36.5 6.585373e+03 6.552715e+03 6.494932e+03 6.527590e+03
37.5 6.588803e+03 6.561096e+03 6.489915e+03 6.517622e+03
38.5 6.576010e+03 6.566978e+03 6.486362e+03 6.495395e+03
39.5 6.565471e+03 6.570705e+03 6.484097e+03 6.478863e+03
40.5 6.602087e+03 6.572749e+03 6.482836e+03 6.512174e+03
41.5 6.556458e+03 6.573135e+03 6.482496e+03 6.465819e+03
42.5 6.544467e+03 6.570155e+03 6.484013e+03 6.458324e+03
43.5 6.551627e+03 6.562288e+03 6.488361e+03 6.477701e+03
44.5 6.529821e+03 6.550651e+03 6.495032e+03 6.474202e+03
45.5 6.544368e+03 6.537903e+03 6.502523e+03 6.508988e+03
0.5 6.555336e+03 6.506971e+03 6.520763e+03 6.569128e+03
1.5 6.558010e+03 6.507929e+03 6.520337e+03 6.570417e+03
2.5 6.552379e+03 6.511319e+03 6.518624e+03 6.559684e+03
3.5 6.542823e+03 6.518975e+03 6.514463e+03 6.538312e+03
4.5 6.551785e+03 6.530022e+03 6.508215e+03 6.529978e+03
5.5 6.594571e+03 6.541993e+03 6.501268e+03 6.553846e+03
6.5 6.585373e+03 6.552715e+03 6.494932e+03 6.527590e+03
7.5 6.588803e+03 6.561096e+03 6.489915e+03 6.517622e+03
8.5 6.576010e+03 6.566978e+03 6.486362e+03 6.495395e+03
9.5 6.565471e+03 6.570705e+03 6.484097e+03 6.478863e+03
10.5 6.602087e+03 6.572749e+03 6.482836e+03 6.512174e+03
11.5 6.556458e+03 6.573135e+03 6.482496e+03 6.465819e+03
12.5 6.544467e+03 6.570155e+03 6.484013e+03 6.458324e+03
13.5 6.551627e+03 6.562288e+03 6.488361e+03 6.477701e+03
14.5 6.529821e+03 6.550651e+03 6.495032e+03 6.474202e+03
15.5 6.544368e+03 6.537903e+03 6.502523e+03 6.508988e+03
16.5 6.554115e+03 6.526357e+03 6.509438e+03 6.537196e+03
17.5 6.514503e+03 6.517204e+03 6.515008e+03 6.512308e+03
18.5 6.543619e+03 6.510661e+03 6.519054e+03 6.552012e+03
19.5 6.544578e+03 6.506410e+03 6.521732e+03 6.559900e+03
20.5 6.541823e+03 6.503964e+03 6.523322e+03 6.561181e+03
21.5 6.531443e+03 6.502850e+03 6.524102e+03 6.552695e+03
22.5 6.496741e+03 6.502676e+03 6.524308e+03 6.518374e+03
23.5 6.488395e+03 6.503129e+03 6.524127e+03 6.509393e+03
24.5 6.493505e+03 6.503964e+03 6.523707e+03 6.513248e+03
25.5 6.519425e+03 6.504993e+03 6.523162e+03 6.537594e+03
26.5 6.521129e+03 6.506073e+03 6.522579e+03 6.537634e+03
27.5 6.524222e+03 6.507108e+03 6.522017e+03 6.539131e+03
28.5 6.540410e+03 6.508037e+03 6.521513e+03 6.553886e+03
29.5 6.552557e+03 6.508832e+03 6.521086e+03 6.564811e+03
30.5 6.505705e+03 6.509341e+03 6.520740e+03 6.517104e+03
31.5 6.479917e+03 6.508301e+03 6.520468e+03 6.492084e+03
32.5 6.490016e+03 6.502735e+03 6.520261e+03 6.507542e+03
33.5 6.461993e+03 6.491645e+03 6.520107e+03 6.490454e+03
34.5 6.435689e+03 6.477772e+03 6.519993e+03 6.477909e+03
35.5 6.408472e+03 6.464576e+03 6.519908e+03 6.463804e+03
36.5 6.447995e+03 6.454081e+03 6.519844e+03 6.513758e+03
37.5 6.464540e+03 6.446761e+03 6.519795e+03 6.537575e+03
38.5 6.436656e+03 6.442215e+03 6.519755e+03 6.514196e+03
39.5 6.477783e+03 6.439782e+03 6.519721e+03 6.557722e+03
40.5 6.474369e+03 6.438995e+03 6.519691e+03 6.555066e+03
41.5 6.416033e+03 6.440648e+03 6.519663e+03 6.495048e+03
42.5 6.456095e+03 6.447383e+03 6.519636e+03 6.528348e+03
43.5 6.440209e+03 6.459953e+03 6.519610e+03 6.499865e+03
44.5 6.458772e+03 6.475434e+03 6.519583e+03 6.502921e+03
45.5 6.466796e+03 6.490229e+03 6.519556e+03 6.496124e+03
0.5 6.514670e+03 6.516204e+03 6.519100e+03 6.517566e+03
1.5 6.542535e+03 6.516470e+03 6.518876e+03 6.544940e+03
2.5 6.546050e+03 6.519387e+03 6.517301e+03 6.543964e+03
3.5 6.540177e+03 6.526742e+03 6.513225e+03 6.526661e+03
4.5 6.546159e+03 6.537619e+03 6.507023e+03 6.515562e+03
5.5 6.545703e+03 6.549514e+03 6.500092e+03 6.496280e+03
6.5 6.584117e+03 6.560218e+03 6.493751e+03 6.517650e+03
7.5 6.582382e+03 6.568618e+03 6.488715e+03 6.502479e+03
8.5 6.539055e+03 6.574558e+03 6.485132e+03 6.449630e+03
9.5 6.560985e+03 6.578363e+03 6.482831e+03 6.465454e+03
10.5 6.560675e+03 6.580499e+03 6.481532e+03 6.461709e+03
11.5 6.565982e+03 6.580984e+03 6.481151e+03 6.466149e+03
12.5 6.576240e+03 6.578111e+03 6.482625e+03 6.480754e+03
13.5 6.565242e+03 6.570357e+03 6.486931e+03 6.481816e+03
14.5 6.612425e+03 6.558842e+03 6.493559e+03 6.547143e+03
15.5 6.539563e+03 6.546223e+03 6.501007e+03 6.494347e+03
16.5 6.512801e+03 6.534815e+03 6.507879e+03 6.485866e+03
17.5 6.544083e+03 6.525806e+03 6.513407e+03 6.531684e+03
18.5 6.543801e+03 6.519411e+03 6.517410e+03 6.541800e+03
19.5 6.531316e+03 6.515315e+03 6.520046e+03 6.536047e+03
20.5 6.562260e+03 6.513027e+03 6.521593e+03 6.570826e+03
21.5 6.539361e+03 6.512076e+03 6.522331e+03 6.549616e+03
22.5 6.495534e+03 6.512069e+03 6.522495e+03 6.505961e+03
23.5 6.508399e+03 6.512693e+03 6.522272e+03 6.517978e+03
24.5 6.524903e+03 6.513705e+03 6.521810e+03 6.533008e+03
25.5 6.490107e+03 6.514914e+03 6.521222e+03 6.496415e+03
26.5 6.504075e+03 6.516180e+03 6.520596e+03 6.508492e+03
27.5 6.496418e+03 6.517405e+03 6.519991e+03 6.499004e+03
28.5 6.502143e+03 6.518529e+03 6.519444e+03 6.503057e+03
29.5 6.474418e+03 6.519527e+03 6.518972e+03 6.473864e+03
30.5 6.537986e+03 6.520243e+03 6.518581e+03 6.536323e+03
31.5 6.492700e+03 6.519418e+03 6.518264e+03 6.491546e+03
32.5 6.525129e+03 6.514074e+03 6.518012e+03 6.529066e+03
33.5 6.512352e+03 6.503216e+03 6.517810e+03 6.526947e+03
34.5 6.483247e+03 6.489589e+03 6.517648e+03 6.511307e+03
35.5 6.472667e+03 6.476653e+03 6.517515e+03 6.513529e+03
36.5 6.474245e+03 6.466436e+03 6.517402e+03 6.525211e+03
37.5 6.412075e+03 6.459409e+03 6.517302e+03 6.469968e+03
38.5 6.413216e+03 6.455172e+03 6.517210e+03 6.475254e+03
39.5 6.425540e+03 6.453062e+03 6.517123e+03 6.489601e+03
40.5 6.459161e+03 6.453086e+03 6.517038e+03 6.523113e+03
