0.5 5.567985e+03 5.612674e+03 5.629607e+03 5.584918e+03
1.5 5.575125e+03 5.614589e+03 5.630647e+03 5.591184e+03
2.5 5.588585e+03 5.618418e+03 5.633245e+03 5.603412e+03
3.5 5.606760e+03 5.622812e+03 5.636366e+03 5.620314e+03
4.5 5.590658e+03 5.625491e+03 5.638291e+03 5.603459e+03
5.5 5.637900e+03 5.625633e+03 5.638383e+03 5.650651e+03
6.5 5.603147e+03 5.623891e+03 5.637104e+03 5.616360e+03
7.5 5.571689e+03 5.621351e+03 5.635243e+03 5.585582e+03
8.5 5.631614e+03 5.618830e+03 5.633399e+03 5.646183e+03
9.5 5.633509e+03 5.616724e+03 5.631860e+03 5.648645e+03
10.5 5.592007e+03 5.614952e+03 5.630567e+03 5.607622e+03
11.5 5.626045e+03 5.612404e+03 5.628698e+03 5.642340e+03
12.5 5.608954e+03 5.608120e+03 5.625540e+03 5.626375e+03
13.5 5.628859e+03 5.603426e+03 5.622068e+03 5.647501e+03
14.5 5.601729e+03 5.600581e+03 5.619954e+03 5.621102e+03
15.5 5.565851e+03 5.600384e+03 5.619794e+03 5.585261e+03
16.5 5.588895e+03 5.602155e+03 5.621093e+03 5.607834e+03
17.5 5.602869e+03 5.604780e+03 5.623032e+03 5.621120e+03
18.5 5.593404e+03 5.607415e+03 5.624985e+03 5.610973e+03
19.5 5.619714e+03 5.609641e+03 5.626643e+03 5.636716e+03
20.5 5.631279e+03 5.611348e+03 5.627924e+03 5.647855e+03
21.5 5.552885e+03 5.612578e+03 5.628858e+03 5.569166e+03
22.5 5.594521e+03 5.613416e+03 5.629508e+03 5.610612e+03
23.5 5.615558e+03 5.613944e+03 5.629931e+03 5.631544e+03
24.5 5.625203e+03 5.614228e+03 5.630177e+03 5.641151e+03
25.5 5.647681e+03 5.614327e+03 5.630288e+03 5.663642e+03
26.5 5.631871e+03 5.614289e+03 5.630300e+03 5.647882e+03
27.5 5.689713e+03 5.614160e+03 5.630247e+03 5.705800e+03
28.5 5.614368e+03 5.613978e+03 5.630157e+03 5.630547e+03
29.5 5.596564e+03 5.613775e+03 5.630052e+03 5.612841e+03
30.5 5.593235e+03 5.613744e+03 5.630076e+03 5.609568e+03
31.5 5.612141e+03 5.614954e+03 5.631021e+03 5.628208e+03
32.5 5.618660e+03 5.618284e+03 5.633538e+03 5.633914e+03
33.5 5.620175e+03 5.622325e+03 5.636595e+03 5.634445e+03
34.5 5.620145e+03 5.624754e+03 5.638471e+03 5.633862e+03
35.5 5.676944e+03 5.624713e+03 5.638527e+03 5.690758e+03
36.5 5.693952e+03 5.622832e+03 5.637222e+03 5.708342e+03
37.5 5.669981e+03 5.620180e+03 5.635344e+03 5.685145e+03
38.5 5.622008e+03 5.617564e+03 5.633488e+03 5.637933e+03
39.5 5.591208e+03 5.615371e+03 5.631941e+03 5.607777e+03
40.5 5.575611e+03 5.613517e+03 5.630642e+03 5.592735e+03
41.5 5.606951e+03 5.610890e+03 5.628769e+03 5.624829e+03
42.5 5.624016e+03 5.606529e+03 5.625609e+03 5.643096e+03
43.5 5.606365e+03 5.601758e+03 5.622135e+03 5.626741e+03
44.5 5.641254e+03 5.598835e+03 5.620019e+03 5.662437e+03
45.5 5.626550e+03 5.598560e+03 5.619858e+03 5.647848e+03
0.5 5.593235e+03 5.613744e+03 5.630076e+03 5.609568e+03
1.5 5.612141e+03 5.614954e+03 5.631021e+03 5.628208e+03
2.5 5.618660e+03 5.618284e+03 5.633538e+03 5.633914e+03
3.5 5.620175e+03 5.622325e+03 5.636595e+03 5.634445e+03
4.5 5.620145e+03 5.624754e+03 5.638471e+03 5.633862e+03
5.5 5.676944e+03 5.624713e+03 5.638527e+03 5.690758e+03
6.5 5.693952e+03 5.622832e+03 5.637222e+03 5.708342e+03
7.5 5.669981e+03 5.620180e+03 5.635344e+03 5.685145e+03
8.5 5.622008e+03 5.617564e+03 5.633488e+03 5.637933e+03
9.5 5.591208e+03 5.615371e+03 5.631941e+03 5.607777e+03
10.5 5.575611e+03 5.613517e+03 5.630642e+03 5.592735e+03
11.5 5.606951e+03 5.610890e+03 5.628769e+03 5.624829e+03
12.5 5.624016e+03 5.606529e+03 5.625609e+03 5.643096e+03
13.5 5.606365e+03 5.601758e+03 5.622135e+03 5.626741e+03
14.5 5.641254e+03 5.598835e+03 5.620019e+03 5.662437e+03
15.5 5.626550e+03 5.598560e+03 5.619858e+03 5.647848e+03
16.5 5.608200e+03 5.600253e+03 5.621156e+03 5.629102e+03
17.5 5.602410e+03 5.602801e+03 5.623093e+03 5.622702e+03
18.5 5.572523e+03 5.605357e+03 5.625045e+03 5.592211e+03
19.5 5.594141e+03 5.607503e+03 5.626702e+03 5.613340e+03
20.5 5.619632e+03 5.609130e+03 5.627982e+03 5.638483e+03
21.5 5.617789e+03 5.610281e+03 5.628915e+03 5.636424e+03
22.5 5.616104e+03 5.611039e+03 5.629564e+03 5.634629e+03
23.5 5.586557e+03 5.611487e+03 5.629986e+03 5.605055e+03
24.5 5.590488e+03 5.611692e+03 5.630231e+03 5.609027e+03
25.5 5.607532e+03 5.611710e+03 5.630341e+03 5.626163e+03
26.5 5.603545e+03 5.611592e+03 5.630352e+03 5.622305e+03
27.5 5.646793e+03 5.611383e+03 5.630298e+03 5.665708e+03
28.5 5.639628e+03 5.611122e+03 5.630207e+03 5.658713e+03
29.5 5.632180e+03 5.610842e+03 5.630101e+03 5.651438e+03
30.5 5.673870e+03 5.611302e+03 5.629996e+03 5.692564e+03
31.5 5.639325e+03 5.617838e+03 5.629901e+03 5.651389e+03
32.5 5.670158e+03 5.639077e+03 5.629822e+03 5.660903e+03
33.5 5.730498e+03 5.673847e+03 5.629760e+03 5.686412e+03
34.5 5.724788e+03 5.710617e+03 5.629713e+03 5.643883e+03
35.5 5.787760e+03 5.739835e+03 5.629679e+03 5.677603e+03
36.5 5.725479e+03 5.758643e+03 5.629655e+03 5.596490e+03
37.5 5.788355e+03 5.768616e+03 5.629639e+03 5.649377e+03
38.5 5.746538e+03 5.772594e+03 5.629628e+03 5.603571e+03
39.5 5.764023e+03 5.772971e+03 5.629622e+03 5.620674e+03
40.5 5.800513e+03 5.770567e+03 5.629618e+03 5.659564e+03
41.5 5.796226e+03 5.760979e+03 5.629616e+03 5.664863e+03
42.5 5.764276e+03 5.736139e+03 5.629615e+03 5.657752e+03
43.5 5.774242e+03 5.697608e+03 5.629614e+03 5.706249e+03
44.5 5.662276e+03 5.657200e+03 5.629614e+03 5.634691e+03
45.5 5.651254e+03 5.624674e+03 5.629615e+03 5.656195e+03
0.5 5.576077e+03 5.603431e+03 5.629753e+03 5.602399e+03
1.5 5.592312e+03 5.605111e+03 5.630791e+03 5.617992e+03
2.5 5.615891e+03 5.608702e+03 5.633387e+03 5.640576e+03
3.5 5.618953e+03 5.612853e+03 5.636506e+03 5.642606e+03
4.5 5.574593e+03 5.615285e+03 5.638429e+03 5.597737e+03
5.5 5.594914e+03 5.615176e+03 5.638519e+03 5.618257e+03
6.5 5.583945e+03 5.613179e+03 5.637238e+03 5.608004e+03
7.5 5.621289e+03 5.610383e+03 5.635377e+03 5.646283e+03
8.5 5.600831e+03 5.607602e+03 5.633531e+03 5.626760e+03
9.5 5.594396e+03 5.605231e+03 5.631990e+03 5.621155e+03
10.5 5.627953e+03 5.603189e+03 5.630695e+03 5.655459e+03
11.5 5.635806e+03 5.600368e+03 5.628825e+03 5.664263e+03
12.5 5.579243e+03 5.595806e+03 5.625665e+03 5.609102e+03
13.5 5.583871e+03 5.590830e+03 5.622192e+03 5.615233e+03
14.5 5.555551e+03 5.587696e+03 5.620076e+03 5.587931e+03
15.5 5.569023e+03 5.587205e+03 5.619915e+03 5.601733e+03
16.5 5.596315e+03 5.588674e+03 5.621213e+03 5.628854e+03
17.5 5.551814e+03 5.590991e+03 5.623149e+03 5.583972e+03
18.5 5.604821e+03 5.593310e+03 5.625101e+03 5.636612e+03
19.5 5.581243e+03 5.595213e+03 5.626758e+03 5.612789e+03
20.5 5.570605e+03 5.596589e+03 5.628038e+03 5.602054e+03
21.5 5.605278e+03 5.597482e+03 5.628972e+03 5.636768e+03
22.5 5.549014e+03 5.597975e+03 5.629620e+03 5.580659e+03
23.5 5.582708e+03 5.598149e+03 5.630042e+03 5.614601e+03
24.5 5.659320e+03 5.598073e+03 5.630287e+03 5.691534e+03
25.5 5.657272e+03 5.597802e+03 5.630397e+03 5.689868e+03
26.5 5.600923e+03 5.597386e+03 5.630409e+03 5.633946e+03
27.5 5.566292e+03 5.596871e+03 5.630356e+03 5.599777e+03
28.5 5.574130e+03 5.596294e+03 5.630265e+03 5.608102e+03
29.5 5.602024e+03 5.595688e+03 5.630160e+03 5.636496e+03
30.5 5.643320e+03 5.595813e+03 5.630055e+03 5.677562e+03
31.5 5.583458e+03 5.602002e+03 5.629962e+03 5.611418e+03
32.5 5.619330e+03 5.622881e+03 5.629884e+03 5.626332e+03
33.5 5.666937e+03 5.657268e+03 5.629823e+03 5.639491e+03
34.5 5.740226e+03 5.693627e+03 5.629777e+03 5.676376e+03
35.5 5.775431e+03 5.722399e+03 5.629744e+03 5.682775e+03
36.5 5.734192e+03 5.740729e+03 5.629721e+03 5.623184e+03
37.5 5.769482e+03 5.750198e+03 5.629707e+03 5.648991e+03
38.5 5.701164e+03 5.753646e+03 5.629698e+03 5.577216e+03
39.5 5.692378e+03 5.753472e+03 5.629693e+03 5.568599e+03
40.5 5.697257e+03 5.750543e+03 5.629691e+03 5.576405e+03
