0.5 8.953752e+03 8.987208e+03 8.967163e+03 8.933706e+03
1.5 8.917161e+03 8.983310e+03 8.966654e+03 8.900505e+03
2.5 8.884798e+03 8.964609e+03 8.957200e+03 8.877390e+03
3.5 8.867106e+03 8.927414e+03 8.931192e+03 8.870884e+03
4.5 8.876380e+03 8.880663e+03 8.891096e+03 8.886813e+03
5.5 8.873257e+03 8.835972e+03 8.846149e+03 8.883434e+03
6.5 8.832572e+03 8.800304e+03 8.805071e+03 8.837339e+03
7.5 8.798329e+03 8.775397e+03 8.772584e+03 8.795516e+03
8.5 8.798775e+03 8.759983e+03 8.749679e+03 8.788472e+03
9.5 8.743873e+03 8.751838e+03 8.735221e+03 8.727255e+03
10.5 8.709989e+03 8.748866e+03 8.727362e+03 8.688485e+03
11.5 8.711305e+03 8.749420e+03 8.724308e+03 8.686193e+03
12.5 8.657064e+03 8.752273e+03 8.724584e+03 8.629374e+03
13.5 8.632714e+03 8.756503e+03 8.727038e+03 8.603250e+03
14.5 8.699163e+03 8.761399e+03 8.730780e+03 8.668544e+03
15.5 8.720121e+03 8.766426e+03 8.735125e+03 8.688821e+03
16.5 8.743194e+03 8.771204e+03 8.739564e+03 8.711554e+03
17.5 8.769361e+03 8.775497e+03 8.743745e+03 8.737610e+03
18.5 8.760531e+03 8.779192e+03 8.747457e+03 8.728796e+03
19.5 8.824080e+03 8.782274e+03 8.750603e+03 8.792410e+03
20.5 8.791004e+03 8.785341e+03 8.753179e+03 8.758842e+03
21.5 8.806752e+03 8.792237e+03 8.756474e+03 8.770988e+03
22.5 8.806525e+03 8.808100e+03 8.768234e+03 8.766660e+03
23.5 8.846983e+03 8.830713e+03 8.796150e+03 8.812420e+03
24.5 8.865203e+03 8.851959e+03 8.837835e+03 8.851080e+03
25.5 8.893234e+03 8.866452e+03 8.884123e+03 8.910905e+03
26.5 8.928075e+03 8.873725e+03 8.926356e+03 8.980706e+03
27.5 8.933868e+03 8.875881e+03 8.959859e+03 9.017846e+03
28.5 8.898094e+03 8.875263e+03 8.983679e+03 9.006510e+03
29.5 8.872780e+03 8.873474e+03 8.998978e+03 8.998284e+03
30.5 8.878132e+03 8.870799e+03 9.007618e+03 9.014951e+03
31.5 8.824217e+03 8.863824e+03 9.010160e+03 8.970553e+03
32.5 8.862865e+03 8.847657e+03 9.000401e+03 9.015609e+03
33.5 8.860779e+03 8.824700e+03 8.971919e+03 9.007998e+03
34.5 8.851093e+03 8.803188e+03 8.928080e+03 8.975985e+03
35.5 8.898211e+03 8.788597e+03 8.878808e+03 8.988422e+03
36.5 8.894117e+03 8.781441e+03 8.833329e+03 8.946006e+03
37.5 8.865351e+03 8.779622e+03 8.796714e+03 8.882444e+03
38.5 8.904052e+03 8.780770e+03 8.770159e+03 8.893440e+03
39.5 8.875690e+03 8.783236e+03 8.752620e+03 8.845073e+03
40.5 8.869757e+03 8.786133e+03 8.742257e+03 8.825882e+03
41.5 8.819107e+03 8.789054e+03 8.737228e+03 8.767281e+03
42.5 8.816096e+03 8.791820e+03 8.735980e+03 8.760256e+03
43.5 8.776795e+03 8.794329e+03 8.737273e+03 8.719739e+03
44.5 8.734878e+03 8.796514e+03 8.740135e+03 8.678498e+03
45.5 8.731061e+03 8.798336e+03 8.743807e+03 8.676533e+03
46.5 8.684165e+03 8.799793e+03 8.747724e+03 8.632096e+03
47.5 8.675874e+03 8.800912e+03 8.751488e+03 8.626450e+03
48.5 8.694298e+03 8.801747e+03 8.754855e+03 8.647407e+03
49.5 8.703577e+03 8.802361e+03 8.757706e+03 8.658922e+03
50.5 8.741098e+03 8.803042e+03 8.760020e+03 8.698076e+03
51.5 8.806387e+03 8.805845e+03 8.763076e+03 8.763618e+03
52.5 8.817155e+03 8.815774e+03 8.774612e+03 8.775993e+03
53.5 8.867665e+03 8.834816e+03 8.802310e+03 8.835159e+03
54.5 8.895586e+03 8.858723e+03 8.843779e+03 8.880643e+03
55.5 8.920869e+03 8.881781e+03 8.889853e+03 8.928941e+03
0.5 8.878132e+03 8.870799e+03 9.007618e+03 9.014951e+03
1.5 8.824217e+03 8.863824e+03 9.010160e+03 8.970553e+03
2.5 8.862865e+03 8.847657e+03 9.000401e+03 9.015609e+03
3.5 8.860779e+03 8.824700e+03 8.971919e+03 9.007998e+03
4.5 8.851093e+03 8.803188e+03 8.928080e+03 8.975985e+03
5.5 8.898211e+03 8.788597e+03 8.878808e+03 8.988422e+03
6.5 8.894117e+03 8.781441e+03 8.833329e+03 8.946006e+03
7.5 8.865351e+03 8.779622e+03 8.796714e+03 8.882444e+03
8.5 8.904052e+03 8.780770e+03 8.770159e+03 8.893440e+03
9.5 8.875690e+03 8.783236e+03 8.752620e+03 8.845073e+03
10.5 8.869757e+03 8.786133e+03 8.742257e+03 8.825882e+03
11.5 8.819107e+03 8.789054e+03 8.737228e+03 8.767281e+03
12.5 8.816096e+03 8.791820e+03 8.735980e+03 8.760256e+03
13.5 8.776795e+03 8.794329e+03 8.737273e+03 8.719739e+03
14.5 8.734878e+03 8.796514e+03 8.740135e+03 8.678498e+03
15.5 8.731061e+03 8.798336e+03 8.743807e+03 8.676533e+03
16.5 8.684165e+03 8.799793e+03 8.747724e+03 8.632096e+03
17.5 8.675874e+03 8.800912e+03 8.751488e+03 8.626450e+03
18.5 8.694298e+03 8.801747e+03 8.754855e+03 8.647407e+03
19.5 8.703577e+03 8.802361e+03 8.757706e+03 8.658922e+03
20.5 8.741098e+03 8.803042e+03 8.760020e+03 8.698076e+03
21.5 8.806387e+03 8.805845e+03 8.763076e+03 8.763618e+03
22.5 8.817155e+03 8.815774e+03 8.774612e+03 8.775993e+03
23.5 8.867665e+03 8.834816e+03 8.802310e+03 8.835159e+03
24.5 8.895586e+03 8.858723e+03 8.843779e+03 8.880643e+03
25.5 8.920869e+03 8.881781e+03 8.889853e+03 8.928941e+03
26.5 8.916117e+03 8.900468e+03 8.931872e+03 8.947522e+03
27.5 8.944864e+03 8.913829e+03 8.965164e+03 8.996199e+03
28.5 8.949269e+03 8.922433e+03 8.988778e+03 9.015614e+03
29.5 8.955457e+03 8.927355e+03 9.003875e+03 9.031977e+03
30.5 8.930482e+03 8.929408e+03 9.012319e+03 9.013393e+03
31.5 8.908819e+03 8.927419e+03 9.014672e+03 8.996072e+03
32.5 8.880949e+03 8.917042e+03 9.004750e+03 8.968657e+03
33.5 8.875483e+03 8.896787e+03 8.976111e+03 8.954807e+03
34.5 8.852848e+03 8.871280e+03 8.932118e+03 8.913687e+03
35.5 8.882814e+03 8.846517e+03 8.882698e+03 8.918994e+03
36.5 8.843870e+03 8.826220e+03 8.837075e+03 8.854724e+03
37.5 8.849738e+03 8.811466e+03 8.800319e+03 8.838591e+03
38.5 8.853104e+03 8.801748e+03 8.773628e+03 8.824983e+03
39.5 8.827267e+03 8.796000e+03 8.755957e+03 8.787224e+03
40.5 8.824073e+03 8.793160e+03 8.745465e+03 8.776378e+03
41.5 8.822585e+03 8.792363e+03 8.740311e+03 8.770532e+03
42.5 8.824034e+03 8.792945e+03 8.738941e+03 8.770031e+03
43.5 8.800798e+03 8.794392e+03 8.740116e+03 8.746522e+03
44.5 8.833671e+03 8.796307e+03 8.742863e+03 8.780227e+03
45.5 8.804185e+03 8.798387e+03 8.746424e+03 8.752223e+03
46.5 8.780953e+03 8.800413e+03 8.750232e+03 8.730773e+03
47.5 8.754875e+03 8.802246e+03 8.753891e+03 8.706520e+03
48.5 8.725796e+03 8.803816e+03 8.757156e+03 8.679135e+03
49.5 8.728160e+03 8.805102e+03 8.759907e+03 8.682964e+03
50.5 8.760867e+03 8.806347e+03 8.762124e+03 8.716644e+03
51.5 8.784405e+03 8.809586e+03 8.765085e+03 8.739905e+03
52.5 8.803065e+03 8.819827e+03 8.776529e+03 8.759767e+03
53.5 8.848579e+03 8.839070e+03 8.804138e+03 8.813647e+03
54.5 8.889768e+03 8.863087e+03 8.845520e+03 8.872202e+03
55.5 8.924855e+03 8.886183e+03 8.891508e+03 8.930179e+03
0.5 8.930482e+03 8.929408e+03 9.012319e+03 9.013393e+03
1.5 8.908819e+03 8.927419e+03 9.014672e+03 8.996072e+03
2.5 8.880949e+03 8.917042e+03 9.004750e+03 8.968657e+03
3.5 8.875483e+03 8.896787e+03 8.976111e+03 8.954807e+03
4.5 8.852848e+03 8.871280e+03 8.932118e+03 8.913687e+03
5.5 8.882814e+03 8.846517e+03 8.882698e+03 8.918994e+03
6.5 8.843870e+03 8.826220e+03 8.837075e+03 8.854724e+03
7.5 8.849738e+03 8.811466e+03 8.800319e+03 8.838591e+03
8.5 8.853104e+03 8.801748e+03 8.773628e+03 8.824983e+03
9.5 8.827267e+03 8.796000e+03 8.755957e+03 8.787224e+03
10.5 8.824073e+03 8.793160e+03 8.745465e+03 8.776378e+03
11.5 8.822585e+03 8.792363e+03 8.740311e+03 8.770532e+03
12.5 8.824034e+03 8.792945e+03 8.738941e+03 8.770031e+03
13.5 8.800798e+03 8.794392e+03 8.740116e+03 8.746522e+03
14.5 8.833671e+03 8.796307e+03 8.742863e+03 8.780227e+03
15.5 8.804185e+03 8.798387e+03 8.746424e+03 8.752223e+03
16.5 8.780953e+03 8.800413e+03 8.750232e+03 8.730773e+03
17.5 8.754875e+03 8.802246e+03 8.753891e+03 8.706520e+03
18.5 8.725796e+03 8.803816e+03 8.757156e+03 8.679135e+03
19.5 8.728160e+03 8.805102e+03 8.759907e+03 8.682964e+03
20.5 8.760867e+03 8.806347e+03 8.762124e+03 8.716644e+03
21.5 8.784405e+03 8.809586e+03 8.765085e+03 8.739905e+03
22.5 8.803065e+03 8.819827e+03 8.776529e+03 8.759767e+03
23.5 8.848579e+03 8.839070e+03 8.804138e+03 8.813647e+03
24.5 8.889768e+03 8.863087e+03 8.845520e+03 8.872202e+03
25.5 8.924855e+03 8.886183e+03 8.891508e+03 8.930179e+03
26.5 8.933912e+03 8.904858e+03 8.933445e+03 8.962499e+03
27.5 8.928412e+03 8.918170e+03 8.966656e+03 8.976898e+03
28.5 8.915359e+03 8.926701e+03 8.990191e+03 8.978849e+03
29.5 8.924078e+03 8.931534e+03 9.005211e+03 8.997755e+03
30.5 8.917806e+03 8.933491e+03 9.013579e+03 8.997895e+03
31.5 8.924482e+03 8.931400e+03 9.015858e+03 9.008940e+03
32.5 8.945101e+03 8.920920e+03 9.005865e+03 9.030045e+03
33.5 8.942265e+03 8.900563e+03 8.977154e+03 9.018857e+03
34.5 8.912613e+03 8.874954e+03 8.933093e+03 8.970751e+03
35.5 8.863150e+03 8.850094e+03 8.883605e+03 8.896660e+03
36.5 8.839332e+03 8.829701e+03 8.837914e+03 8.847546e+03
37.5 8.814032e+03 8.814853e+03 8.801093e+03 8.800272e+03
38.5 8.792497e+03 8.805045e+03 8.774337e+03 8.761789e+03
39.5 8.832042e+03 8.799208e+03 8.756603e+03 8.789436e+03
40.5 8.819445e+03 8.796283e+03 8.746048e+03 8.769210e+03
41.5 8.814196e+03 8.795404e+03 8.740833e+03 8.759625e+03
42.5 8.789250e+03 8.795906e+03 8.739402e+03 8.732747e+03
43.5 8.762324e+03 8.797276e+03 8.740517e+03 8.705565e+03
44.5 8.758030e+03 8.799116e+03 8.743204e+03 8.702118e+03
45.5 8.779438e+03 8.801123e+03 8.746706e+03 8.725021e+03
46.5 8.806159e+03 8.803078e+03 8.750455e+03 8.753535e+03
47.5 8.848285e+03 8.804843e+03 8.754055e+03 8.797497e+03
48.5 8.880758e+03 8.806346e+03 8.757262e+03 8.831673e+03
49.5 8.900122e+03 8.807569e+03 8.759955e+03 8.852508e+03
50.5 8.871177e+03 8.809081e+03 8.762114e+03 8.824210e+03
51.5 8.819591e+03 8.814680e+03 8.765018e+03 8.769929e+03
52.5 8.835931e+03 8.829453e+03 8.776404e+03 8.782882e+03
53.5 8.818227e+03 8.851137e+03 8.803955e+03 8.771046e+03
54.5 8.824101e+03 8.871575e+03 8.845280e+03 8.797806e+03
55.5 8.835420e+03 8.885351e+03 8.891209e+03 8.841278e+03
0.5 8.917806e+03 8.933491e+03 9.013579e+03 8.997895e+03
1.5 8.924482e+03 8.931400e+03 9.015858e+03 9.008940e+03
2.5 8.945101e+03 8.920920e+03 9.005865e+03 9.030045e+03
3.5 8.942265e+03 8.900563e+03 8.977154e+03 9.018857e+03
4.5 8.912613e+03 8.874954e+03 8.933093e+03 8.970751e+03
5.5 8.863150e+03 8.850094e+03 8.883605e+03 8.896660e+03
6.5 8.839332e+03 8.829701e+03 8.837914e+03 8.847546e+03
7.5 8.814032e+03 8.814853e+03 8.801093e+03 8.800272e+03
8.5 8.792497e+03 8.805045e+03 8.774337e+03 8.761789e+03
9.5 8.832042e+03 8.799208e+03 8.756603e+03 8.789436e+03
10.5 8.819445e+03 8.796283e+03 8.746048e+03 8.769210e+03
11.5 8.814196e+03 8.795404e+03 8.740833e+03 8.759625e+03
12.5 8.789250e+03 8.795906e+03 8.739402e+03 8.732747e+03
13.5 8.762324e+03 8.797276e+03 8.740517e+03 8.705565e+03
14.5 8.758030e+03 8.799116e+03 8.743204e+03 8.702118e+03
15.5 8.779438e+03 8.801123e+03 8.746706e+03 8.725021e+03
16.5 8.806159e+03 8.803078e+03 8.750455e+03 8.753535e+03
17.5 8.848285e+03 8.804843e+03 8.754055e+03 8.797497e+03
18.5 8.880758e+03 8.806346e+03 8.757262e+03 8.831673e+03
19.5 8.900122e+03 8.807569e+03 8.759955e+03 8.852508e+03
20.5 8.871177e+03 8.809081e+03 8.762114e+03 8.824210e+03
21.5 8.819591e+03 8.814680e+03 8.765018e+03 8.769929e+03
22.5 8.835931e+03 8.829453e+03 8.776404e+03 8.782882e+03
23.5 8.818227e+03 8.851137e+03 8.803955e+03 8.771046e+03
24.5 8.824101e+03 8.871575e+03 8.845280e+03 8.797806e+03
25.5 8.835420e+03 8.885351e+03 8.891209e+03 8.841278e+03
26.5 8.881648e+03 8.891976e+03 8.933088e+03 8.922760e+03
27.5 8.962165e+03 8.893535e+03 8.966240e+03 9.034869e+03
28.5 8.958976e+03 8.892359e+03 8.989715e+03 9.056331e+03
29.5 8.984533e+03 8.890043e+03 9.004675e+03 9.099165e+03
30.5 8.971067e+03 8.886866e+03 9.012983e+03 9.097185e+03
31.5 8.888929e+03 8.879420e+03 9.015201e+03 9.024709e+03
32.5 8.835936e+03 8.862808e+03 9.005145e+03 8.978273e+03
33.5 8.776421e+03 8.839408e+03 8.976372e+03 8.913384e+03
34.5 8.724018e+03 8.817467e+03 8.932246e+03 8.838797e+03
35.5 8.728521e+03 8.802461e+03 8.882693e+03 8.808753e+03
36.5 8.723530e+03 8.794902e+03 8.836937e+03 8.765565e+03
37.5 8.760209e+03 8.792691e+03 8.800049e+03 8.767566e+03
38.5 8.811537e+03 8.793460e+03 8.773224e+03 8.791301e+03
39.5 8.845676e+03 8.795557e+03 8.755420e+03 8.805538e+03
40.5 8.862999e+03 8.798095e+03 8.744794e+03 8.809697e+03
41.5 8.822961e+03 8.800669e+03 8.739505e+03 8.761798e+03
42.5 8.816338e+03 8.803097e+03 8.738000e+03 8.751241e+03
43.5 8.769620e+03 8.805278e+03 8.739039e+03 8.703381e+03
44.5 8.760819e+03 8.807143e+03 8.741648e+03 8.695324e+03
45.5 8.742328e+03 8.808656e+03 8.745070e+03 8.678742e+03
46.5 8.732987e+03 8.809811e+03 8.748737e+03 8.671913e+03
47.5 8.740639e+03 8.810637e+03 8.752253e+03 8.682256e+03
48.5 8.801439e+03 8.811187e+03 8.755374e+03 8.745626e+03
49.5 8.840500e+03 8.811524e+03 8.757979e+03 8.786955e+03
50.5 8.839893e+03 8.811935e+03 8.760047e+03 8.788004e+03
51.5 8.843036e+03 8.814475e+03 8.762857e+03 8.791418e+03
52.5 8.837123e+03 8.824149e+03 8.774148e+03 8.787122e+03
53.5 8.831383e+03 8.842942e+03 8.801600e+03 8.790041e+03
54.5 8.875458e+03 8.866607e+03 8.842823e+03 8.851674e+03
55.5 8.904763e+03 8.889428e+03 8.888648e+03 8.903983e+03
0.5 8.971067e+03 8.886866e+03 9.012983e+03 9.097185e+03
1.5 8.888929e+03 8.879420e+03 9.015201e+03 9.024709e+03
2.5 8.835936e+03 8.862808e+03 9.005145e+03 8.978273e+03
3.5 8.776421e+03 8.839408e+03 8.976372e+03 8.913384e+03
4.5 8.724018e+03 8.817467e+03 8.932246e+03 8.838797e+03
5.5 8.728521e+03 8.802461e+03 8.882693e+03 8.808753e+03
6.5 8.723530e+03 8.794902e+03 8.836937e+03 8.765565e+03
7.5 8.760209e+03 8.792691e+03 8.800049e+03 8.767566e+03
8.5 8.811537e+03 8.793460e+03 8.773224e+03 8.791301e+03
9.5 8.845676e+03 8.795557e+03 8.755420e+03 8.805538e+03
10.5 8.862999e+03 8.798095e+03 8.744794e+03 8.809697e+03
11.5 8.822961e+03 8.800669e+03 8.739505e+03 8.761798e+03
12.5 8.816338e+03 8.803097e+03 8.738000e+03 8.751241e+03
13.5 8.769620e+03 8.805278e+03 8.739039e+03 8.703381e+03
14.5 8.760819e+03 8.807143e+03 8.741648e+03 8.695324e+03
15.5 8.742328e+03 8.808656e+03 8.745070e+03 8.678742e+03
16.5 8.732987e+03 8.809811e+03 8.748737e+03 8.671913e+03
17.5 8.740639e+03 8.810637e+03 8.752253e+03 8.682256e+03
18.5 8.801439e+03 8.811187e+03 8.755374e+03 8.745626e+03
19.5 8.840500e+03 8.811524e+03 8.757979e+03 8.786955e+03
20.5 8.839893e+03 8.811935e+03 8.760047e+03 8.788004e+03
21.5 8.843036e+03 8.814475e+03 8.762857e+03 8.791418e+03
22.5 8.837123e+03 8.824149e+03 8.774148e+03 8.787122e+03
23.5 8.831383e+03 8.842942e+03 8.801600e+03 8.790041e+03
24.5 8.875458e+03 8.866607e+03 8.842823e+03 8.851674e+03
25.5 8.904763e+03 8.889428e+03 8.888648e+03 8.903983e+03
26.5 8.930094e+03 8.907876e+03 8.930420e+03 8.952638e+03
27.5 8.937381e+03 8.920982e+03 8.963443e+03 8.979843e+03
28.5 8.908437e+03 8.929340e+03 8.986785e+03 8.965882e+03
29.5 8.915231e+03 8.934021e+03 9.001607e+03 8.982817e+03
30.5 8.901364e+03 8.935837e+03 9.009772e+03 8.975299e+03
31.5 8.876682e+03 8.933613e+03 9.011841e+03 8.954910e+03
32.5 8.881135e+03 8.923004e+03 9.001632e+03 8.959764e+03
33.5 8.889665e+03 8.902522e+03 8.972701e+03 8.959844e+03
34.5 8.897659e+03 8.876798e+03 8.928418e+03 8.949278e+03
35.5 8.862244e+03 8.851832e+03 8.878709e+03 8.889122e+03
36.5 8.852703e+03 8.831342e+03 8.832802e+03 8.854162e+03
37.5 8.822369e+03 8.816408e+03 8.795766e+03 8.801727e+03
38.5 8.779363e+03 8.806519e+03 8.768797e+03 8.741641e+03
39.5 8.754646e+03 8.800607e+03 8.750850e+03 8.704889e+03
40.5 8.796508e+03 8.797610e+03 8.740082e+03 8.738979e+03
41.5 8.803552e+03 8.796661e+03 8.734649e+03 8.741539e+03
42.5 8.773465e+03 8.797095e+03 8.732997e+03 8.709367e+03
43.5 8.828998e+03 8.798397e+03 8.733885e+03 8.764486e+03
44.5 8.860859e+03 8.800169e+03 8.736339e+03 8.797029e+03
45.5 8.839762e+03 8.802107e+03 8.739600e+03 8.777256e+03
46.5 8.847728e+03 8.803993e+03 8.743101e+03 8.786836e+03
47.5 8.801710e+03 8.805688e+03 8.746446e+03 8.742468e+03
48.5 8.817492e+03 8.807120e+03 8.749388e+03 8.759760e+03
49.5 8.799091e+03 8.808271e+03 8.751808e+03 8.742628e+03
50.5 8.818105e+03 8.809710e+03 8.753686e+03 8.762081e+03
51.5 8.796904e+03 8.815236e+03 8.756299e+03 8.737967e+03
52.5 8.866945e+03 8.829932e+03 8.767385e+03 8.804398e+03
53.5 8.911473e+03 8.851532e+03 8.794622e+03 8.854563e+03
54.5 8.956307e+03 8.871875e+03 8.835610e+03 8.920043e+03
55.5 8.955809e+03 8.885544e+03 8.881173e+03 8.951438e+03
0.5 8.901364e+03 8.935837e+03 9.009772e+03 8.975299e+03
1.5 8.876682e+03 8.933613e+03 9.011841e+03 8.954910e+03
2.5 8.881135e+03 8.923004e+03 9.001632e+03 8.959764e+03
3.5 8.889665e+03 8.902522e+03 8.972701e+03 8.959844e+03
4.5 8.897659e+03 8.876798e+03 8.928418e+03 8.949278e+03
5.5 8.862244e+03 8.851832e+03 8.878709e+03 8.889122e+03
6.5 8.852703e+03 8.831342e+03 8.832802e+03 8.854162e+03
7.5 8.822369e+03 8.816408e+03 8.795766e+03 8.801727e+03
8.5 8.779363e+03 8.806519e+03 8.768797e+03 8.741641e+03
9.5 8.754646e+03 8.800607e+03 8.750850e+03 8.704889e+03
10.5 8.796508e+03 8.797610e+03 8.740082e+03 8.738979e+03
11.5 8.803552e+03 8.796661e+03 8.734649e+03 8.741539e+03
12.5 8.773465e+03 8.797095e+03 8.732997e+03 8.709367e+03
13.5 8.828998e+03 8.798397e+03 8.733885e+03 8.764486e+03
14.5 8.860859e+03 8.800169e+03 8.736339e+03 8.797029e+03
15.5 8.839762e+03 8.802107e+03 8.739600e+03 8.777256e+03
16.5 8.847728e+03 8.803993e+03 8.743101e+03 8.786836e+03
17.5 8.801710e+03 8.805688e+03 8.746446e+03 8.742468e+03
18.5 8.817492e+03 8.807120e+03 8.749388e+03 8.759760e+03
19.5 8.799091e+03 8.808271e+03 8.751808e+03 8.742628e+03
20.5 8.818105e+03 8.809710e+03 8.753686e+03 8.762081e+03
21.5 8.796904e+03 8.815236e+03 8.756299e+03 8.737967e+03
22.5 8.866945e+03 8.829932e+03 8.767385e+03 8.804398e+03
23.5 8.911473e+03 8.851532e+03 8.794622e+03 8.854563e+03
24.5 8.956307e+03 8.871875e+03 8.835610e+03 8.920043e+03
25.5 8.955809e+03 8.885544e+03 8.881173e+03 8.951438e+03
26.5 8.942037e+03 8.892051e+03 8.922650e+03 8.972636e+03
27.5 8.867095e+03 8.893487e+03 8.955364e+03 8.928972e+03
28.5 8.800212e+03 8.892183e+03 8.978368e+03 8.886397e+03
29.5 8.769881e+03 8.889740e+03 8.992828e+03 8.872969e+03
30.5 8.750876e+03 8.886918e+03 9.000616e+03 8.864574e+03
