0.5 9.295254e+03 9.374061e+03 9.408808e+03 9.330001e+03
1.5 9.271799e+03 9.337269e+03 9.407997e+03 9.342526e+03
2.5 9.210505e+03 9.230780e+03 9.392930e+03 9.372655e+03
3.5 8.896788e+03 9.079611e+03 9.351479e+03 9.168656e+03
4.5 8.945243e+03 8.949037e+03 9.287575e+03 9.283781e+03
5.5 8.885741e+03 8.876341e+03 9.215940e+03 9.225340e+03
6.5 8.978683e+03 8.858741e+03 9.150469e+03 9.270411e+03
7.5 8.946916e+03 8.875464e+03 9.098694e+03 9.170146e+03
8.5 8.951295e+03 8.906698e+03 9.062188e+03 9.106785e+03
9.5 8.851010e+03 8.940319e+03 9.039145e+03 8.949836e+03
10.5 9.031525e+03 8.971024e+03 9.026619e+03 9.087120e+03
11.5 8.922440e+03 8.997353e+03 9.021752e+03 8.946839e+03
12.5 8.863934e+03 9.019326e+03 9.022191e+03 8.866799e+03
13.5 8.944084e+03 9.037269e+03 9.026103e+03 8.932918e+03
14.5 8.983851e+03 9.051485e+03 9.032067e+03 8.964432e+03
15.5 8.885588e+03 9.062289e+03 9.038992e+03 8.862291e+03
16.5 9.206514e+03 9.070095e+03 9.046067e+03 9.182485e+03
17.5 9.034945e+03 9.075437e+03 9.052731e+03 9.012239e+03
18.5 8.986339e+03 9.078910e+03 9.058646e+03 8.966076e+03
19.5 9.203379e+03 9.081110e+03 9.063661e+03 9.185930e+03
20.5 9.282095e+03 9.085580e+03 9.067765e+03 9.264280e+03
21.5 9.300606e+03 9.114841e+03 9.073017e+03 9.258782e+03
22.5 9.325290e+03 9.206134e+03 9.091760e+03 9.210916e+03
23.5 9.497842e+03 9.356271e+03 9.136252e+03 9.277823e+03
24.5 9.563422e+03 9.517438e+03 9.202689e+03 9.248672e+03
25.5 9.582198e+03 9.648559e+03 9.276462e+03 9.210101e+03
26.5 9.767682e+03 9.736175e+03 9.343772e+03 9.375278e+03
27.5 9.745336e+03 9.785837e+03 9.397167e+03 9.356666e+03
28.5 9.951781e+03 9.809006e+03 9.435131e+03 9.577907e+03
29.5 9.934525e+03 9.815733e+03 9.459514e+03 9.578307e+03
30.5 9.920841e+03 9.809744e+03 9.473284e+03 9.584381e+03
31.5 9.800283e+03 9.772937e+03 9.477336e+03 9.504682e+03
32.5 9.724863e+03 9.670926e+03 9.461782e+03 9.515719e+03
33.5 9.606648e+03 9.509028e+03 9.416388e+03 9.514008e+03
34.5 9.368559e+03 9.336404e+03 9.346518e+03 9.378673e+03
35.5 9.420219e+03 9.195128e+03 9.267991e+03 9.493081e+03
36.5 9.393176e+03 9.099257e+03 9.195507e+03 9.489426e+03
37.5 9.131515e+03 9.043478e+03 9.137151e+03 9.225188e+03
38.5 9.230395e+03 9.016267e+03 9.094828e+03 9.308955e+03
39.5 9.035688e+03 9.007311e+03 9.066875e+03 9.095252e+03
40.5 9.143359e+03 9.009503e+03 9.050359e+03 9.184216e+03
41.5 9.079507e+03 9.018378e+03 9.042344e+03 9.103472e+03
42.5 8.859837e+03 9.031048e+03 9.040354e+03 8.869143e+03
43.5 9.029549e+03 9.045449e+03 9.042416e+03 9.026516e+03
44.5 8.766414e+03 9.060020e+03 9.046976e+03 8.753370e+03
45.5 9.037171e+03 9.073630e+03 9.052830e+03 9.016371e+03
46.5 8.821418e+03 9.085563e+03 9.059072e+03 8.794927e+03
47.5 8.954423e+03 9.095493e+03 9.065071e+03 8.924001e+03
48.5 8.874202e+03 9.103409e+03 9.070437e+03 8.841231e+03
49.5 8.951104e+03 9.109508e+03 9.074981e+03 8.916577e+03
50.5 9.064598e+03 9.114581e+03 9.078669e+03 9.028685e+03
51.5 9.101236e+03 9.121991e+03 9.083539e+03 9.062785e+03
52.5 9.198532e+03 9.134759e+03 9.101925e+03 9.165698e+03
53.5 9.091572e+03 9.149411e+03 9.146070e+03 9.088231e+03
54.5 8.993459e+03 9.159489e+03 9.212163e+03 9.046133e+03
55.5 9.064068e+03 9.162420e+03 9.285593e+03 9.187241e+03
0.5 9.920841e+03 9.809744e+03 9.473284e+03 9.584381e+03
1.5 9.800283e+03 9.772937e+03 9.477336e+03 9.504682e+03
2.5 9.724863e+03 9.670926e+03 9.461782e+03 9.515719e+03
3.5 9.606648e+03 9.509028e+03 9.416388e+03 9.514008e+03
4.5 9.368559e+03 9.336404e+03 9.346518e+03 9.378673e+03
5.5 9.420219e+03 9.195128e+03 9.267991e+03 9.493081e+03
6.5 9.393176e+03 9.099257e+03 9.195507e+03 9.489426e+03
7.5 9.131515e+03 9.043478e+03 9.137151e+03 9.225188e+03
8.5 9.230395e+03 9.016267e+03 9.094828e+03 9.308955e+03
9.5 9.035688e+03 9.007311e+03 9.066875e+03 9.095252e+03
10.5 9.143359e+03 9.009503e+03 9.050359e+03 9.184216e+03
11.5 9.079507e+03 9.018378e+03 9.042344e+03 9.103472e+03
12.5 8.859837e+03 9.031048e+03 9.040354e+03 8.869143e+03
13.5 9.029549e+03 9.045449e+03 9.042416e+03 9.026516e+03
14.5 8.766414e+03 9.060020e+03 9.046976e+03 8.753370e+03
15.5 9.037171e+03 9.073630e+03 9.052830e+03 9.016371e+03
16.5 8.821418e+03 9.085563e+03 9.059072e+03 8.794927e+03
17.5 8.954423e+03 9.095493e+03 9.065071e+03 8.924001e+03
18.5 8.874202e+03 9.103409e+03 9.070437e+03 8.841231e+03
19.5 8.951104e+03 9.109508e+03 9.074981e+03 8.916577e+03
20.5 9.064598e+03 9.114581e+03 9.078669e+03 9.028685e+03
21.5 9.101236e+03 9.121991e+03 9.083539e+03 9.062785e+03
22.5 9.198532e+03 9.134759e+03 9.101925e+03 9.165698e+03
23.5 9.091572e+03 9.149411e+03 9.146070e+03 9.088231e+03
24.5 8.993459e+03 9.159489e+03 9.212163e+03 9.046133e+03
25.5 9.064068e+03 9.162420e+03 9.285593e+03 9.187241e+03
26.5 9.026089e+03 9.159801e+03 9.352563e+03 9.218850e+03
27.5 9.147403e+03 9.154569e+03 9.405623e+03 9.398457e+03
28.5 9.128893e+03 9.149021e+03 9.443257e+03 9.423129e+03
29.5 9.231503e+03 9.144324e+03 9.467319e+03 9.554497e+03
30.5 9.169278e+03 9.140318e+03 9.480777e+03 9.509737e+03
31.5 9.158713e+03 9.133888e+03 9.484527e+03 9.509352e+03
32.5 9.059476e+03 9.122116e+03 9.468714e+03 9.406073e+03
33.5 9.148938e+03 9.108541e+03 9.423069e+03 9.463465e+03
34.5 9.054908e+03 9.099660e+03 9.352955e+03 9.308203e+03
35.5 9.119013e+03 9.098063e+03 9.274190e+03 9.295141e+03
36.5 9.107550e+03 9.102132e+03 9.201477e+03 9.206895e+03
37.5 9.016621e+03 9.108891e+03 9.142897e+03 9.050628e+03
38.5 9.088514e+03 9.115987e+03 9.100356e+03 9.072883e+03
39.5 9.109210e+03 9.122202e+03 9.072193e+03 9.059201e+03
40.5 9.109163e+03 9.127168e+03 9.055471e+03 9.037467e+03
41.5 9.143663e+03 9.130941e+03 9.047257e+03 9.059979e+03
42.5 9.123064e+03 9.133710e+03 9.045074e+03 9.034428e+03
43.5 9.320986e+03 9.135665e+03 9.046947e+03 9.232268e+03
44.5 9.162338e+03 9.136965e+03 9.051325e+03 9.076698e+03
45.5 9.154461e+03 9.137745e+03 9.057000e+03 9.073717e+03
46.5 9.213727e+03 9.138129e+03 9.063070e+03 9.138667e+03
47.5 9.027222e+03 9.138232e+03 9.068901e+03 8.957890e+03
48.5 9.173401e+03 9.138155e+03 9.074104e+03 9.109350e+03
49.5 9.228430e+03 9.137982e+03 9.078489e+03 9.168937e+03
50.5 9.267888e+03 9.138259e+03 9.082022e+03 9.211651e+03
51.5 9.241422e+03 9.142055e+03 9.086742e+03 9.186108e+03
52.5 9.301783e+03 9.152107e+03 9.104981e+03 9.254657e+03
53.5 9.072725e+03 9.164691e+03 9.148983e+03 9.057017e+03
54.5 9.219554e+03 9.173153e+03 9.214937e+03 9.261338e+03
55.5 9.232356e+03 9.174769e+03 9.288231e+03 9.345819e+03
0.5 9.169278e+03 9.140318e+03 9.480777e+03 9.509737e+03
1.5 9.158713e+03 9.133888e+03 9.484527e+03 9.509352e+03
2.5 9.059476e+03 9.122116e+03 9.468714e+03 9.406073e+03
3.5 9.148938e+03 9.108541e+03 9.423069e+03 9.463465e+03
4.5 9.054908e+03 9.099660e+03 9.352955e+03 9.308203e+03
5.5 9.119013e+03 9.098063e+03 9.274190e+03 9.295141e+03
6.5 9.107550e+03 9.102132e+03 9.201477e+03 9.206895e+03
7.5 9.016621e+03 9.108891e+03 9.142897e+03 9.050628e+03
8.5 9.088514e+03 9.115987e+03 9.100356e+03 9.072883e+03
9.5 9.109210e+03 9.122202e+03 9.072193e+03 9.059201e+03
10.5 9.109163e+03 9.127168e+03 9.055471e+03 9.037467e+03
11.5 9.143663e+03 9.130941e+03 9.047257e+03 9.059979e+03
12.5 9.123064e+03 9.133710e+03 9.045074e+03 9.034428e+03
13.5 9.320986e+03 9.135665e+03 9.046947e+03 9.232268e+03
14.5 9.162338e+03 9.136965e+03 9.051325e+03 9.076698e+03
15.5 9.154461e+03 9.137745e+03 9.057000e+03 9.073717e+03
16.5 9.213727e+03 9.138129e+03 9.063070e+03 9.138667e+03
17.5 9.027222e+03 9.138232e+03 9.068901e+03 8.957890e+03
18.5 9.173401e+03 9.138155e+03 9.074104e+03 9.109350e+03
19.5 9.228430e+03 9.137982e+03 9.078489e+03 9.168937e+03
20.5 9.267888e+03 9.138259e+03 9.082022e+03 9.211651e+03
21.5 9.241422e+03 9.142055e+03 9.086742e+03 9.186108e+03
22.5 9.301783e+03 9.152107e+03 9.104981e+03 9.254657e+03
23.5 9.072725e+03 9.164691e+03 9.148983e+03 9.057017e+03
24.5 9.219554e+03 9.173153e+03 9.214937e+03 9.261338e+03
25.5 9.232356e+03 9.174769e+03 9.288231e+03 9.345819e+03
26.5 9.250183e+03 9.171031e+03 9.355070e+03 9.434221e+03
27.5 9.239657e+03 9.164808e+03 9.408001e+03 9.482849e+03
28.5 9.124957e+03 9.158352e+03 9.445509e+03 9.412114e+03
29.5 9.250675e+03 9.152797e+03 9.469447e+03 9.567325e+03
30.5 9.075041e+03 9.147966e+03 9.482785e+03 9.409860e+03
31.5 9.132891e+03 9.140733e+03 9.486418e+03 9.478576e+03
32.5 9.340017e+03 9.128174e+03 9.470490e+03 9.682333e+03
33.5 9.070967e+03 9.113824e+03 9.424732e+03 9.381875e+03
34.5 9.198254e+03 9.104179e+03 9.354508e+03 9.448582e+03
35.5 9.128681e+03 9.101830e+03 9.275635e+03 9.302486e+03
36.5 9.047688e+03 9.105159e+03 9.202815e+03 9.145345e+03
37.5 9.169117e+03 9.111184e+03 9.144131e+03 9.202064e+03
38.5 9.254709e+03 9.117555e+03 9.101487e+03 9.238641e+03
39.5 8.997026e+03 9.123053e+03 9.073222e+03 8.947196e+03
40.5 9.218527e+03 9.127310e+03 9.056401e+03 9.147618e+03
41.5 9.209867e+03 9.130385e+03 9.048089e+03 9.127571e+03
42.5 9.228280e+03 9.132465e+03 9.045808e+03 9.141623e+03
43.5 9.193566e+03 9.133739e+03 9.047585e+03 9.107412e+03
44.5 9.166377e+03 9.134368e+03 9.051868e+03 9.083877e+03
45.5 9.064207e+03 9.134485e+03 9.057449e+03 8.987171e+03
46.5 9.088190e+03 9.134216e+03 9.063424e+03 9.017398e+03
47.5 9.209518e+03 9.133675e+03 9.069162e+03 9.145005e+03
48.5 9.059723e+03 9.132963e+03 9.074273e+03 9.001033e+03
49.5 9.371349e+03 9.132173e+03 9.078566e+03 9.317741e+03
50.5 9.436338e+03 9.134405e+03 9.082007e+03 9.383939e+03
51.5 9.429076e+03 9.161827e+03 9.086635e+03 9.353884e+03
52.5 9.336466e+03 9.251422e+03 9.104782e+03 9.189825e+03
53.5 9.442775e+03 9.399846e+03 9.148692e+03 9.191622e+03
54.5 9.634202e+03 9.559204e+03 9.214553e+03 9.289552e+03
55.5 9.645676e+03 9.688400e+03 9.287755e+03 9.245031e+03
0.5 9.075041e+03 9.147966e+03 9.482785e+03 9.409860e+03
1.5 9.132891e+03 9.140733e+03 9.486418e+03 9.478576e+03
2.5 9.340017e+03 9.128174e+03 9.470490e+03 9.682333e+03
3.5 9.070967e+03 9.113824e+03 9.424732e+03 9.381875e+03
4.5 9.198254e+03 9.104179e+03 9.354508e+03 9.448582e+03
5.5 9.128681e+03 9.101830e+03 9.275635e+03 9.302486e+03
6.5 9.047688e+03 9.105159e+03 9.202815e+03 9.145345e+03
7.5 9.169117e+03 9.111184e+03 9.144131e+03 9.202064e+03
8.5 9.254709e+03 9.117555e+03 9.101487e+03 9.238641e+03
9.5 8.997026e+03 9.123053e+03 9.073222e+03 8.947196e+03
10.5 9.218527e+03 9.127310e+03 9.056401e+03 9.147618e+03
11.5 9.209867e+03 9.130385e+03 9.048089e+03 9.127571e+03
12.5 9.228280e+03 9.132465e+03 9.045808e+03 9.141623e+03
13.5 9.193566e+03 9.133739e+03 9.047585e+03 9.107412e+03
14.5 9.166377e+03 9.134368e+03 9.051868e+03 9.083877e+03
15.5 9.064207e+03 9.134485e+03 9.057449e+03 8.987171e+03
16.5 9.088190e+03 9.134216e+03 9.063424e+03 9.017398e+03
17.5 9.209518e+03 9.133675e+03 9.069162e+03 9.145005e+03
18.5 9.059723e+03 9.132963e+03 9.074273e+03 9.001033e+03
19.5 9.371349e+03 9.132173e+03 9.078566e+03 9.317741e+03
20.5 9.436338e+03 9.134405e+03 9.082007e+03 9.383939e+03
21.5 9.429076e+03 9.161827e+03 9.086635e+03 9.353884e+03
22.5 9.336466e+03 9.251422e+03 9.104782e+03 9.189825e+03
23.5 9.442775e+03 9.399846e+03 9.148692e+03 9.191622e+03
24.5 9.634202e+03 9.559204e+03 9.214553e+03 9.289552e+03
25.5 9.645676e+03 9.688400e+03 9.287755e+03 9.245031e+03
26.5 9.720042e+03 9.773985e+03 9.354500e+03 9.300557e+03
27.5 9.532858e+03 9.821529e+03 9.407337e+03 9.118667e+03
28.5 9.753433e+03 9.842518e+03 9.444751e+03 9.355665e+03
29.5 1.006472e+04 9.847027e+03 9.468594e+03 9.686288e+03
30.5 1.002060e+04 9.838798e+03 9.481835e+03 9.663641e+03
31.5 9.763349e+03 9.799824e+03 9.485370e+03 9.448894e+03
32.5 9.665437e+03 9.695718e+03 9.469343e+03 9.439061e+03
33.5 9.423134e+03 9.531638e+03 9.423485e+03 9.314981e+03
34.5 9.205994e+03 9.356835e+03 9.353159e+03 9.202318e+03
35.5 9.252245e+03 9.213391e+03 9.274182e+03 9.313036e+03
36.5 8.926658e+03 9.115364e+03 9.201257e+03 9.012551e+03
37.5 8.956239e+03 9.057437e+03 9.142466e+03 9.041268e+03
38.5 9.094979e+03 9.028088e+03 9.099713e+03 9.166604e+03
39.5 8.818385e+03 9.017007e+03 9.071337e+03 8.872715e+03
40.5 8.886336e+03 9.017086e+03 9.054402e+03 8.923651e+03
41.5 8.990479e+03 9.023864e+03 9.045973e+03 9.012588e+03
42.5 9.125601e+03 9.034447e+03 9.043574e+03 9.134727e+03
43.5 9.074329e+03 9.046774e+03 9.045229e+03 9.072784e+03
44.5 8.841587e+03 9.059285e+03 9.049387e+03 8.831689e+03
45.5 8.990702e+03 9.070846e+03 9.054841e+03 8.974697e+03
46.5 8.985768e+03 9.080742e+03 9.060686e+03 8.965712e+03
47.5 9.044045e+03 9.088647e+03 9.066290e+03 9.021688e+03
48.5 9.066060e+03 9.094549e+03 9.071264e+03 9.042775e+03
49.5 9.054909e+03 9.098644e+03 9.075415e+03 9.031680e+03
50.5 9.021857e+03 9.101724e+03 9.078711e+03 8.998845e+03
51.5 9.072552e+03 9.107149e+03 9.083191e+03 9.048593e+03
52.5 9.071632e+03 9.117942e+03 9.101185e+03 9.054874e+03
53.5 8.962885e+03 9.130627e+03 9.144938e+03 8.977196e+03
54.5 9.104415e+03 9.138746e+03 9.210638e+03 9.176307e+03
55.5 9.190587e+03 9.139724e+03 9.283674e+03 9.334537e+03
0.5 1.002060e+04 9.838798e+03 9.481835e+03 9.663641e+03
1.5 9.763349e+03 9.799824e+03 9.485370e+03 9.448894e+03
2.5 9.665437e+03 9.695718e+03 9.469343e+03 9.439061e+03
3.5 9.423134e+03 9.531638e+03 9.423485e+03 9.314981e+03
4.5 9.205994e+03 9.356835e+03 9.353159e+03 9.202318e+03
5.5 9.252245e+03 9.213391e+03 9.274182e+03 9.313036e+03
6.5 8.926658e+03 9.115364e+03 9.201257e+03 9.012551e+03
7.5 8.956239e+03 9.057437e+03 9.142466e+03 9.041268e+03
8.5 9.094979e+03 9.028088e+03 9.099713e+03 9.166604e+03
9.5 8.818385e+03 9.017007e+03 9.071337e+03 8.872715e+03
10.5 8.886336e+03 9.017086e+03 9.054402e+03 8.923651e+03
11.5 8.990479e+03 9.023864e+03 9.045973e+03 9.012588e+03
12.5 9.125601e+03 9.034447e+03 9.043574e+03 9.134727e+03
13.5 9.074329e+03 9.046774e+03 9.045229e+03 9.072784e+03
14.5 8.841587e+03 9.059285e+03 9.049387e+03 8.831689e+03
15.5 8.990702e+03 9.070846e+03 9.054841e+03 8.974697e+03
16.5 8.985768e+03 9.080742e+03 9.060686e+03 8.965712e+03
17.5 9.044045e+03 9.088647e+03 9.066290e+03 9.021688e+03
18.5 9.066060e+03 9.094549e+03 9.071264e+03 9.042775e+03
19.5 9.054909e+03 9.098644e+03 9.075415e+03 9.031680e+03
20.5 9.021857e+03 9.101724e+03 9.078711e+03 8.998845e+03
21.5 9.072552e+03 9.107149e+03 9.083191e+03 9.048593e+03
22.5 9.071632e+03 9.117942e+03 9.101185e+03 9.054874e+03
23.5 8.962885e+03 9.130627e+03 9.144938e+03 8.977196e+03
24.5 9.104415e+03 9.138746e+03 9.210638e+03 9.176307e+03
25.5 9.190587e+03 9.139724e+03 9.283674e+03 9.334537e+03
26.5 9.167583e+03 9.135069e+03 9.350248e+03 9.382762e+03
27.5 9.257576e+03 9.127756e+03 9.402880e+03 9.532700e+03
28.5 9.144490e+03 9.120210e+03 9.440082e+03 9.464362e+03
29.5 8.988244e+03 9.113513e+03 9.463704e+03 9.338436e+03
30.5 9.026784e+03 9.107505e+03 9.476717e+03 9.395996e+03
31.5 9.010154e+03 9.099071e+03 9.480016e+03 9.391099e+03
32.5 9.037948e+03 9.085297e+03 9.463744e+03 9.416395e+03
33.5 9.101777e+03 9.069735e+03 9.417635e+03 9.449678e+03
34.5 9.023297e+03 9.058890e+03 9.347057e+03 9.311464e+03
35.5 9.073705e+03 9.055353e+03 9.267833e+03 9.286185e+03
36.5 9.063128e+03 9.057495e+03 9.194666e+03 9.200299e+03
37.5 8.808504e+03 9.062330e+03 9.135640e+03 8.881814e+03
38.5 8.937011e+03 9.067497e+03 9.092658e+03 8.962172e+03
39.5 8.816010e+03 9.071769e+03 9.064054e+03 8.808295e+03
40.5 9.195962e+03 9.074776e+03 9.046892e+03 9.168078e+03
41.5 8.988687e+03 9.076572e+03 9.038233e+03 8.950348e+03
42.5 9.128988e+03 9.077345e+03 9.035600e+03 9.087243e+03
43.5 8.951602e+03 9.077282e+03 9.037015e+03 8.911335e+03
44.5 9.060438e+03 9.076540e+03 9.040926e+03 9.024824e+03
45.5 9.019485e+03 9.075254e+03 9.046124e+03 8.990355e+03
46.5 9.259323e+03 9.073548e+03 9.051704e+03 9.237480e+03
47.5 9.079830e+03 9.071533e+03 9.057034e+03 9.065332e+03
48.5 8.968634e+03 9.069310e+03 9.061724e+03 8.961047e+03
49.5 9.107049e+03 9.066972e+03 9.065581e+03 9.105659e+03
50.5 9.163995e+03 9.067615e+03 9.068573e+03 9.164953e+03
51.5 9.156272e+03 9.093405e+03 9.072738e+03 9.135606e+03
52.5 9.297635e+03 9.181313e+03 9.090407e+03 9.206729e+03
53.5 9.365238e+03 9.327960e+03 9.133817e+03 9.171095e+03
54.5 9.594318e+03 9.485417e+03 9.199143e+03 9.308044e+03
55.5 9.613807e+03 9.612572e+03 9.271760e+03 9.272995e+03
0.5 9.026784e+03 9.107505e+03 9.476717e+03 9.395996e+03
1.5 9.010154e+03 9.099071e+03 9.480016e+03 9.391099e+03
2.5 9.037948e+03 9.085297e+03 9.463744e+03 9.416395e+03
3.5 9.101777e+03 9.069735e+03 9.417635e+03 9.449678e+03
4.5 9.023297e+03 9.058890e+03 9.347057e+03 9.311464e+03
5.5 9.073705e+03 9.055353e+03 9.267833e+03 9.286185e+03
6.5 9.063128e+03 9.057495e+03 9.194666e+03 9.200299e+03
7.5 8.808504e+03 9.062330e+03 9.135640e+03 8.881814e+03
8.5 8.937011e+03 9.067497e+03 9.092658e+03 8.962172e+03
9.5 8.816010e+03 9.071769e+03 9.064054e+03 8.808295e+03
10.5 9.195962e+03 9.074776e+03 9.046892e+03 9.168078e+03
11.5 8.988687e+03 9.076572e+03 9.038233e+03 8.950348e+03
12.5 9.128988e+03 9.077345e+03 9.035600e+03 9.087243e+03
13.5 8.951602e+03 9.077282e+03 9.037015e+03 8.911335e+03
14.5 9.060438e+03 9.076540e+03 9.040926e+03 9.024824e+03
15.5 9.019485e+03 9.075254e+03 9.046124e+03 8.990355e+03
16.5 9.259323e+03 9.073548e+03 9.051704e+03 9.237480e+03
17.5 9.079830e+03 9.071533e+03 9.057034e+03 9.065332e+03
18.5 8.968634e+03 9.069310e+03 9.061724e+03 8.961047e+03
19.5 9.107049e+03 9.066972e+03 9.065581e+03 9.105659e+03
20.5 9.163995e+03 9.067615e+03 9.068573e+03 9.164953e+03
21.5 9.156272e+03 9.093405e+03 9.072738e+03 9.135606e+03
22.5 9.297635e+03 9.181313e+03 9.090407e+03 9.206729e+03
23.5 9.365238e+03 9.327960e+03 9.133817e+03 9.171095e+03
24.5 9.594318e+03 9.485417e+03 9.199143e+03 9.308044e+03
25.5 9.613807e+03 9.612572e+03 9.271760e+03 9.272995e+03
26.5 9.879691e+03 9.695980e+03 9.337864e+03 9.521575e+03
27.5 9.820974e+03 9.741229e+03 9.390003e+03 9.469748e+03
28.5 9.686684e+03 9.759821e+03 9.426666e+03 9.353529e+03
29.5 9.590169e+03 9.761857e+03 9.449713e+03 9.278025e+03
30.5 9.510419e+03 9.755632e+03 9.462124e+03 9.216911e+03
