0.5 3.127125e+03 3.217715e+03 3.170162e+03 3.079572e+03
1.5 3.088369e+03 3.209108e+03 3.168247e+03 3.047507e+03
2.5 3.131773e+03 3.188185e+03 3.163501e+03 3.107089e+03
3.5 3.166226e+03 3.157002e+03 3.157889e+03 3.167113e+03
4.5 3.054013e+03 3.126060e+03 3.154579e+03 3.082532e+03
5.5 3.126813e+03 3.103091e+03 3.154692e+03 3.178414e+03
6.5 3.175642e+03 3.089574e+03 3.157321e+03 3.243388e+03
7.5 3.122361e+03 3.083344e+03 3.160974e+03 3.199991e+03
8.5 3.059734e+03 3.081557e+03 3.164537e+03 3.142714e+03
9.5 3.065098e+03 3.082085e+03 3.167483e+03 3.150496e+03
10.5 3.151574e+03 3.084388e+03 3.169935e+03 3.237122e+03
11.5 3.061314e+03 3.092717e+03 3.173420e+03 3.142016e+03
12.5 3.135411e+03 3.113862e+03 3.179215e+03 3.200764e+03
13.5 3.132717e+03 3.145435e+03 3.185471e+03 3.172753e+03
14.5 3.129688e+03 3.176727e+03 3.189119e+03 3.142080e+03
15.5 3.241079e+03 3.199845e+03 3.189115e+03 3.230348e+03
16.5 3.096069e+03 3.213218e+03 3.186433e+03 3.069284e+03
17.5 3.114262e+03 3.218979e+03 3.182623e+03 3.077906e+03
18.5 3.135235e+03 3.219995e+03 3.178847e+03 3.094087e+03
19.5 3.300207e+03 3.218448e+03 3.175674e+03 3.257432e+03
20.5 3.180514e+03 3.215643e+03 3.173243e+03 3.138113e+03
21.5 3.126736e+03 3.212273e+03 3.171486e+03 3.085949e+03
22.5 3.315616e+03 3.208724e+03 3.170282e+03 3.277175e+03
23.5 3.238502e+03 3.205246e+03 3.169512e+03 3.202768e+03
24.5 3.179162e+03 3.202022e+03 3.169079e+03 3.146219e+03
25.5 3.179807e+03 3.199176e+03 3.168901e+03 3.149532e+03
26.5 3.218118e+03 3.196771e+03 3.168907e+03 3.190255e+03
27.5 3.286763e+03 3.194809e+03 3.169034e+03 3.260988e+03
28.5 3.309797e+03 3.193249e+03 3.169227e+03 3.285775e+03
29.5 3.291613e+03 3.192025e+03 3.169444e+03 3.269033e+03
30.5 3.110499e+03 3.191100e+03 3.169656e+03 3.089056e+03
31.5 3.282166e+03 3.190703e+03 3.169846e+03 3.261309e+03
32.5 3.043982e+03 3.191306e+03 3.170004e+03 3.022680e+03
33.5 3.150387e+03 3.192866e+03 3.170129e+03 3.127650e+03
34.5 3.220570e+03 3.194711e+03 3.170224e+03 3.196084e+03
35.5 3.173927e+03 3.196225e+03 3.170294e+03 3.147996e+03
36.5 3.191504e+03 3.197168e+03 3.170344e+03 3.164680e+03
37.5 3.195930e+03 3.197579e+03 3.170379e+03 3.168730e+03
38.5 3.297175e+03 3.197598e+03 3.170403e+03 3.269980e+03
39.5 3.152009e+03 3.197362e+03 3.170419e+03 3.125066e+03
40.5 3.120140e+03 3.196932e+03 3.170431e+03 3.093639e+03
41.5 3.133205e+03 3.196074e+03 3.170439e+03 3.107570e+03
42.5 3.170828e+03 3.194300e+03 3.170444e+03 3.146972e+03
43.5 3.148539e+03 3.191640e+03 3.170449e+03 3.127347e+03
44.5 3.147446e+03 3.188759e+03 3.170452e+03 3.129138e+03
45.5 3.219957e+03 3.186269e+03 3.170456e+03 3.204143e+03
0.5 3.146300e+03 3.178748e+03 3.170286e+03 3.137839e+03
1.5 3.181397e+03 3.172569e+03 3.168373e+03 3.177202e+03
2.5 3.171477e+03 3.153693e+03 3.163631e+03 3.181415e+03
3.5 3.147278e+03 3.124263e+03 3.158023e+03 3.181038e+03
4.5 3.172021e+03 3.094854e+03 3.154716e+03 3.231883e+03
5.5 3.201501e+03 3.073257e+03 3.154833e+03 3.283076e+03
6.5 3.018002e+03 3.060995e+03 3.157464e+03 3.114471e+03
7.5 2.921272e+03 3.055935e+03 3.161118e+03 3.026455e+03
8.5 3.037061e+03 3.055256e+03 3.164682e+03 3.146487e+03
9.5 2.963609e+03 3.056846e+03 3.167628e+03 3.074391e+03
10.5 3.048349e+03 3.060175e+03 3.170079e+03 3.158253e+03
11.5 2.985984e+03 3.069485e+03 3.173557e+03 3.090057e+03
12.5 3.163773e+03 3.091570e+03 3.179347e+03 3.251550e+03
13.5 3.219756e+03 3.124082e+03 3.185603e+03 3.281276e+03
14.5 3.202316e+03 3.156296e+03 3.189250e+03 3.235270e+03
15.5 3.247461e+03 3.180319e+03 3.189245e+03 3.256387e+03
16.5 3.298042e+03 3.194580e+03 3.186562e+03 3.290024e+03
17.5 3.156304e+03 3.201215e+03 3.182751e+03 3.137841e+03
18.5 3.246354e+03 3.203090e+03 3.178975e+03 3.222239e+03
19.5 3.158106e+03 3.202389e+03 3.175801e+03 3.131519e+03
20.5 3.256254e+03 3.200414e+03 3.173368e+03 3.229207e+03
21.5 3.167950e+03 3.197862e+03 3.171610e+03 3.141699e+03
22.5 3.096457e+03 3.195116e+03 3.170404e+03 3.071746e+03
23.5 3.121258e+03 3.192428e+03 3.169633e+03 3.098463e+03
24.5 3.185485e+03 3.189981e+03 3.169198e+03 3.164702e+03
25.5 3.170735e+03 3.187900e+03 3.169019e+03 3.151854e+03
26.5 3.302757e+03 3.186246e+03 3.169024e+03 3.285534e+03
27.5 3.075245e+03 3.185024e+03 3.169149e+03 3.059370e+03
28.5 3.301089e+03 3.184192e+03 3.169340e+03 3.286237e+03
29.5 3.153242e+03 3.183683e+03 3.169555e+03 3.139114e+03
30.5 3.215539e+03 3.183463e+03 3.169766e+03 3.201842e+03
31.5 3.261253e+03 3.183759e+03 3.169953e+03 3.247447e+03
32.5 3.182082e+03 3.185044e+03 3.170110e+03 3.167148e+03
33.5 3.237859e+03 3.187276e+03 3.170233e+03 3.220816e+03
34.5 3.150076e+03 3.189783e+03 3.170327e+03 3.130620e+03
35.5 3.125429e+03 3.191949e+03 3.170395e+03 3.103875e+03
36.5 3.189385e+03 3.193545e+03 3.170443e+03 3.166284e+03
37.5 3.218866e+03 3.194623e+03 3.170477e+03 3.194719e+03
38.5 3.176344e+03 3.195294e+03 3.170499e+03 3.151548e+03
39.5 3.330060e+03 3.195705e+03 3.170514e+03 3.304869e+03
40.5 3.146189e+03 3.195914e+03 3.170524e+03 3.120799e+03
41.5 3.337010e+03 3.195691e+03 3.170531e+03 3.311851e+03
42.5 3.169139e+03 3.194546e+03 3.170535e+03 3.145129e+03
43.5 3.139254e+03 3.192506e+03 3.170538e+03 3.117287e+03
44.5 3.265587e+03 3.190234e+03 3.170541e+03 3.245894e+03
45.5 3.241394e+03 3.188339e+03 3.170543e+03 3.223598e+03
0.5 3.186216e+03 3.190224e+03 3.170337e+03 3.166329e+03
1.5 3.234906e+03 3.184376e+03 3.168427e+03 3.218956e+03
2.5 3.106354e+03 3.165839e+03 3.163688e+03 3.104203e+03
3.5 3.233952e+03 3.136765e+03 3.158086e+03 3.255273e+03
4.5 3.110386e+03 3.107735e+03 3.154789e+03 3.157441e+03
5.5 3.132651e+03 3.086540e+03 3.154917e+03 3.201028e+03
6.5 3.009775e+03 3.074703e+03 3.157561e+03 3.092632e+03
7.5 3.024717e+03 3.070086e+03 3.161227e+03 3.115857e+03
8.5 2.981051e+03 3.069866e+03 3.164801e+03 3.075986e+03
9.5 3.034491e+03 3.071926e+03 3.167757e+03 3.130322e+03
10.5 3.146818e+03 3.075270e+03 3.170216e+03 3.241764e+03
