0.5 2.636138e+03 2.636041e+03 2.647607e+03 2.647704e+03
1.5 2.651819e+03 2.641148e+03 2.647911e+03 2.658582e+03
2.5 2.681651e+03 2.659634e+03 2.653558e+03 2.675575e+03
3.5 2.738491e+03 2.690662e+03 2.669095e+03 2.716923e+03
4.5 2.714234e+03 2.723872e+03 2.693048e+03 2.683410e+03
5.5 2.763370e+03 2.750476e+03 2.719898e+03 2.732792e+03
6.5 2.742420e+03 2.767684e+03 2.744438e+03 2.719174e+03
7.5 2.742853e+03 2.776776e+03 2.763844e+03 2.729921e+03
8.5 2.769180e+03 2.780259e+03 2.777527e+03 2.766448e+03
9.5 2.779364e+03 2.780309e+03 2.786164e+03 2.785219e+03
10.5 2.792453e+03 2.778371e+03 2.790859e+03 2.804942e+03
11.5 2.793035e+03 2.775314e+03 2.792684e+03 2.810405e+03
12.5 2.798195e+03 2.771676e+03 2.792519e+03 2.819038e+03
13.5 2.779796e+03 2.767834e+03 2.791053e+03 2.803015e+03
14.5 2.811065e+03 2.764068e+03 2.788817e+03 2.835814e+03
15.5 2.777279e+03 2.760585e+03 2.786222e+03 2.802916e+03
16.5 2.779032e+03 2.757511e+03 2.783570e+03 2.805091e+03
17.5 2.764298e+03 2.754897e+03 2.781072e+03 2.790474e+03
18.5 2.766791e+03 2.752734e+03 2.778855e+03 2.792911e+03
19.5 2.759583e+03 2.750972e+03 2.776975e+03 2.785586e+03
20.5 2.731578e+03 2.749291e+03 2.775437e+03 2.757724e+03
21.5 2.707327e+03 2.745819e+03 2.773469e+03 2.734976e+03
22.5 2.737456e+03 2.737608e+03 2.766443e+03 2.766291e+03
23.5 2.727807e+03 2.725039e+03 2.749766e+03 2.752535e+03
24.5 2.702147e+03 2.711966e+03 2.724865e+03 2.715045e+03
25.5 2.703407e+03 2.701549e+03 2.697213e+03 2.699071e+03
26.5 2.677754e+03 2.694690e+03 2.671984e+03 2.655048e+03
27.5 2.688871e+03 2.690815e+03 2.651970e+03 2.650026e+03
28.5 2.677972e+03 2.688948e+03 2.637740e+03 2.626764e+03
29.5 2.673198e+03 2.688279e+03 2.628601e+03 2.613520e+03
30.5 2.680650e+03 2.688534e+03 2.623440e+03 2.615555e+03
31.5 2.683791e+03 2.691217e+03 2.621921e+03 2.614495e+03
32.5 2.727289e+03 2.699027e+03 2.627751e+03 2.656014e+03
33.5 2.717774e+03 2.711382e+03 2.644766e+03 2.651157e+03
34.5 2.675626e+03 2.724305e+03 2.670954e+03 2.622276e+03
35.5 2.717393e+03 2.734538e+03 2.700388e+03 2.683243e+03
36.5 2.693250e+03 2.741120e+03 2.727556e+03 2.679687e+03
37.5 2.672312e+03 2.744596e+03 2.749429e+03 2.677146e+03
38.5 2.706151e+03 2.745941e+03 2.765293e+03 2.725503e+03
39.5 2.724114e+03 2.745983e+03 2.775770e+03 2.753901e+03
40.5 2.729515e+03 2.745268e+03 2.781961e+03 2.766208e+03
41.5 2.705798e+03 2.744124e+03 2.784965e+03 2.746640e+03
42.5 2.747969e+03 2.742756e+03 2.785711e+03 2.790924e+03
43.5 2.764680e+03 2.741308e+03 2.784938e+03 2.808310e+03
44.5 2.737711e+03 2.739888e+03 2.783229e+03 2.781052e+03
45.5 2.767879e+03 2.738571e+03 2.781035e+03 2.810342e+03
46.5 2.732210e+03 2.737406e+03 2.778695e+03 2.773500e+03
47.5 2.753240e+03 2.736410e+03 2.776447e+03 2.793277e+03
48.5 2.772645e+03 2.735578e+03 2.774435e+03 2.811502e+03
49.5 2.753756e+03 2.734893e+03 2.772732e+03 2.791596e+03
50.5 2.748979e+03 2.734326e+03 2.771350e+03 2.786003e+03
51.5 2.757348e+03 2.733863e+03 2.769524e+03 2.793010e+03
52.5 2.716740e+03 2.733586e+03 2.762633e+03 2.745787e+03
53.5 2.702484e+03 2.733600e+03 2.746087e+03 2.714971e+03
54.5 2.704815e+03 2.733867e+03 2.721314e+03 2.692261e+03
55.5 2.738733e+03 2.734248e+03 2.693791e+03 2.698276e+03
0.5 2.680650e+03 2.688534e+03 2.623440e+03 2.615555e+03
1.5 2.683791e+03 2.691217e+03 2.621921e+03 2.614495e+03
2.5 2.727289e+03 2.699027e+03 2.627751e+03 2.656014e+03
3.5 2.717774e+03 2.711382e+03 2.644766e+03 2.651157e+03
4.5 2.675626e+03 2.724305e+03 2.670954e+03 2.622276e+03
5.5 2.717393e+03 2.734538e+03 2.700388e+03 2.683243e+03
6.5 2.693250e+03 2.741120e+03 2.727556e+03 2.679687e+03
7.5 2.672312e+03 2.744596e+03 2.749429e+03 2.677146e+03
8.5 2.706151e+03 2.745941e+03 2.765293e+03 2.725503e+03
9.5 2.724114e+03 2.745983e+03 2.775770e+03 2.753901e+03
10.5 2.729515e+03 2.745268e+03 2.781961e+03 2.766208e+03
11.5 2.705798e+03 2.744124e+03 2.784965e+03 2.746640e+03
12.5 2.747969e+03 2.742756e+03 2.785711e+03 2.790924e+03
13.5 2.764680e+03 2.741308e+03 2.784938e+03 2.808310e+03
14.5 2.737711e+03 2.739888e+03 2.783229e+03 2.781052e+03
15.5 2.767879e+03 2.738571e+03 2.781035e+03 2.810342e+03
16.5 2.732210e+03 2.737406e+03 2.778695e+03 2.773500e+03
17.5 2.753240e+03 2.736410e+03 2.776447e+03 2.793277e+03
18.5 2.772645e+03 2.735578e+03 2.774435e+03 2.811502e+03
19.5 2.753756e+03 2.734893e+03 2.772732e+03 2.791596e+03
20.5 2.748979e+03 2.734326e+03 2.771350e+03 2.786003e+03
21.5 2.757348e+03 2.733863e+03 2.769524e+03 2.793010e+03
22.5 2.716740e+03 2.733586e+03 2.762633e+03 2.745787e+03
23.5 2.702484e+03 2.733600e+03 2.746087e+03 2.714971e+03
24.5 2.704815e+03 2.733867e+03 2.721314e+03 2.692261e+03
25.5 2.738733e+03 2.734248e+03 2.693791e+03 2.698276e+03
26.5 2.732018e+03 2.734601e+03 2.668689e+03 2.666106e+03
27.5 2.714874e+03 2.734845e+03 2.648801e+03 2.628830e+03
28.5 2.741098e+03 2.734959e+03 2.634694e+03 2.640834e+03
29.5 2.700575e+03 2.734954e+03 2.625676e+03 2.591296e+03
30.5 2.690353e+03 2.734857e+03 2.620631e+03 2.576127e+03
31.5 2.734227e+03 2.734684e+03 2.619226e+03 2.618768e+03
32.5 2.734544e+03 2.734349e+03 2.625153e+03 2.625348e+03
33.5 2.751048e+03 2.733747e+03 2.642262e+03 2.659563e+03
34.5 2.724059e+03 2.732913e+03 2.668542e+03 2.659687e+03
35.5 2.729519e+03 2.731989e+03 2.698064e+03 2.695594e+03
36.5 2.719606e+03 2.731114e+03 2.725319e+03 2.713811e+03
37.5 2.706982e+03 2.730371e+03 2.747276e+03 2.723886e+03
38.5 2.728608e+03 2.729784e+03 2.763221e+03 2.762045e+03
39.5 2.738350e+03 2.729339e+03 2.773777e+03 2.782788e+03
40.5 2.722717e+03 2.729011e+03 2.780045e+03 2.773751e+03
41.5 2.718071e+03 2.728771e+03 2.783124e+03 2.772423e+03
42.5 2.720720e+03 2.728596e+03 2.783942e+03 2.776066e+03
43.5 2.690524e+03 2.728466e+03 2.783240e+03 2.745297e+03
44.5 2.730432e+03 2.728368e+03 2.781599e+03 2.783663e+03
45.5 2.742466e+03 2.728289e+03 2.779472e+03 2.793649e+03
46.5 2.722289e+03 2.728220e+03 2.777197e+03 2.771266e+03
47.5 2.767374e+03 2.728155e+03 2.775011e+03 2.814230e+03
48.5 2.734676e+03 2.728090e+03 2.773061e+03 2.779647e+03
49.5 2.733734e+03 2.728023e+03 2.771417e+03 2.777129e+03
50.5 2.759266e+03 2.727952e+03 2.770093e+03 2.801407e+03
51.5 2.745251e+03 2.727889e+03 2.768324e+03 2.785686e+03
52.5 2.722556e+03 2.727943e+03 2.761488e+03 2.756101e+03
53.5 2.719380e+03 2.728235e+03 2.744995e+03 2.736140e+03
54.5 2.705822e+03 2.728747e+03 2.720274e+03 2.697350e+03
55.5 2.751265e+03 2.729348e+03 2.692801e+03 2.714719e+03
0.5 2.690353e+03 2.734857e+03 2.620631e+03 2.576127e+03
1.5 2.734227e+03 2.734684e+03 2.619226e+03 2.618768e+03
2.5 2.734544e+03 2.734349e+03 2.625153e+03 2.625348e+03
3.5 2.751048e+03 2.733747e+03 2.642262e+03 2.659563e+03
4.5 2.724059e+03 2.732913e+03 2.668542e+03 2.659687e+03
5.5 2.729519e+03 2.731989e+03 2.698064e+03 2.695594e+03
6.5 2.719606e+03 2.731114e+03 2.725319e+03 2.713811e+03
7.5 2.706982e+03 2.730371e+03 2.747276e+03 2.723886e+03
8.5 2.728608e+03 2.729784e+03 2.763221e+03 2.762045e+03
9.5 2.738350e+03 2.729339e+03 2.773777e+03 2.782788e+03
10.5 2.722717e+03 2.729011e+03 2.780045e+03 2.773751e+03
11.5 2.718071e+03 2.728771e+03 2.783124e+03 2.772423e+03
12.5 2.720720e+03 2.728596e+03 2.783942e+03 2.776066e+03
13.5 2.690524e+03 2.728466e+03 2.783240e+03 2.745297e+03
14.5 2.730432e+03 2.728368e+03 2.781599e+03 2.783663e+03
15.5 2.742466e+03 2.728289e+03 2.779472e+03 2.793649e+03
16.5 2.722289e+03 2.728220e+03 2.777197e+03 2.771266e+03
17.5 2.767374e+03 2.728155e+03 2.775011e+03 2.814230e+03
18.5 2.734676e+03 2.728090e+03 2.773061e+03 2.779647e+03
19.5 2.733734e+03 2.728023e+03 2.771417e+03 2.777129e+03
20.5 2.759266e+03 2.727952e+03 2.770093e+03 2.801407e+03
21.5 2.745251e+03 2.727889e+03 2.768324e+03 2.785686e+03
22.5 2.722556e+03 2.727943e+03 2.761488e+03 2.756101e+03
23.5 2.719380e+03 2.728235e+03 2.744995e+03 2.736140e+03
24.5 2.705822e+03 2.728747e+03 2.720274e+03 2.697350e+03
25.5 2.751265e+03 2.729348e+03 2.692801e+03 2.714719e+03
26.5 2.734722e+03 2.729906e+03 2.667749e+03 2.672565e+03
27.5 2.744208e+03 2.730345e+03 2.647909e+03 2.661772e+03
28.5 2.729227e+03 2.730646e+03 2.633851e+03 2.632432e+03
29.5 2.734069e+03 2.730821e+03 2.624878e+03 2.628126e+03
30.5 2.729596e+03 2.730901e+03 2.619879e+03 2.618574e+03
31.5 2.701110e+03 2.730900e+03 2.618517e+03 2.588728e+03
32.5 2.702448e+03 2.730733e+03 2.624487e+03 2.596203e+03
33.5 2.727167e+03 2.730296e+03 2.641638e+03 2.638509e+03
34.5 2.718622e+03 2.729623e+03 2.667960e+03 2.656958e+03
35.5 2.730136e+03 2.728857e+03 2.697523e+03 2.698802e+03
36.5 2.736031e+03 2.728136e+03 2.724817e+03 2.732712e+03
37.5 2.731607e+03 2.727545e+03 2.746813e+03 2.750875e+03
38.5 2.735432e+03 2.727106e+03 2.762797e+03 2.771123e+03
39.5 2.746255e+03 2.726806e+03 2.773391e+03 2.792840e+03
40.5 2.735030e+03 2.726620e+03 2.779696e+03 2.788106e+03
41.5 2.721070e+03 2.726519e+03 2.782812e+03 2.777363e+03
42.5 2.739412e+03 2.726480e+03 2.783667e+03 2.796599e+03
43.5 2.718032e+03 2.726483e+03 2.783001e+03 2.774549e+03
44.5 2.743578e+03 2.726515e+03 2.781396e+03 2.798459e+03
45.5 2.738774e+03 2.726563e+03 2.779304e+03 2.791514e+03
46.5 2.761727e+03 2.726618e+03 2.777064e+03 2.812172e+03
47.5 2.746102e+03 2.726675e+03 2.774913e+03 2.794340e+03
48.5 2.720186e+03 2.726729e+03 2.772998e+03 2.766455e+03
49.5 2.719266e+03 2.726778e+03 2.771389e+03 2.763876e+03
50.5 2.682260e+03 2.726569e+03 2.770099e+03 2.725790e+03
51.5 2.664300e+03 2.724308e+03 2.768364e+03 2.708356e+03
52.5 2.711414e+03 2.717110e+03 2.761562e+03 2.755866e+03
53.5 2.718297e+03 2.705417e+03 2.745104e+03 2.757983e+03
54.5 2.707057e+03 2.693124e+03 2.720418e+03 2.734350e+03
55.5 2.720223e+03 2.683421e+03 2.692980e+03 2.729781e+03
0.5 2.729596e+03 2.730901e+03 2.619879e+03 2.618574e+03
1.5 2.701110e+03 2.730900e+03 2.618517e+03 2.588728e+03
2.5 2.702448e+03 2.730733e+03 2.624487e+03 2.596203e+03
3.5 2.727167e+03 2.730296e+03 2.641638e+03 2.638509e+03
4.5 2.718622e+03 2.729623e+03 2.667960e+03 2.656958e+03
5.5 2.730136e+03 2.728857e+03 2.697523e+03 2.698802e+03
6.5 2.736031e+03 2.728136e+03 2.724817e+03 2.732712e+03
7.5 2.731607e+03 2.727545e+03 2.746813e+03 2.750875e+03
8.5 2.735432e+03 2.727106e+03 2.762797e+03 2.771123e+03
9.5 2.746255e+03 2.726806e+03 2.773391e+03 2.792840e+03
10.5 2.735030e+03 2.726620e+03 2.779696e+03 2.788106e+03
11.5 2.721070e+03 2.726519e+03 2.782812e+03 2.777363e+03
12.5 2.739412e+03 2.726480e+03 2.783667e+03 2.796599e+03
13.5 2.718032e+03 2.726483e+03 2.783001e+03 2.774549e+03
14.5 2.743578e+03 2.726515e+03 2.781396e+03 2.798459e+03
15.5 2.738774e+03 2.726563e+03 2.779304e+03 2.791514e+03
16.5 2.761727e+03 2.726618e+03 2.777064e+03 2.812172e+03
17.5 2.746102e+03 2.726675e+03 2.774913e+03 2.794340e+03
18.5 2.720186e+03 2.726729e+03 2.772998e+03 2.766455e+03
19.5 2.719266e+03 2.726778e+03 2.771389e+03 2.763876e+03
20.5 2.682260e+03 2.726569e+03 2.770099e+03 2.725790e+03
21.5 2.664300e+03 2.724308e+03 2.768364e+03 2.708356e+03
22.5 2.711414e+03 2.717110e+03 2.761562e+03 2.755866e+03
23.5 2.718297e+03 2.705417e+03 2.745104e+03 2.757983e+03
24.5 2.707057e+03 2.693124e+03 2.720418e+03 2.734350e+03
25.5 2.720223e+03 2.683421e+03 2.692980e+03 2.729781e+03
26.5 2.686302e+03 2.677231e+03 2.667963e+03 2.677034e+03
27.5 2.687405e+03 2.673993e+03 2.648158e+03 2.661570e+03
28.5 2.678791e+03 2.672740e+03 2.634135e+03 2.640186e+03
29.5 2.631365e+03 2.672667e+03 2.625198e+03 2.583896e+03
30.5 2.632289e+03 2.673503e+03 2.620235e+03 2.579021e+03
31.5 2.639117e+03 2.676744e+03 2.618910e+03 2.581283e+03
32.5 2.707398e+03 2.685093e+03 2.624917e+03 2.647222e+03
33.5 2.739500e+03 2.697986e+03 2.642106e+03 2.683620e+03
34.5 2.735098e+03 2.711437e+03 2.668465e+03 2.692127e+03
35.5 2.765051e+03 2.722187e+03 2.698067e+03 2.740931e+03
36.5 2.767324e+03 2.729277e+03 2.725401e+03 2.763448e+03
37.5 2.752994e+03 2.733251e+03 2.747437e+03 2.767180e+03
38.5 2.727637e+03 2.735086e+03 2.763462e+03 2.756012e+03
39.5 2.711138e+03 2.735609e+03 2.774098e+03 2.749627e+03
40.5 2.734619e+03 2.735365e+03 2.780446e+03 2.779699e+03
41.5 2.711048e+03 2.734684e+03 2.783605e+03 2.759969e+03
42.5 2.713235e+03 2.733771e+03 2.784504e+03 2.763968e+03
43.5 2.696250e+03 2.732769e+03 2.783884e+03 2.747364e+03
44.5 2.740666e+03 2.731786e+03 2.782325e+03 2.791205e+03
45.5 2.723031e+03 2.730899e+03 2.780281e+03 2.772413e+03
46.5 2.778123e+03 2.730155e+03 2.778090e+03 2.826059e+03
47.5 2.739458e+03 2.729572e+03 2.775990e+03 2.785875e+03
48.5 2.781897e+03 2.729146e+03 2.774126e+03 2.826876e+03
49.5 2.714500e+03 2.728859e+03 2.772569e+03 2.758210e+03
50.5 2.724698e+03 2.728684e+03 2.771334e+03 2.767348e+03
51.5 2.725973e+03 2.728605e+03 2.769655e+03 2.767023e+03
52.5 2.746778e+03 2.728706e+03 2.762910e+03 2.780983e+03
53.5 2.752525e+03 2.729090e+03 2.746511e+03 2.769946e+03
54.5 2.737687e+03 2.729721e+03 2.721885e+03 2.729851e+03
55.5 2.740817e+03 2.730459e+03 2.694510e+03 2.704867e+03
0.5 2.632289e+03 2.673503e+03 2.620235e+03 2.579021e+03
1.5 2.639117e+03 2.676744e+03 2.618910e+03 2.581283e+03
2.5 2.707398e+03 2.685093e+03 2.624917e+03 2.647222e+03
3.5 2.739500e+03 2.697986e+03 2.642106e+03 2.683620e+03
4.5 2.735098e+03 2.711437e+03 2.668465e+03 2.692127e+03
5.5 2.765051e+03 2.722187e+03 2.698067e+03 2.740931e+03
6.5 2.767324e+03 2.729277e+03 2.725401e+03 2.763448e+03
7.5 2.752994e+03 2.733251e+03 2.747437e+03 2.767180e+03
8.5 2.727637e+03 2.735086e+03 2.763462e+03 2.756012e+03
9.5 2.711138e+03 2.735609e+03 2.774098e+03 2.749627e+03
10.5 2.734619e+03 2.735365e+03 2.780446e+03 2.779699e+03
11.5 2.711048e+03 2.734684e+03 2.783605e+03 2.759969e+03
12.5 2.713235e+03 2.733771e+03 2.784504e+03 2.763968e+03
13.5 2.696250e+03 2.732769e+03 2.783884e+03 2.747364e+03
14.5 2.740666e+03 2.731786e+03 2.782325e+03 2.791205e+03
15.5 2.723031e+03 2.730899e+03 2.780281e+03 2.772413e+03
16.5 2.778123e+03 2.730155e+03 2.778090e+03 2.826059e+03
17.5 2.739458e+03 2.729572e+03 2.775990e+03 2.785875e+03
18.5 2.781897e+03 2.729146e+03 2.774126e+03 2.826876e+03
19.5 2.714500e+03 2.728859e+03 2.772569e+03 2.758210e+03
20.5 2.724698e+03 2.728684e+03 2.771334e+03 2.767348e+03
21.5 2.725973e+03 2.728605e+03 2.769655e+03 2.767023e+03
22.5 2.746778e+03 2.728706e+03 2.762910e+03 2.780983e+03
23.5 2.752525e+03 2.729090e+03 2.746511e+03 2.769946e+03
24.5 2.737687e+03 2.729721e+03 2.721885e+03 2.729851e+03
25.5 2.740817e+03 2.730459e+03 2.694510e+03 2.704867e+03
26.5 2.736025e+03 2.731177e+03 2.669556e+03 2.674404e+03
27.5 2.752490e+03 2.731797e+03 2.649829e+03 2.670522e+03
28.5 2.719709e+03 2.732269e+03 2.635885e+03 2.623324e+03
29.5 2.765683e+03 2.732619e+03 2.627030e+03 2.660094e+03
30.5 2.769030e+03 2.732872e+03 2.622153e+03 2.658311e+03
31.5 2.778091e+03 2.733046e+03 2.620917e+03 2.665962e+03
32.5 2.741827e+03 2.733052e+03 2.627016e+03 2.635790e+03
33.5 2.741922e+03 2.732785e+03 2.644298e+03 2.653435e+03
34.5 2.740275e+03 2.732277e+03 2.670752e+03 2.678751e+03
35.5 2.709008e+03 2.731667e+03 2.700447e+03 2.677788e+03
36.5 2.722626e+03 2.731098e+03 2.727872e+03 2.719400e+03
37.5 2.750298e+03 2.730652e+03 2.749996e+03 2.769642e+03
38.5 2.743857e+03 2.730355e+03 2.766107e+03 2.779608e+03
39.5 2.767427e+03 2.730196e+03 2.776828e+03 2.814059e+03
40.5 2.768596e+03 2.730148e+03 2.783261e+03 2.821708e+03
41.5 2.747398e+03 2.730186e+03 2.786506e+03 2.803718e+03
42.5 2.694220e+03 2.730286e+03 2.787493e+03 2.751426e+03
43.5 2.736102e+03 2.730430e+03 2.786963e+03 2.792635e+03
44.5 2.729578e+03 2.730603e+03 2.785497e+03 2.784472e+03
45.5 2.719411e+03 2.730793e+03 2.783548e+03 2.772166e+03
46.5 2.687418e+03 2.730993e+03 2.781457e+03 2.737882e+03
47.5 2.678961e+03 2.731196e+03 2.779459e+03 2.727224e+03
48.5 2.712948e+03 2.731398e+03 2.777701e+03 2.759251e+03
49.5 2.705371e+03 2.731597e+03 2.776255e+03 2.750030e+03
50.5 2.731589e+03 2.731541e+03 2.775134e+03 2.775182e+03
51.5 2.724797e+03 2.729434e+03 2.773573e+03 2.768936e+03
52.5 2.708232e+03 2.722395e+03 2.766950e+03 2.752788e+03
53.5 2.715848e+03 2.710866e+03 2.750679e+03 2.755661e+03
54.5 2.685926e+03 2.698745e+03 2.726194e+03 2.713374e+03
55.5 2.667270e+03 2.689225e+03 2.698975e+03 2.677020e+03
0.5 2.769030e+03 2.732872e+03 2.622153e+03 2.658311e+03
1.5 2.778091e+03 2.733046e+03 2.620917e+03 2.665962e+03
2.5 2.741827e+03 2.733052e+03 2.627016e+03 2.635790e+03
3.5 2.741922e+03 2.732785e+03 2.644298e+03 2.653435e+03
4.5 2.740275e+03 2.732277e+03 2.670752e+03 2.678751e+03
5.5 2.709008e+03 2.731667e+03 2.700447e+03 2.677788e+03
6.5 2.722626e+03 2.731098e+03 2.727872e+03 2.719400e+03
7.5 2.750298e+03 2.730652e+03 2.749996e+03 2.769642e+03
8.5 2.743857e+03 2.730355e+03 2.766107e+03 2.779608e+03
9.5 2.767427e+03 2.730196e+03 2.776828e+03 2.814059e+03
10.5 2.768596e+03 2.730148e+03 2.783261e+03 2.821708e+03
11.5 2.747398e+03 2.730186e+03 2.786506e+03 2.803718e+03
12.5 2.694220e+03 2.730286e+03 2.787493e+03 2.751426e+03
13.5 2.736102e+03 2.730430e+03 2.786963e+03 2.792635e+03
14.5 2.729578e+03 2.730603e+03 2.785497e+03 2.784472e+03
15.5 2.719411e+03 2.730793e+03 2.783548e+03 2.772166e+03
16.5 2.687418e+03 2.730993e+03 2.781457e+03 2.737882e+03
17.5 2.678961e+03 2.731196e+03 2.779459e+03 2.727224e+03
18.5 2.712948e+03 2.731398e+03 2.777701e+03 2.759251e+03
19.5 2.705371e+03 2.731597e+03 2.776255e+03 2.750030e+03
20.5 2.731589e+03 2.731541e+03 2.775134e+03 2.775182e+03
21.5 2.724797e+03 2.729434e+03 2.773573e+03 2.768936e+03
22.5 2.708232e+03 2.722395e+03 2.766950e+03 2.752788e+03
23.5 2.715848e+03 2.710866e+03 2.750679e+03 2.755661e+03
24.5 2.685926e+03 2.698745e+03 2.726194e+03 2.713374e+03
25.5 2.667270e+03 2.689225e+03 2.698975e+03 2.677020e+03
26.5 2.646550e+03 2.683227e+03 2.674198e+03 2.637521e+03
27.5 2.661221e+03 2.680189e+03 2.654655e+03 2.635687e+03
28.5 2.662909e+03 2.679143e+03 2.640913e+03 2.624678e+03
29.5 2.716477e+03 2.679280e+03 2.632275e+03 2.669472e+03
30.5 2.726510e+03 2.679670e+03 2.627623e+03 2.674463e+03
