9.554348e+03 9.319141e+03 9.410045e+03 9.463444e+03
9.464041e+03 9.318614e+03 9.411451e+03 9.371204e+03
9.403471e+03 9.318094e+03 9.412810e+03 9.308756e+03
9.388541e+03 9.317577e+03 9.414141e+03 9.291978e+03
9.384504e+03 9.317060e+03 9.414366e+03 9.287198e+03
9.348119e+03 9.316542e+03 9.405917e+03 9.258744e+03
9.318966e+03 9.316019e+03 9.377504e+03 9.257481e+03
9.290150e+03 9.315486e+03 9.332157e+03 9.273479e+03
9.281013e+03 9.314939e+03 9.286310e+03 9.309642e+03
9.287009e+03 9.314379e+03 9.252342e+03 9.349046e+03
9.283547e+03 9.313809e+03 9.232927e+03 9.364429e+03
9.219583e+03 9.313231e+03 9.224940e+03 9.307874e+03
9.234616e+03 9.312649e+03 9.224056e+03 9.323208e+03
9.236932e+03 9.312066e+03 9.226962e+03 9.322036e+03
9.199529e+03 9.311484e+03 9.231692e+03 9.279321e+03
9.217027e+03 9.310905e+03 9.237213e+03 9.290719e+03
9.211960e+03 9.310329e+03 9.242964e+03 9.279325e+03
9.179043e+03 9.309758e+03 9.248583e+03 9.240218e+03
9.204585e+03 9.309192e+03 9.253800e+03 9.259976e+03
9.250883e+03 9.308630e+03 9.258428e+03 9.301084e+03
9.240417e+03 9.308074e+03 9.262372e+03 9.286120e+03
9.273353e+03 9.307524e+03 9.265623e+03 9.315254e+03
9.268074e+03 9.306979e+03 9.268242e+03 9.306812e+03
9.302054e+03 9.306440e+03 9.270334e+03 9.338161e+03
9.347891e+03 9.305906e+03 9.272718e+03 9.381079e+03
9.323491e+03 9.305179e+03 9.280499e+03 9.348172e+03
9.339763e+03 9.303043e+03 9.301501e+03 9.341305e+03
9.327368e+03 9.298290e+03 9.334193e+03 9.291466e+03
9.367998e+03 9.291313e+03 9.367793e+03 9.291518e+03
9.401966e+03 9.283578e+03 9.393816e+03 9.291728e+03
9.385546e+03 9.276469e+03 9.410117e+03 9.251899e+03
9.437818e+03 9.270735e+03 9.418512e+03 9.290041e+03
9.416823e+03 9.266533e+03 9.421779e+03 9.261577e+03
9.432791e+03 9.263682e+03 9.422131e+03 9.274342e+03
9.414069e+03 9.261889e+03 9.420237e+03 9.255721e+03
9.396481e+03 9.261068e+03 9.411846e+03 9.245703e+03
9.381044e+03 9.262211e+03 9.389665e+03 9.253591e+03
9.388549e+03 9.266330e+03 9.355631e+03 9.299247e+03
9.349545e+03 9.272892e+03 9.320774e+03 9.301663e+03
9.353426e+03 9.280322e+03 9.293763e+03 9.339985e+03
9.318555e+03 9.287156e+03 9.276851e+03 9.328859e+03
9.335365e+03 9.292589e+03 9.268255e+03 9.359698e+03
9.356474e+03 9.296431e+03 9.265175e+03 9.387730e+03
9.310642e+03 9.298849e+03 9.265334e+03 9.344157e+03
9.330418e+03 9.300134e+03 9.267286e+03 9.363266e+03
9.332920e+03 9.300580e+03 9.270197e+03 9.363303e+03
9.279751e+03 9.300432e+03 9.273567e+03 9.306616e+03
9.259604e+03 9.299888e+03 9.277053e+03 9.282440e+03
9.255398e+03 9.299102e+03 9.280400e+03 9.274100e+03
9.270336e+03 9.298195e+03 9.283428e+03 9.285104e+03
9.235042e+03 9.297256e+03 9.286033e+03 9.246265e+03
9.237312e+03 9.296349e+03 9.288183e+03 9.245477e+03
9.227502e+03 9.295512e+03 9.289903e+03 9.233111e+03
9.207958e+03 9.294764e+03 9.291251e+03 9.211471e+03
9.281645e+03 9.294113e+03 9.292441e+03 9.283317e+03
9.259010e+03 9.294279e+03 9.294322e+03 9.258967e+03
9.309616e+03 9.299732e+03 9.297135e+03 9.312213e+03
9.321918e+03 9.314900e+03 9.299250e+03 9.337568e+03
9.304558e+03 9.338327e+03 9.298979e+03 9.343905e+03
9.295121e+03 9.364603e+03 9.296294e+03 9.363429e+03
9.315970e+03 9.388627e+03 9.292337e+03 9.412260e+03
9.287327e+03 9.407636e+03 9.288322e+03 9.406642e+03
9.289451e+03 9.421051e+03 9.284984e+03 9.425518e+03
9.319352e+03 9.429534e+03 9.282567e+03 9.466319e+03
9.312388e+03 9.434160e+03 9.280875e+03 9.465674e+03
9.308443e+03 9.435251e+03 9.278963e+03 9.464731e+03
9.283949e+03 9.429189e+03 9.276479e+03 9.436659e+03
9.267279e+03 9.412205e+03 9.274956e+03 9.404528e+03
9.293003e+03 9.386264e+03 9.276003e+03 9.403264e+03
9.257753e+03 9.357163e+03 9.279581e+03 9.335335e+03
9.310943e+03 9.330292e+03 9.284492e+03 9.356743e+03
9.301276e+03 9.308612e+03 9.289473e+03 9.320415e+03
9.283135e+03 9.292823e+03 9.293752e+03 9.282205e+03
9.280857e+03 9.282313e+03 9.297058e+03 9.266113e+03
9.319770e+03 9.276008e+03 9.299432e+03 9.296346e+03
9.283859e+03 9.272831e+03 9.301036e+03 9.255655e+03
9.283065e+03 9.271874e+03 9.302047e+03 9.252892e+03
9.307478e+03 9.272414e+03 9.302620e+03 9.277272e+03
9.325299e+03 9.273880e+03 9.302876e+03 9.296303e+03
9.305555e+03 9.275832e+03 9.302916e+03 9.278471e+03
9.280942e+03 9.277936e+03 9.302820e+03 9.256058e+03
9.291578e+03 9.279962e+03 9.302653e+03 9.268887e+03
9.299952e+03 9.281766e+03 9.302463e+03 9.279254e+03
9.288369e+03 9.283278e+03 9.302285e+03 9.269362e+03
9.261571e+03 9.284487e+03 9.302277e+03 9.243780e+03
9.246669e+03 9.286139e+03 9.303225e+03 9.229583e+03
9.299360e+03 9.292755e+03 9.305306e+03 9.286809e+03
9.311366e+03 9.308824e+03 9.306835e+03 9.313355e+03
9.313187e+03 9.332948e+03 9.306080e+03 9.340055e+03
9.306757e+03 9.359771e+03 9.302981e+03 9.363547e+03
9.296305e+03 9.384235e+03 9.298656e+03 9.381883e+03
9.264104e+03 9.403608e+03 9.294304e+03 9.373408e+03
9.303098e+03 9.417334e+03 9.290651e+03 9.429781e+03
9.278116e+03 9.426093e+03 9.287932e+03 9.416276e+03
9.231326e+03 9.430972e+03 9.285949e+03 9.376350e+03
9.311153e+03 9.432301e+03 9.283754e+03 9.459700e+03
9.324681e+03 9.426466e+03 9.280992e+03 9.470154e+03
9.305283e+03 9.409701e+03 9.279197e+03 9.435787e+03
9.308693e+03 9.383974e+03 9.279977e+03 9.412690e+03
9.248717e+03 9.355083e+03 9.283294e+03 9.320506e+03
9.281607e+03 9.328417e+03 9.287948e+03 9.322076e+03
9.279524e+03 9.306940e+03 9.292678e+03 9.293786e+03
9.240785e+03 9.291349e+03 9.296708e+03 9.235427e+03
9.285279e+03 9.281036e+03 9.299770e+03 9.266545e+03
9.269701e+03 9.274925e+03 9.301904e+03 9.242722e+03
9.306269e+03 9.271938e+03 9.303273e+03 9.274934e+03
9.276778e+03 9.271169e+03 9.304053e+03 9.243894e+03
9.267737e+03 9.271893e+03 9.304399e+03 9.235231e+03
9.268645e+03 9.273541e+03 9.304433e+03 9.237754e+03
9.273086e+03 9.275671e+03 9.304254e+03 9.244503e+03
9.310840e+03 9.277951e+03 9.303944e+03 9.284847e+03
9.329079e+03 9.280149e+03 9.303567e+03 9.305661e+03
9.339007e+03 9.282122e+03 9.303171e+03 9.317959e+03
9.362462e+03 9.283801e+03 9.302792e+03 9.343471e+03
9.363883e+03 9.285169e+03 9.303154e+03 9.345898e+03
9.346843e+03 9.286050e+03 9.309258e+03 9.323634e+03
9.360514e+03 9.285266e+03 9.328835e+03 9.316944e+03
9.346650e+03 9.281660e+03 9.360276e+03 9.268033e+03
9.403057e+03 9.275669e+03 9.392744e+03 9.285982e+03
9.437942e+03 9.268801e+03 9.417716e+03 9.289028e+03
9.440464e+03 9.262474e+03 9.433018e+03 9.269920e+03
9.532993e+03 9.257461e+03 9.440452e+03 9.350002e+03
9.489125e+03 9.253937e+03 9.442786e+03 9.300277e+03
9.491574e+03 9.251735e+03 9.442226e+03 9.301083e+03
9.504448e+03 9.250570e+03 9.439438e+03 9.315580e+03
9.452006e+03 9.250361e+03 9.430187e+03 9.272181e+03
9.398220e+03 9.252095e+03 9.407178e+03 9.243137e+03
9.316568e+03 9.256798e+03 9.372308e+03 9.201058e+03
9.302734e+03 9.263937e+03 9.336626e+03 9.230045e+03
9.271398e+03 9.271939e+03 9.308802e+03 9.234534e+03
9.265296e+03 9.279338e+03 9.291089e+03 9.253544e+03
9.296437e+03 9.285332e+03 9.281703e+03 9.300066e+03
9.310322e+03 9.289731e+03 9.277842e+03 9.322210e+03
9.321078e+03 9.292700e+03 9.277231e+03 9.336547e+03
9.333850e+03 9.294532e+03 9.278424e+03 9.349957e+03
9.318730e+03 9.295519e+03 9.280587e+03 9.333662e+03
9.307532e+03 9.295907e+03 9.283220e+03 9.320219e+03
9.293088e+03 9.295894e+03 9.285978e+03 9.303004e+03
9.292269e+03 9.295635e+03 9.288608e+03 9.299295e+03
9.273858e+03 9.295248e+03 9.290928e+03 9.278178e+03
9.269958e+03 9.294824e+03 9.292835e+03 9.271946e+03
9.284755e+03 9.294427e+03 9.294297e+03 9.284885e+03
9.240203e+03 9.294094e+03 9.295338e+03 9.238960e+03
9.311979e+03 9.293846e+03 9.296015e+03 9.309810e+03
9.288384e+03 9.293689e+03 9.296544e+03 9.285529e+03
9.287428e+03 9.294344e+03 9.297772e+03 9.284000e+03
9.267469e+03 9.300280e+03 9.299941e+03 9.267809e+03
9.250339e+03 9.315926e+03 9.301419e+03 9.264846e+03
9.288905e+03 9.339826e+03 9.300519e+03 9.328212e+03
9.267198e+03 9.366570e+03 9.297212e+03 9.336555e+03
9.250706e+03 9.391057e+03 9.292620e+03 9.349143e+03
9.280835e+03 9.410529e+03 9.287955e+03 9.403409e+03
9.290336e+03 9.424402e+03 9.283991e+03 9.430747e+03
9.267535e+03 9.433338e+03 9.280951e+03 9.419922e+03
9.279034e+03 9.438415e+03 9.278642e+03 9.438807e+03
9.238368e+03 9.439952e+03 9.276116e+03 9.402204e+03
9.285606e+03 9.434332e+03 9.273024e+03 9.446914e+03
9.262408e+03 9.417786e+03 9.270900e+03 9.409295e+03
9.224776e+03 9.392280e+03 9.271358e+03 9.345698e+03
9.284097e+03 9.363612e+03 9.274361e+03 9.373348e+03
9.283608e+03 9.337170e+03 9.278707e+03 9.342070e+03
9.247999e+03 9.315917e+03 9.283133e+03 9.280783e+03
9.241950e+03 9.300551e+03 9.286861e+03 9.255640e+03
9.235955e+03 9.290463e+03 9.289622e+03 9.236797e+03
9.279372e+03 9.284578e+03 9.291452e+03 9.272498e+03
9.285223e+03 9.281819e+03 9.292514e+03 9.274528e+03
9.267488e+03 9.281279e+03 9.292984e+03 9.255783e+03
9.282899e+03 9.282234e+03 9.293015e+03 9.272118e+03
9.311075e+03 9.284116e+03 9.292729e+03 9.302462e+03
9.344146e+03 9.286481e+03 9.292225e+03 9.338402e+03
9.321166e+03 9.289000e+03 9.291584e+03 9.318582e+03
9.310005e+03 9.291440e+03 9.290869e+03 9.310576e+03
9.318330e+03 9.293660e+03 9.290129e+03 9.321861e+03
9.314506e+03 9.295589e+03 9.289399e+03 9.320695e+03
9.311639e+03 9.297211e+03 9.289403e+03 9.319447e+03
9.294218e+03 9.298351e+03 9.295141e+03 9.297428e+03
9.311399e+03 9.297832e+03 9.314342e+03 9.294889e+03
9.377224e+03 9.294497e+03 9.345389e+03 9.326332e+03
9.418219e+03 9.288786e+03 9.377437e+03 9.329568e+03
9.418863e+03 9.282207e+03 9.401960e+03 9.299110e+03
9.462269e+03 9.276180e+03 9.416789e+03 9.321660e+03
9.437106e+03 9.271479e+03 9.423728e+03 9.284857e+03
9.372964e+03 9.268278e+03 9.425546e+03 9.215696e+03
9.342012e+03 9.266410e+03 9.424458e+03 9.183963e+03
9.300759e+03 9.265590e+03 9.422211e+03 9.144138e+03
9.306946e+03 9.265738e+03 9.421357e+03 9.151326e+03
