1.879485e+03 1.978631e+03 1.894577e+03 1.963539e+03
1.819141e+03 1.978506e+03 1.893343e+03 1.904304e+03
1.824963e+03 1.978393e+03 1.892174e+03 1.911182e+03
1.884812e+03 1.978293e+03 1.891038e+03 1.972067e+03
1.901356e+03 1.978205e+03 1.891262e+03 1.988299e+03
1.904285e+03 1.978128e+03 1.901834e+03 1.980579e+03
2.002902e+03 1.978062e+03 1.934675e+03 2.046288e+03
2.014161e+03 1.978006e+03 1.984108e+03 2.008059e+03
2.020266e+03 1.977961e+03 2.030554e+03 1.967674e+03
2.104312e+03 1.977926e+03 2.061157e+03 2.021081e+03
2.005519e+03 1.977901e+03 2.074864e+03 1.908557e+03
2.090030e+03 1.977885e+03 2.076728e+03 1.991187e+03
2.051042e+03 1.977877e+03 2.072319e+03 1.956600e+03
1.999379e+03 1.977878e+03 2.065420e+03 1.911838e+03
2.045331e+03 1.977888e+03 2.057973e+03 1.965246e+03
2.066326e+03 1.977904e+03 2.050788e+03 1.993443e+03
2.045272e+03 1.977929e+03 2.044174e+03 1.979027e+03
2.086669e+03 1.977960e+03 2.038281e+03 2.026348e+03
1.994014e+03 1.977998e+03 2.033213e+03 1.938799e+03
2.106851e+03 1.978042e+03 2.029023e+03 2.055870e+03
2.032019e+03 1.978093e+03 2.025697e+03 1.984414e+03
2.009034e+03 1.978149e+03 2.023157e+03 1.964025e+03
2.059911e+03 1.978210e+03 2.021272e+03 2.016850e+03
2.030226e+03 1.978276e+03 2.019890e+03 1.988612e+03
2.024587e+03 1.978351e+03 2.018512e+03 1.984426e+03
1.985336e+03 1.979329e+03 2.014858e+03 1.949808e+03
2.010819e+03 1.986736e+03 2.007188e+03 1.990368e+03
2.045094e+03 2.006047e+03 1.998494e+03 2.052647e+03
2.029196e+03 2.035484e+03 1.993482e+03 2.071197e+03
2.002622e+03 2.068391e+03 1.993709e+03 2.077305e+03
1.931155e+03 2.098492e+03 1.997683e+03 2.031964e+03
1.970146e+03 2.122385e+03 2.003096e+03 2.089436e+03
1.962732e+03 2.139361e+03 2.008254e+03 2.093839e+03
1.932437e+03 2.150239e+03 2.012380e+03 2.070296e+03
1.964413e+03 2.156349e+03 2.015683e+03 2.105080e+03
2.032491e+03 2.158086e+03 2.020479e+03 2.170098e+03
2.115264e+03 2.150975e+03 2.028621e+03 2.237617e+03
2.020047e+03 2.130389e+03 2.037229e+03 2.113206e+03
2.078428e+03 2.098750e+03 2.041724e+03 2.135454e+03
2.030702e+03 2.063206e+03 2.040654e+03 2.053255e+03
1.957855e+03 2.030401e+03 2.035605e+03 1.952651e+03
1.914776e+03 2.003985e+03 2.028975e+03 1.889786e+03
2.065120e+03 1.984820e+03 2.022533e+03 2.027407e+03
1.964316e+03 1.972153e+03 2.017122e+03 1.919347e+03
1.992714e+03 1.964659e+03 2.012930e+03 1.944443e+03
2.003021e+03 1.961010e+03 2.009834e+03 1.954197e+03
1.966931e+03 1.960087e+03 2.007627e+03 1.919391e+03
2.025834e+03 1.960998e+03 2.006117e+03 1.980715e+03
1.966886e+03 1.963041e+03 2.005145e+03 1.924781e+03
2.069677e+03 1.965670e+03 2.004578e+03 2.030769e+03
1.989944e+03 1.968477e+03 2.004302e+03 1.954120e+03
2.083362e+03 1.971176e+03 2.004214e+03 2.050325e+03
1.952503e+03 1.973591e+03 2.004230e+03 1.921863e+03
2.056009e+03 1.975635e+03 2.004285e+03 2.027358e+03
1.943246e+03 1.977289e+03 2.004124e+03 1.916411e+03
1.978017e+03 1.978580e+03 2.002395e+03 1.954203e+03
2.059938e+03 1.979556e+03 1.997768e+03 2.041726e+03
1.910509e+03 1.980277e+03 1.991698e+03 1.899088e+03
1.879186e+03 1.980800e+03 1.987095e+03 1.872890e+03
2.047516e+03 1.981175e+03 1.985317e+03 2.043374e+03
1.942328e+03 1.981444e+03 1.985895e+03 1.937877e+03
1.986691e+03 1.981639e+03 1.987695e+03 1.980634e+03
1.951747e+03 1.981781e+03 1.989770e+03 1.943758e+03
1.931935e+03 1.981889e+03 1.991615e+03 1.922209e+03
1.923737e+03 1.981972e+03 1.993270e+03 1.912438e+03
2.014044e+03 1.982039e+03 1.996071e+03 2.000012e+03
1.925111e+03 1.982094e+03 2.001394e+03 1.905811e+03
2.040802e+03 1.982140e+03 2.007847e+03 2.015095e+03
1.962232e+03 1.982180e+03 2.012574e+03 1.931839e+03
1.961835e+03 1.982215e+03 2.014268e+03 1.929781e+03
2.036869e+03 1.982244e+03 2.013445e+03 2.005667e+03
2.005182e+03 1.982268e+03 2.011287e+03 1.976163e+03
1.958179e+03 1.982288e+03 2.008781e+03 1.931686e+03
2.030113e+03 1.982304e+03 2.006471e+03 2.005946e+03
1.954180e+03 1.982316e+03 2.004551e+03 1.931945e+03
1.983146e+03 1.982324e+03 2.003032e+03 1.962437e+03
2.010886e+03 1.982328e+03 2.001864e+03 1.991349e+03
2.048569e+03 1.982328e+03 2.000989e+03 2.029907e+03
1.987136e+03 1.982323e+03 2.000358e+03 1.969101e+03
1.997872e+03 1.982315e+03 1.999928e+03 1.980259e+03
2.036111e+03 1.982302e+03 1.999655e+03 2.018758e+03
2.048696e+03 1.982285e+03 1.999499e+03 2.031482e+03
2.029061e+03 1.982264e+03 1.999420e+03 2.011904e+03
1.993234e+03 1.982238e+03 1.999386e+03 1.976086e+03
2.019921e+03 1.982209e+03 1.999162e+03 2.002968e+03
1.981626e+03 1.982175e+03 1.997404e+03 1.966397e+03
2.082141e+03 1.982138e+03 1.992785e+03 2.071493e+03
1.964029e+03 1.982096e+03 1.986756e+03 1.959368e+03
1.980044e+03 1.982050e+03 1.982223e+03 1.979871e+03
1.990742e+03 1.982000e+03 1.980536e+03 1.992206e+03
2.008703e+03 1.981946e+03 1.981221e+03 2.009428e+03
2.051625e+03 1.981888e+03 1.983137e+03 2.050377e+03
1.940687e+03 1.981826e+03 1.985335e+03 1.937178e+03
1.993552e+03 1.981760e+03 1.987305e+03 1.988007e+03
1.944174e+03 1.981690e+03 1.989087e+03 1.936777e+03
1.985308e+03 1.981616e+03 1.992013e+03 1.974912e+03
2.046855e+03 1.981539e+03 1.997460e+03 2.030934e+03
2.011486e+03 1.981457e+03 2.004035e+03 1.988908e+03
2.004645e+03 1.981372e+03 2.008880e+03 1.977137e+03
2.041554e+03 1.981283e+03 2.010690e+03 2.012147e+03
2.073958e+03 1.981190e+03 2.009979e+03 2.045169e+03
2.068075e+03 1.981093e+03 2.007930e+03 2.041238e+03
1.934560e+03 1.980993e+03 2.005531e+03 1.910022e+03
1.973529e+03 1.980889e+03 2.003325e+03 1.951094e+03
1.959297e+03 1.980782e+03 2.001505e+03 1.938573e+03
1.959119e+03 1.980671e+03 2.000084e+03 1.939705e+03
2.034280e+03 1.980556e+03 1.999011e+03 2.015825e+03
2.072844e+03 1.980438e+03 1.998228e+03 2.055055e+03
2.043380e+03 1.980316e+03 1.997686e+03 2.026010e+03
2.019632e+03 1.980191e+03 1.997342e+03 2.002481e+03
2.086815e+03 1.980062e+03 1.997153e+03 2.069725e+03
2.017056e+03 1.979930e+03 1.997078e+03 1.999908e+03
2.006912e+03 1.979795e+03 1.997079e+03 1.989629e+03
2.002881e+03 1.979656e+03 1.997121e+03 1.985416e+03
1.984549e+03 1.979518e+03 1.996824e+03 1.967243e+03
1.927282e+03 1.980275e+03 1.994015e+03 1.913543e+03
1.978691e+03 1.987452e+03 1.987039e+03 1.979104e+03
2.075486e+03 2.006522e+03 1.978948e+03 2.103060e+03
1.977652e+03 2.035706e+03 1.974488e+03 2.038870e+03
1.955569e+03 2.068351e+03 1.975238e+03 2.048683e+03
2.026432e+03 2.098178e+03 1.979719e+03 2.144891e+03
2.123313e+03 2.121790e+03 1.985628e+03 2.259475e+03
1.968674e+03 2.138478e+03 1.991277e+03 2.115876e+03
1.954279e+03 2.149064e+03 1.995884e+03 2.107459e+03
1.934665e+03 2.154877e+03 1.999660e+03 2.089883e+03
2.050371e+03 2.156315e+03 2.004908e+03 2.201778e+03
1.981006e+03 2.148919e+03 2.013490e+03 2.116435e+03
2.071937e+03 2.128045e+03 2.022542e+03 2.177441e+03
2.049155e+03 2.096114e+03 2.027470e+03 2.117799e+03
2.058298e+03 2.060275e+03 2.026822e+03 2.091751e+03
2.080333e+03 2.027170e+03 2.022183e+03 2.085321e+03
2.041774e+03 2.000452e+03 2.015953e+03 2.026273e+03
2.007251e+03 1.980981e+03 2.009902e+03 1.978330e+03
1.925068e+03 1.968005e+03 2.004871e+03 1.888202e+03
2.034026e+03 1.960199e+03 2.001048e+03 1.993176e+03
1.898803e+03 1.956236e+03 1.998311e+03 1.856727e+03
1.937655e+03 1.954996e+03 1.996454e+03 1.896196e+03
2.047042e+03 1.955587e+03 1.995284e+03 2.007345e+03
2.018082e+03 1.957308e+03 1.994642e+03 1.980747e+03
1.942156e+03 1.959613e+03 1.994397e+03 1.907372e+03
2.122715e+03 1.962093e+03 1.994432e+03 2.090376e+03
2.059160e+03 1.964463e+03 1.994647e+03 2.028976e+03
2.010036e+03 1.966546e+03 1.994958e+03 1.981624e+03
2.003506e+03 1.968256e+03 1.995299e+03 1.976464e+03
2.026232e+03 1.969574e+03 1.995415e+03 2.000391e+03
1.988769e+03 1.970527e+03 1.993955e+03 1.965341e+03
1.934115e+03 1.971162e+03 1.989590e+03 1.915687e+03
2.070329e+03 1.971540e+03 1.983773e+03 2.058095e+03
1.948554e+03 1.971717e+03 1.979417e+03 1.940854e+03
1.970592e+03 1.971745e+03 1.977878e+03 1.964458e+03
1.939257e+03 1.971663e+03 1.978713e+03 1.932207e+03
2.032843e+03 1.971504e+03 1.980782e+03 2.023565e+03
1.974363e+03 1.971290e+03 1.983098e+03 1.962555e+03
2.060906e+03 1.971037e+03 1.985177e+03 2.046767e+03
2.119332e+03 1.970757e+03 1.987062e+03 2.103027e+03
2.080311e+03 1.970457e+03 1.990087e+03 2.060681e+03
2.027497e+03 1.970142e+03 1.995628e+03 2.002011e+03
1.953425e+03 1.969815e+03 2.002288e+03 1.920951e+03
1.981744e+03 1.969477e+03 2.007208e+03 1.944013e+03
2.020879e+03 1.969129e+03 2.009079e+03 1.980929e+03
1.986143e+03 1.968771e+03 2.008420e+03 1.946494e+03
1.958142e+03 1.968403e+03 2.006415e+03 1.920131e+03
2.107846e+03 1.968027e+03 2.004055e+03 2.071817e+03
2.052626e+03 1.967641e+03 2.001886e+03 2.018381e+03
2.058555e+03 1.967245e+03 2.000101e+03 2.025700e+03
1.999425e+03 1.966839e+03 1.998713e+03 1.967552e+03
1.984062e+03 1.966423e+03 1.997671e+03 1.952814e+03
1.961668e+03 1.965996e+03 1.996919e+03 1.930745e+03
2.002649e+03 1.965558e+03 1.996407e+03 1.971799e+03
1.984485e+03 1.965108e+03 1.996092e+03 1.953501e+03
1.965214e+03 1.964646e+03 1.995931e+03 1.933929e+03
1.931535e+03 1.964171e+03 1.995883e+03 1.899823e+03
1.919920e+03 1.963684e+03 1.995909e+03 1.887695e+03
1.947329e+03 1.963183e+03 1.995975e+03 1.914537e+03
1.951304e+03 1.962673e+03 1.995701e+03 1.918276e+03
1.898400e+03 1.963047e+03 1.992913e+03 1.868534e+03
1.950587e+03 1.969829e+03 1.985957e+03 1.934459e+03
2.024252e+03 1.988489e+03 1.977889e+03 2.034853e+03
1.982551e+03 2.017242e+03 1.973454e+03 2.026339e+03
1.981010e+03 2.049426e+03 1.974229e+03 2.056207e+03
1.887654e+03 2.078762e+03 1.978735e+03 1.987680e+03
1.938040e+03 2.101849e+03 1.984667e+03 2.055223e+03
1.923418e+03 2.117983e+03 1.990332e+03 2.051068e+03
2.038998e+03 2.127985e+03 1.994947e+03 2.172036e+03
1.995068e+03 2.133188e+03 1.997395e+03 2.130861e+03
2.126399e+03 2.133992e+03 1.996973e+03 2.263418e+03
