9.458956e+03 9.041336e+03 9.369417e+03 9.130875e+03
9.490116e+03 9.040278e+03 9.371831e+03 9.158564e+03
9.487401e+03 9.039245e+03 9.374124e+03 9.152523e+03
9.444412e+03 9.038243e+03 9.376381e+03 9.106274e+03
9.295254e+03 9.037281e+03 9.374061e+03 8.958474e+03
9.271799e+03 9.037764e+03 9.337269e+03 8.972294e+03
9.210505e+03 9.048341e+03 9.230780e+03 9.028066e+03
8.896788e+03 9.077586e+03 9.079611e+03 8.894763e+03
8.945243e+03 9.122721e+03 8.949037e+03 9.118926e+03
8.885741e+03 9.173334e+03 8.876341e+03 9.182734e+03
8.978683e+03 9.219598e+03 8.858741e+03 9.339540e+03
8.946916e+03 9.256190e+03 8.875464e+03 9.327643e+03
8.951295e+03 9.281995e+03 8.906698e+03 9.326591e+03
8.851010e+03 9.298290e+03 8.940319e+03 9.208981e+03
9.031525e+03 9.307158e+03 8.971024e+03 9.367660e+03
8.922440e+03 9.310620e+03 8.997353e+03 9.235708e+03
8.863934e+03 9.310337e+03 9.019326e+03 9.154945e+03
8.944084e+03 9.307608e+03 9.037269e+03 9.214422e+03
8.983851e+03 9.303435e+03 9.051485e+03 9.235800e+03
8.885588e+03 9.298590e+03 9.062289e+03 9.121889e+03
9.206514e+03 9.293646e+03 9.070095e+03 9.430065e+03
9.034945e+03 9.289000e+03 9.075437e+03 9.248508e+03
8.986339e+03 9.284889e+03 9.078910e+03 9.192318e+03
9.203379e+03 9.281421e+03 9.081110e+03 9.403690e+03
9.282095e+03 9.278606e+03 9.085580e+03 9.475120e+03
9.300606e+03 9.276038e+03 9.114841e+03 9.461803e+03
9.325290e+03 9.271452e+03 9.206134e+03 9.390608e+03
9.497842e+03 9.262591e+03 9.356271e+03 9.404161e+03
9.563422e+03 9.250062e+03 9.517438e+03 9.296046e+03
9.582198e+03 9.236408e+03 9.648559e+03 9.170048e+03
9.767682e+03 9.224040e+03 9.736175e+03 9.255546e+03
9.745336e+03 9.214245e+03 9.785837e+03 9.173744e+03
9.951781e+03 9.207267e+03 9.809006e+03 9.350043e+03
9.934525e+03 9.202757e+03 9.815733e+03 9.321549e+03
9.920841e+03 9.200170e+03 9.809744e+03 9.311267e+03
9.800283e+03 9.199338e+03 9.772937e+03 9.226684e+03
9.724863e+03 9.202014e+03 9.670926e+03 9.255951e+03
9.606648e+03 9.210020e+03 9.509028e+03 9.307640e+03
9.368559e+03 9.222400e+03 9.336404e+03 9.254554e+03
9.420219e+03 9.236330e+03 9.195128e+03 9.461421e+03
9.393176e+03 9.249192e+03 9.099257e+03 9.543110e+03
9.131515e+03 9.259542e+03 9.043478e+03 9.347578e+03
9.230395e+03 9.267040e+03 9.016267e+03 9.481167e+03
9.035688e+03 9.271982e+03 9.007311e+03 9.300358e+03
9.143359e+03 9.274890e+03 9.009503e+03 9.408747e+03
9.079507e+03 9.276287e+03 9.018378e+03 9.337415e+03
8.859837e+03 9.276614e+03 9.031048e+03 9.105403e+03
9.029549e+03 9.276222e+03 9.045449e+03 9.260323e+03
8.766414e+03 9.275388e+03 9.060020e+03 8.981782e+03
9.037171e+03 9.274326e+03 9.073630e+03 9.237867e+03
8.821418e+03 9.273198e+03 9.085563e+03 9.009053e+03
8.954423e+03 9.272114e+03 9.095493e+03 9.131044e+03
8.874202e+03 9.271145e+03 9.103409e+03 9.041939e+03
8.951104e+03 9.270325e+03 9.109508e+03 9.111920e+03
9.064598e+03 9.269653e+03 9.114581e+03 9.219670e+03
9.101236e+03 9.267720e+03 9.121991e+03 9.246965e+03
9.198532e+03 9.255862e+03 9.134759e+03 9.319635e+03
9.091572e+03 9.225490e+03 9.149411e+03 9.167652e+03
8.993459e+03 9.179367e+03 9.159489e+03 9.013337e+03
9.064068e+03 9.127883e+03 9.162420e+03 9.029532e+03
9.026089e+03 9.080843e+03 9.159801e+03 8.947131e+03
9.147403e+03 9.043552e+03 9.154569e+03 9.036386e+03
9.128893e+03 9.017107e+03 9.149021e+03 8.996978e+03
9.231503e+03 9.000219e+03 9.144324e+03 9.087397e+03
9.169278e+03 8.990800e+03 9.140318e+03 9.019760e+03
9.158713e+03 8.988227e+03 9.133888e+03 9.013052e+03
9.059476e+03 8.999472e+03 9.122116e+03 8.936832e+03
9.148938e+03 9.031803e+03 9.108541e+03 9.072199e+03
9.054908e+03 9.081428e+03 9.099660e+03 9.036676e+03
9.119013e+03 9.137163e+03 9.098063e+03 9.158113e+03
9.107550e+03 9.188613e+03 9.102132e+03 9.194031e+03
9.016621e+03 9.230063e+03 9.108891e+03 9.137794e+03
9.088514e+03 9.260168e+03 9.115987e+03 9.232694e+03
9.109210e+03 9.280101e+03 9.122202e+03 9.267109e+03
9.109163e+03 9.291939e+03 9.127168e+03 9.273935e+03
9.143663e+03 9.297757e+03 9.130941e+03 9.310479e+03
9.123064e+03 9.299305e+03 9.133710e+03 9.288659e+03
9.320986e+03 9.297980e+03 9.135665e+03 9.483301e+03
9.162338e+03 9.294879e+03 9.136965e+03 9.320253e+03
9.154461e+03 9.290856e+03 9.137745e+03 9.307572e+03
9.213727e+03 9.286549e+03 9.138129e+03 9.362147e+03
9.027222e+03 9.282406e+03 9.138232e+03 9.171396e+03
9.173401e+03 9.278702e+03 9.138155e+03 9.313949e+03
9.228430e+03 9.275572e+03 9.137982e+03 9.366020e+03
9.267888e+03 9.273040e+03 9.138259e+03 9.402668e+03
9.241422e+03 9.269663e+03 9.142055e+03 9.369029e+03
9.301783e+03 9.256722e+03 9.152107e+03 9.406398e+03
9.072725e+03 9.225559e+03 9.164691e+03 9.133593e+03
9.219554e+03 9.178869e+03 9.173153e+03 9.225269e+03
9.232356e+03 9.126983e+03 9.174769e+03 9.184571e+03
9.250183e+03 9.079658e+03 9.171031e+03 9.158810e+03
9.239657e+03 9.042162e+03 9.164808e+03 9.117011e+03
9.124957e+03 9.015567e+03 9.158352e+03 8.982172e+03
9.250675e+03 8.998563e+03 9.152797e+03 9.096441e+03
9.075041e+03 8.989050e+03 9.147966e+03 8.916125e+03
9.132891e+03 8.986395e+03 9.140733e+03 8.978553e+03
9.340017e+03 8.997567e+03 9.128174e+03 9.209410e+03
9.070967e+03 9.029827e+03 9.113824e+03 8.986970e+03
9.198254e+03 9.079383e+03 9.104179e+03 9.173458e+03
9.128681e+03 9.135051e+03 9.101830e+03 9.161902e+03
9.047688e+03 9.186433e+03 9.105159e+03 9.128963e+03
9.169117e+03 9.227816e+03 9.111184e+03 9.285749e+03
9.254709e+03 9.257853e+03 9.117555e+03 9.395007e+03
8.997026e+03 9.277717e+03 9.123053e+03 9.151691e+03
9.218527e+03 9.289486e+03 9.127310e+03 9.380703e+03
9.209867e+03 9.295234e+03 9.130385e+03 9.374716e+03
9.228280e+03 9.296712e+03 9.132465e+03 9.392528e+03
9.193566e+03 9.295317e+03 9.133739e+03 9.355144e+03
9.166377e+03 9.292147e+03 9.134368e+03 9.324156e+03
9.064207e+03 9.288054e+03 9.134485e+03 9.217776e+03
9.088190e+03 9.283678e+03 9.134216e+03 9.237652e+03
9.209518e+03 9.279466e+03 9.133675e+03 9.355308e+03
9.059723e+03 9.275694e+03 9.132963e+03 9.202453e+03
9.371349e+03 9.272496e+03 9.132173e+03 9.511671e+03
9.436338e+03 9.269901e+03 9.134405e+03 9.571833e+03
9.429076e+03 9.267515e+03 9.161827e+03 9.534764e+03
9.336466e+03 9.263082e+03 9.251422e+03 9.348125e+03
9.442775e+03 9.254351e+03 9.399846e+03 9.297280e+03
9.634202e+03 9.241933e+03 9.559204e+03 9.316932e+03
9.645676e+03 9.228375e+03 9.688400e+03 9.185651e+03
9.720042e+03 9.216086e+03 9.773985e+03 9.162143e+03
9.532858e+03 9.206357e+03 9.821529e+03 8.917687e+03
9.753433e+03 9.199432e+03 9.842518e+03 9.110346e+03
1.006472e+04 9.194961e+03 9.847027e+03 9.412655e+03
1.002060e+04 9.192401e+03 9.838798e+03 9.374207e+03
9.763349e+03 9.191585e+03 9.799824e+03 9.155109e+03
9.665437e+03 9.194262e+03 9.695718e+03 9.163980e+03
9.423134e+03 9.202259e+03 9.531638e+03 9.093755e+03
9.205994e+03 9.214619e+03 9.356835e+03 9.063779e+03
9.252245e+03 9.228521e+03 9.213391e+03 9.267375e+03
8.926658e+03 9.241345e+03 9.115364e+03 9.052639e+03
8.956239e+03 9.251649e+03 9.057437e+03 9.150451e+03
9.094979e+03 9.259093e+03 9.028088e+03 9.325983e+03
8.818385e+03 9.263973e+03 9.017007e+03 9.065351e+03
8.886336e+03 9.266812e+03 9.017086e+03 9.136061e+03
8.990479e+03 9.268134e+03 9.023864e+03 9.234749e+03
9.125601e+03 9.268379e+03 9.034447e+03 9.359533e+03
9.074329e+03 9.267901e+03 9.046774e+03 9.295455e+03
8.841587e+03 9.266974e+03 9.059285e+03 9.049276e+03
8.990702e+03 9.265815e+03 9.070846e+03 9.185671e+03
8.985768e+03 9.264585e+03 9.080742e+03 9.169610e+03
9.044045e+03 9.263395e+03 9.088647e+03 9.218793e+03
9.066060e+03 9.262316e+03 9.094549e+03 9.233827e+03
9.054909e+03 9.261382e+03 9.098644e+03 9.217647e+03
9.021857e+03 9.260595e+03 9.101724e+03 9.180728e+03
9.072552e+03 9.258541e+03 9.107149e+03 9.223944e+03
9.071632e+03 9.246561e+03 9.117942e+03 9.200251e+03
8.962885e+03 9.216066e+03 9.130627e+03 9.048324e+03
9.104415e+03 9.169816e+03 9.138746e+03 9.135485e+03
9.190587e+03 9.118204e+03 9.139724e+03 9.169067e+03
9.167583e+03 9.071034e+03 9.135069e+03 9.103548e+03
9.257576e+03 9.033631e+03 9.127756e+03 9.163451e+03
9.144490e+03 9.007074e+03 9.120210e+03 9.031355e+03
8.988244e+03 8.990075e+03 9.113513e+03 8.864806e+03
9.026784e+03 8.980546e+03 9.107505e+03 8.899825e+03
9.010154e+03 8.977863e+03 9.099071e+03 8.888947e+03
9.037948e+03 8.989000e+03 9.085297e+03 8.941651e+03
9.101777e+03 9.021221e+03 9.069735e+03 9.053263e+03
9.023297e+03 9.070731e+03 9.058890e+03 9.035137e+03
9.073705e+03 9.126344e+03 9.055353e+03 9.144696e+03
9.063128e+03 9.177661e+03 9.057495e+03 9.183294e+03
8.808504e+03 9.218969e+03 9.062330e+03 8.965143e+03
8.937011e+03 9.248922e+03 9.067497e+03 9.118436e+03
8.816010e+03 9.268696e+03 9.071769e+03 9.012937e+03
9.195962e+03 9.280368e+03 9.074776e+03 9.401554e+03
8.988687e+03 9.286016e+03 9.076572e+03 9.198130e+03
9.128988e+03 9.287391e+03 9.077345e+03 9.339034e+03
8.951602e+03 9.285890e+03 9.077282e+03 9.160210e+03
9.060438e+03 9.282612e+03 9.076540e+03 9.266509e+03
9.019485e+03 9.278409e+03 9.075254e+03 9.222641e+03
9.259323e+03 9.273923e+03 9.073548e+03 9.459699e+03
9.079830e+03 9.269599e+03 9.071533e+03 9.277896e+03
8.968634e+03 9.265713e+03 9.069310e+03 9.165037e+03
9.107049e+03 9.262399e+03 9.066972e+03 9.302477e+03
9.163995e+03 9.259686e+03 9.067615e+03 9.356066e+03
9.156272e+03 9.257179e+03 9.093405e+03 9.320047e+03
9.297635e+03 9.252622e+03 9.181313e+03 9.368944e+03
9.365238e+03 9.243765e+03 9.327960e+03 9.281043e+03
9.594318e+03 9.231221e+03 9.485417e+03 9.340123e+03
9.613807e+03 9.217538e+03 9.612572e+03 9.218773e+03
9.879691e+03 9.205127e+03 9.695980e+03 9.388838e+03
9.820974e+03 9.195278e+03 9.741229e+03 9.275022e+03
9.686684e+03 9.188234e+03 9.759821e+03 9.115097e+03
9.590169e+03 9.183643e+03 9.761857e+03 9.011955e+03
9.510419e+03 9.180956e+03 9.755632e+03 8.935743e+03
9.350013e+03 9.178602e+03 9.750438e+03 8.778176e+03
