9.142375e+03 8.750135e+03 8.982311e+03 8.910199e+03
8.996387e+03 8.749899e+03 8.983709e+03 8.762577e+03
8.955683e+03 8.749663e+03 8.985072e+03 8.720274e+03
8.970286e+03 8.749434e+03 8.986400e+03 8.733320e+03
8.953752e+03 8.749220e+03 8.987208e+03 8.715763e+03
8.917161e+03 8.749903e+03 8.983310e+03 8.683754e+03
8.884798e+03 8.756913e+03 8.964609e+03 8.677103e+03
8.867106e+03 8.775633e+03 8.927414e+03 8.715325e+03
8.876380e+03 8.804322e+03 8.880663e+03 8.800039e+03
8.873257e+03 8.836447e+03 8.835972e+03 8.873732e+03
8.832572e+03 8.865843e+03 8.800304e+03 8.898111e+03
8.798329e+03 8.889166e+03 8.775397e+03 8.912098e+03
8.798775e+03 8.905715e+03 8.759983e+03 8.944507e+03
8.743873e+03 8.916291e+03 8.751838e+03 8.908325e+03
8.709989e+03 8.922199e+03 8.748866e+03 8.883323e+03
8.711305e+03 8.924707e+03 8.749420e+03 8.886592e+03
8.657064e+03 8.924857e+03 8.752273e+03 8.829647e+03
8.632714e+03 8.923462e+03 8.756503e+03 8.799674e+03
8.699163e+03 8.921154e+03 8.761399e+03 8.858918e+03
8.720121e+03 8.918415e+03 8.766426e+03 8.872110e+03
8.743194e+03 8.915606e+03 8.771204e+03 8.887595e+03
8.769361e+03 8.912975e+03 8.775497e+03 8.906839e+03
8.760531e+03 8.910671e+03 8.779192e+03 8.892010e+03
8.824080e+03 8.908764e+03 8.782274e+03 8.950570e+03
8.791004e+03 8.907256e+03 8.785341e+03 8.912919e+03
8.806752e+03 8.905235e+03 8.792237e+03 8.919750e+03
8.806525e+03 8.897224e+03 8.808100e+03 8.895649e+03
8.846983e+03 8.877785e+03 8.830713e+03 8.894055e+03
8.865203e+03 8.848605e+03 8.851959e+03 8.861850e+03
8.893234e+03 8.816167e+03 8.866452e+03 8.842949e+03
8.928075e+03 8.786591e+03 8.873725e+03 8.840942e+03
8.933868e+03 8.763185e+03 8.875881e+03 8.821172e+03
8.898094e+03 8.746620e+03 8.875263e+03 8.769452e+03
8.872780e+03 8.736077e+03 8.873474e+03 8.735383e+03
8.878132e+03 8.730237e+03 8.870799e+03 8.737571e+03
8.824217e+03 8.728705e+03 8.863824e+03 8.689098e+03
8.862865e+03 8.735862e+03 8.847657e+03 8.751071e+03
8.860779e+03 8.756255e+03 8.824700e+03 8.792334e+03
8.851093e+03 8.787502e+03 8.803188e+03 8.835407e+03
8.898211e+03 8.822586e+03 8.788597e+03 8.932199e+03
8.894117e+03 8.854984e+03 8.781441e+03 8.967660e+03
8.865351e+03 8.881109e+03 8.779622e+03 8.966839e+03
8.904052e+03 8.900117e+03 8.780770e+03 9.023399e+03
8.875690e+03 8.912745e+03 8.783236e+03 9.005198e+03
8.869757e+03 8.920294e+03 8.786133e+03 9.003919e+03
8.819107e+03 8.924067e+03 8.789054e+03 8.954120e+03
8.816096e+03 8.925162e+03 8.791820e+03 8.949438e+03
8.776795e+03 8.924455e+03 8.794329e+03 8.906921e+03
8.734878e+03 8.922634e+03 8.796514e+03 8.860998e+03
8.731061e+03 8.920236e+03 8.798336e+03 8.852961e+03
8.684165e+03 8.917660e+03 8.799793e+03 8.802032e+03
8.675874e+03 8.915188e+03 8.800912e+03 8.790149e+03
8.694298e+03 8.912991e+03 8.801747e+03 8.805543e+03
8.703577e+03 8.911155e+03 8.802361e+03 8.812371e+03
8.741098e+03 8.909692e+03 8.803042e+03 8.847748e+03
8.806387e+03 8.907259e+03 8.805845e+03 8.907801e+03
8.817155e+03 8.895673e+03 8.815774e+03 8.897055e+03
8.867665e+03 8.866818e+03 8.834816e+03 8.899667e+03
8.895586e+03 8.823257e+03 8.858723e+03 8.860120e+03
8.920869e+03 8.774737e+03 8.881781e+03 8.813825e+03
8.916117e+03 8.730458e+03 8.900468e+03 8.746108e+03
8.944864e+03 8.695395e+03 8.913829e+03 8.726429e+03
8.949269e+03 8.670565e+03 8.922433e+03 8.697401e+03
8.955457e+03 8.654746e+03 8.927355e+03 8.682848e+03
8.930482e+03 8.645966e+03 8.929408e+03 8.647039e+03
8.908819e+03 8.643633e+03 8.927419e+03 8.625033e+03
8.880949e+03 8.654308e+03 8.917042e+03 8.618214e+03
8.875483e+03 8.684825e+03 8.896787e+03 8.663521e+03
8.852848e+03 8.731616e+03 8.871280e+03 8.713184e+03
8.882814e+03 8.784157e+03 8.846517e+03 8.820453e+03
8.843870e+03 8.832665e+03 8.826220e+03 8.850315e+03
8.849738e+03 8.871763e+03 8.811466e+03 8.910035e+03
8.853104e+03 8.900184e+03 8.801748e+03 8.951540e+03
8.827267e+03 8.919033e+03 8.796000e+03 8.950300e+03
8.824073e+03 8.930264e+03 8.793160e+03 8.961177e+03
8.822585e+03 8.935828e+03 8.792363e+03 8.966050e+03
8.824034e+03 8.937375e+03 8.792945e+03 8.968465e+03
8.800798e+03 8.936218e+03 8.794392e+03 8.942624e+03
8.833671e+03 8.933389e+03 8.796307e+03 8.970753e+03
8.804185e+03 8.929692e+03 8.798387e+03 8.935491e+03
8.780953e+03 8.925729e+03 8.800413e+03 8.906269e+03
8.754875e+03 8.921919e+03 8.802246e+03 8.874547e+03
8.725796e+03 8.918522e+03 8.803816e+03 8.840502e+03
8.728160e+03 8.915665e+03 8.805102e+03 8.838722e+03
8.760867e+03 8.913371e+03 8.806347e+03 8.867891e+03
8.784405e+03 8.910282e+03 8.809586e+03 8.885101e+03
8.803065e+03 8.898193e+03 8.819827e+03 8.881432e+03
8.848579e+03 8.868958e+03 8.839070e+03 8.878468e+03
8.889768e+03 8.825113e+03 8.863087e+03 8.851794e+03
8.924855e+03 8.776378e+03 8.886183e+03 8.815050e+03
8.933912e+03 8.731936e+03 8.904858e+03 8.760990e+03
8.928412e+03 8.696743e+03 8.918170e+03 8.706985e+03
8.915359e+03 8.671809e+03 8.926701e+03 8.660467e+03
8.924078e+03 8.655899e+03 8.931534e+03 8.648444e+03
8.917806e+03 8.647040e+03 8.933491e+03 8.631356e+03
8.924482e+03 8.644635e+03 8.931400e+03 8.637717e+03
8.945101e+03 8.655241e+03 8.920920e+03 8.679421e+03
8.942265e+03 8.685692e+03 8.900563e+03 8.727395e+03
8.912613e+03 8.732419e+03 8.874954e+03 8.770078e+03
8.863150e+03 8.784898e+03 8.850094e+03 8.797954e+03
8.839332e+03 8.833345e+03 8.829701e+03 8.842977e+03
8.814032e+03 8.872384e+03 8.814853e+03 8.871563e+03
8.792497e+03 8.900746e+03 8.805045e+03 8.888198e+03
8.832042e+03 8.919537e+03 8.799208e+03 8.952371e+03
8.819445e+03 8.930711e+03 8.796283e+03 8.953873e+03
8.814196e+03 8.936220e+03 8.795404e+03 8.955012e+03
8.789250e+03 8.937712e+03 8.795906e+03 8.931057e+03
8.762324e+03 8.936502e+03 8.797276e+03 8.901551e+03
8.758030e+03 8.933621e+03 8.799116e+03 8.892536e+03
8.779438e+03 8.929874e+03 8.801123e+03 8.908189e+03
8.806159e+03 8.925861e+03 8.803078e+03 8.928941e+03
8.848285e+03 8.922003e+03 8.804843e+03 8.965445e+03
8.880758e+03 8.918560e+03 8.806346e+03 8.992971e+03
8.900122e+03 8.915659e+03 8.807569e+03 9.008212e+03
8.871177e+03 8.913323e+03 8.809081e+03 8.975419e+03
8.819591e+03 8.910636e+03 8.814680e+03 8.915547e+03
8.835931e+03 8.902103e+03 8.829453e+03 8.908580e+03
8.818227e+03 8.882261e+03 8.851137e+03 8.849351e+03
8.824101e+03 8.852773e+03 8.871575e+03 8.805300e+03
8.835420e+03 8.820099e+03 8.885351e+03 8.770168e+03
8.881648e+03 8.790338e+03 8.891976e+03 8.780010e+03
8.962165e+03 8.766780e+03 8.893535e+03 8.835410e+03
8.958976e+03 8.750088e+03 8.892359e+03 8.816704e+03
8.984533e+03 8.739431e+03 8.890043e+03 8.833921e+03
8.971067e+03 8.733486e+03 8.886866e+03 8.817687e+03
8.888929e+03 8.731852e+03 8.879420e+03 8.741361e+03
8.835936e+03 8.738900e+03 8.862808e+03 8.712028e+03
8.776421e+03 8.759183e+03 8.839408e+03 8.696196e+03
8.724018e+03 8.790323e+03 8.817467e+03 8.696873e+03
8.728521e+03 8.825300e+03 8.802461e+03 8.751359e+03
8.723530e+03 8.857591e+03 8.794902e+03 8.786219e+03
8.760209e+03 8.883611e+03 8.792691e+03 8.851128e+03
8.811537e+03 8.902514e+03 8.793460e+03 8.920591e+03
8.845676e+03 8.915037e+03 8.795557e+03 8.965156e+03
8.862999e+03 8.922483e+03 8.798095e+03 8.987386e+03
8.822961e+03 8.926154e+03 8.800669e+03 8.948446e+03
8.816338e+03 8.927149e+03 8.803097e+03 8.940390e+03
8.769620e+03 8.926343e+03 8.805278e+03 8.890685e+03
8.760819e+03 8.924426e+03 8.807143e+03 8.878102e+03
8.742328e+03 8.921933e+03 8.808656e+03 8.855606e+03
8.732987e+03 8.919266e+03 8.809811e+03 8.842441e+03
8.740639e+03 8.916704e+03 8.810637e+03 8.846706e+03
8.801439e+03 8.914421e+03 8.811187e+03 8.904673e+03
8.840500e+03 8.912501e+03 8.811524e+03 8.941477e+03
8.839893e+03 8.910958e+03 8.811935e+03 8.938915e+03
8.843036e+03 8.908448e+03 8.814475e+03 8.937008e+03
8.837123e+03 8.896789e+03 8.824149e+03 8.909763e+03
8.831383e+03 8.867864e+03 8.842942e+03 8.856305e+03
8.875458e+03 8.824237e+03 8.866607e+03 8.833089e+03
8.904763e+03 8.775655e+03 8.889428e+03 8.790990e+03
8.930094e+03 8.731320e+03 8.907876e+03 8.753538e+03
8.937381e+03 8.696213e+03 8.920982e+03 8.712612e+03
8.908437e+03 8.671346e+03 8.929340e+03 8.650443e+03
8.915231e+03 8.655494e+03 8.934021e+03 8.636704e+03
8.901364e+03 8.646688e+03 8.935837e+03 8.612215e+03
8.876682e+03 8.644335e+03 8.933613e+03 8.587404e+03
8.881135e+03 8.654995e+03 8.923004e+03 8.613127e+03
8.889665e+03 8.685502e+03 8.902522e+03 8.672645e+03
8.897659e+03 8.732287e+03 8.876798e+03 8.753147e+03
8.862244e+03 8.784821e+03 8.851832e+03 8.795234e+03
8.852703e+03 8.833322e+03 8.831342e+03 8.854683e+03
8.822369e+03 8.872413e+03 8.816408e+03 8.878374e+03
8.779363e+03 8.900826e+03 8.806519e+03 8.873670e+03
8.754646e+03 8.919669e+03 8.800607e+03 8.873708e+03
8.796508e+03 8.930896e+03 8.797610e+03 8.929793e+03
8.803552e+03 8.936460e+03 8.796661e+03 8.943350e+03
8.773465e+03 8.938011e+03 8.797095e+03 8.914381e+03
8.828998e+03 8.936862e+03 8.798397e+03 8.967463e+03
8.860859e+03 8.934047e+03 8.800169e+03 8.994738e+03
8.839762e+03 8.930370e+03 8.802107e+03 8.968026e+03
8.847728e+03 8.926433e+03 8.803993e+03 8.970167e+03
8.801710e+03 8.922655e+03 8.805688e+03 8.918677e+03
8.817492e+03 8.919297e+03 8.807120e+03 8.929669e+03
8.799091e+03 8.916486e+03 8.808271e+03 8.907306e+03
8.818105e+03 8.914246e+03 8.809710e+03 8.922641e+03
8.796904e+03 8.911658e+03 8.815236e+03 8.893326e+03
8.866945e+03 8.903229e+03 8.829932e+03 8.940242e+03
8.911473e+03 8.883499e+03 8.851532e+03 8.943440e+03
8.956307e+03 8.854139e+03 8.871875e+03 8.938571e+03
8.955809e+03 8.821610e+03 8.885544e+03 8.891875e+03
8.942037e+03 8.792017e+03 8.892051e+03 8.842003e+03
8.867095e+03 8.768651e+03 8.893487e+03 8.742259e+03
8.800212e+03 8.752170e+03 8.892183e+03 8.660199e+03
8.769881e+03 8.741742e+03 8.889740e+03 8.621883e+03
8.750876e+03 8.736037e+03 8.886918e+03 8.599996e+03
8.739092e+03 8.733774e+03 8.886532e+03 8.586334e+03
