6.781683e+03 6.497407e+03 6.585702e+03 6.693388e+03
6.619391e+03 6.497420e+03 6.586281e+03 6.530530e+03
6.542813e+03 6.497440e+03 6.586824e+03 6.453429e+03
6.563140e+03 6.497468e+03 6.587347e+03 6.473261e+03
6.518741e+03 6.497504e+03 6.587376e+03 6.428869e+03
6.502168e+03 6.497548e+03 6.583501e+03 6.416215e+03
6.516831e+03 6.497599e+03 6.570170e+03 6.444261e+03
6.493504e+03 6.497660e+03 6.548104e+03 6.443060e+03
6.516059e+03 6.497731e+03 6.524686e+03 6.489104e+03
6.544562e+03 6.497810e+03 6.506068e+03 6.536303e+03
6.513829e+03 6.497898e+03 6.494113e+03 6.517614e+03
6.525943e+03 6.497993e+03 6.487831e+03 6.536105e+03
6.520806e+03 6.498094e+03 6.485411e+03 6.533490e+03
6.463033e+03 6.498202e+03 6.485313e+03 6.475922e+03
6.501840e+03 6.498315e+03 6.486533e+03 6.513622e+03
6.485579e+03 6.498432e+03 6.488476e+03 6.495535e+03
6.445816e+03 6.498553e+03 6.490780e+03 6.453589e+03
6.443733e+03 6.498679e+03 6.493196e+03 6.449215e+03
6.510973e+03 6.498808e+03 6.495536e+03 6.514245e+03
6.481501e+03 6.498940e+03 6.497664e+03 6.482777e+03
6.524272e+03 6.499076e+03 6.499497e+03 6.523851e+03
6.480787e+03 6.499214e+03 6.501005e+03 6.478996e+03
6.478067e+03 6.499354e+03 6.502197e+03 6.475225e+03
6.549160e+03 6.499497e+03 6.503110e+03 6.545547e+03
6.468476e+03 6.499645e+03 6.503645e+03 6.464475e+03
6.472294e+03 6.500429e+03 6.502581e+03 6.470141e+03
6.472370e+03 6.505748e+03 6.496969e+03 6.481149e+03
6.500635e+03 6.519467e+03 6.485826e+03 6.534276e+03
6.479859e+03 6.540330e+03 6.471901e+03 6.548288e+03
6.471980e+03 6.563641e+03 6.458657e+03 6.576964e+03
6.529840e+03 6.584970e+03 6.448119e+03 6.666692e+03
6.466990e+03 6.601918e+03 6.440759e+03 6.628149e+03
6.427042e+03 6.613982e+03 6.436175e+03 6.604849e+03
6.417664e+03 6.621742e+03 6.433703e+03 6.605703e+03
6.422461e+03 6.626135e+03 6.432875e+03 6.615722e+03
6.401374e+03 6.627442e+03 6.434484e+03 6.594332e+03
6.465108e+03 6.622501e+03 6.441179e+03 6.646429e+03
6.445466e+03 6.608050e+03 6.453703e+03 6.599812e+03
6.479706e+03 6.585798e+03 6.469132e+03 6.596372e+03
6.517297e+03 6.560788e+03 6.483869e+03 6.594216e+03
6.529414e+03 6.537710e+03 6.495793e+03 6.571330e+03
6.487361e+03 6.519140e+03 6.504378e+03 6.502123e+03
6.497016e+03 6.505685e+03 6.509998e+03 6.492703e+03
6.503431e+03 6.496814e+03 6.513319e+03 6.486927e+03
6.513862e+03 6.491593e+03 6.514974e+03 6.490481e+03
6.451624e+03 6.489083e+03 6.515467e+03 6.425240e+03
6.480548e+03 6.488496e+03 6.515182e+03 6.453862e+03
6.477309e+03 6.489202e+03 6.514412e+03 6.452098e+03
6.474108e+03 6.490705e+03 6.513385e+03 6.451428e+03
6.474486e+03 6.492621e+03 6.512274e+03 6.454832e+03
6.461208e+03 6.494660e+03 6.511203e+03 6.444666e+03
6.451584e+03 6.496622e+03 6.510249e+03 6.437958e+03
6.463968e+03 6.498382e+03 6.509450e+03 6.452900e+03
6.493390e+03 6.499879e+03 6.508818e+03 6.484451e+03
6.499721e+03 6.501099e+03 6.508360e+03 6.492460e+03
6.545038e+03 6.501927e+03 6.508494e+03 6.538471e+03
6.520205e+03 6.501578e+03 6.511274e+03 6.510509e+03
6.502265e+03 6.499278e+03 6.518490e+03 6.483053e+03
6.506848e+03 6.495334e+03 6.529224e+03 6.472958e+03
6.558518e+03 6.490769e+03 6.540973e+03 6.508315e+03
6.550274e+03 6.486547e+03 6.551536e+03 6.485284e+03
6.573731e+03 6.483193e+03 6.559801e+03 6.497123e+03
6.578779e+03 6.480830e+03 6.565595e+03 6.494014e+03
6.570175e+03 6.479348e+03 6.569251e+03 6.480271e+03
6.574590e+03 6.478555e+03 6.571236e+03 6.481909e+03
6.568426e+03 6.478400e+03 6.571568e+03 6.475258e+03
6.529228e+03 6.479547e+03 6.568537e+03 6.440238e+03
6.577687e+03 6.482690e+03 6.560620e+03 6.499757e+03
6.539936e+03 6.487470e+03 6.548935e+03 6.478471e+03
6.578328e+03 6.492824e+03 6.536138e+03 6.535015e+03
6.535135e+03 6.497767e+03 6.524544e+03 6.508358e+03
6.524705e+03 6.501755e+03 6.515341e+03 6.511119e+03
6.562645e+03 6.504661e+03 6.508748e+03 6.558559e+03
6.554568e+03 6.506598e+03 6.504446e+03 6.556719e+03
6.527179e+03 6.507761e+03 6.501949e+03 6.532991e+03
6.531917e+03 6.508348e+03 6.500784e+03 6.539481e+03
6.532046e+03 6.508526e+03 6.500557e+03 6.540015e+03
6.496626e+03 6.508427e+03 6.500958e+03 6.504095e+03
6.538454e+03 6.508155e+03 6.501741e+03 6.544868e+03
6.510051e+03 6.507792e+03 6.502717e+03 6.515126e+03
6.520089e+03 6.507398e+03 6.503745e+03 6.523743e+03
6.538151e+03 6.507016e+03 6.504726e+03 6.540440e+03
6.502403e+03 6.506671e+03 6.505602e+03 6.503472e+03
6.513857e+03 6.506377e+03 6.506345e+03 6.513889e+03
6.555336e+03 6.506136e+03 6.506971e+03 6.554501e+03
6.558010e+03 6.505811e+03 6.507929e+03 6.555892e+03
6.552379e+03 6.504574e+03 6.511319e+03 6.545634e+03
6.542823e+03 6.501602e+03 6.518975e+03 6.525450e+03
6.551785e+03 6.497151e+03 6.530022e+03 6.518914e+03
6.594571e+03 6.492204e+03 6.541993e+03 6.544782e+03
6.585373e+03 6.487685e+03 6.552715e+03 6.520344e+03
6.588803e+03 6.484097e+03 6.561096e+03 6.511804e+03
6.576010e+03 6.481541e+03 6.566978e+03 6.490574e+03
6.565471e+03 6.479893e+03 6.570705e+03 6.474659e+03
6.602087e+03 6.478952e+03 6.572749e+03 6.508289e+03
6.556458e+03 6.478659e+03 6.573135e+03 6.461982e+03
6.544467e+03 6.479677e+03 6.570155e+03 6.453988e+03
6.551627e+03 6.482694e+03 6.562288e+03 6.472034e+03
6.529821e+03 6.487351e+03 6.550651e+03 6.466521e+03
6.544368e+03 6.492585e+03 6.537903e+03 6.499050e+03
6.554115e+03 6.497409e+03 6.526357e+03 6.525167e+03
6.514503e+03 6.501280e+03 6.517204e+03 6.498579e+03
6.543619e+03 6.504070e+03 6.510661e+03 6.537028e+03
6.544578e+03 6.505890e+03 6.506410e+03 6.544058e+03
6.541823e+03 6.506938e+03 6.503964e+03 6.544797e+03
6.531443e+03 6.507412e+03 6.502850e+03 6.536004e+03
6.496741e+03 6.507476e+03 6.502676e+03 6.501542e+03
6.488395e+03 6.507265e+03 6.503129e+03 6.492531e+03
6.493505e+03 6.506882e+03 6.503964e+03 6.496423e+03
6.519425e+03 6.506409e+03 6.504993e+03 6.520840e+03
6.521129e+03 6.505905e+03 6.506073e+03 6.520961e+03
6.524222e+03 6.505415e+03 6.507108e+03 6.522529e+03
6.540410e+03 6.504963e+03 6.508037e+03 6.537337e+03
6.552557e+03 6.504563e+03 6.508832e+03 6.548288e+03
6.505705e+03 6.504221e+03 6.509341e+03 6.500585e+03
6.479917e+03 6.504563e+03 6.508301e+03 6.476179e+03
6.490016e+03 6.509481e+03 6.502735e+03 6.496762e+03
6.461993e+03 6.522830e+03 6.491645e+03 6.493178e+03
6.435689e+03 6.543345e+03 6.477772e+03 6.501261e+03
6.408472e+03 6.566322e+03 6.464576e+03 6.510218e+03
6.447995e+03 6.587326e+03 6.454081e+03 6.581240e+03
6.464540e+03 6.603954e+03 6.446761e+03 6.621733e+03
6.436656e+03 6.615702e+03 6.442215e+03 6.610143e+03
6.477783e+03 6.623149e+03 6.439782e+03 6.661149e+03
6.474369e+03 6.627230e+03 6.438995e+03 6.662605e+03
6.416033e+03 6.628225e+03 6.440648e+03 6.603610e+03
6.456095e+03 6.622987e+03 6.447383e+03 6.631699e+03
6.440209e+03 6.608237e+03 6.459953e+03 6.588493e+03
6.458772e+03 6.585685e+03 6.475434e+03 6.569023e+03
6.466796e+03 6.560374e+03 6.490229e+03 6.536941e+03
6.441467e+03 6.536993e+03 6.502218e+03 6.476242e+03
6.493884e+03 6.518119e+03 6.510872e+03 6.501131e+03
6.521304e+03 6.504358e+03 6.516567e+03 6.509095e+03
6.468815e+03 6.495181e+03 6.519969e+03 6.444028e+03
6.528102e+03 6.489652e+03 6.521709e+03 6.496045e+03
6.492037e+03 6.486834e+03 6.522294e+03 6.456578e+03
6.483137e+03 6.485938e+03 6.522105e+03 6.446970e+03
6.490689e+03 6.486334e+03 6.521435e+03 6.455588e+03
6.481856e+03 6.487526e+03 6.520513e+03 6.448870e+03
6.509408e+03 6.489131e+03 6.519511e+03 6.479027e+03
6.510575e+03 6.490858e+03 6.518553e+03 6.482880e+03
6.486807e+03 6.492508e+03 6.517717e+03 6.461599e+03
6.549801e+03 6.493955e+03 6.517040e+03 6.526716e+03
6.536006e+03 6.495138e+03 6.516532e+03 6.514611e+03
6.514670e+03 6.496044e+03 6.516204e+03 6.494511e+03
6.542535e+03 6.496558e+03 6.516470e+03 6.522622e+03
6.546050e+03 6.495893e+03 6.519387e+03 6.522556e+03
6.540177e+03 6.493278e+03 6.526742e+03 6.506713e+03
6.546159e+03 6.489017e+03 6.537619e+03 6.497556e+03
6.545703e+03 6.484135e+03 6.549514e+03 6.480323e+03
6.584117e+03 6.479594e+03 6.560218e+03 6.503493e+03
6.582382e+03 6.475920e+03 6.568618e+03 6.489685e+03
6.539055e+03 6.473236e+03 6.574558e+03 6.437734e+03
6.560985e+03 6.471431e+03 6.578363e+03 6.454053e+03
6.560675e+03 6.470314e+03 6.580499e+03 6.450491e+03
6.565982e+03 6.469833e+03 6.580984e+03 6.454831e+03
6.576240e+03 6.470653e+03 6.578111e+03 6.468783e+03
6.565242e+03 6.473467e+03 6.570357e+03 6.468352e+03
6.612425e+03 6.477915e+03 6.558842e+03 6.531499e+03
6.539563e+03 6.482936e+03 6.546223e+03 6.476276e+03
6.512801e+03 6.487543e+03 6.534815e+03 6.465529e+03
6.544083e+03 6.491192e+03 6.525806e+03 6.509469e+03
6.543801e+03 6.493757e+03 6.519411e+03 6.518147e+03
6.531316e+03 6.495349e+03 6.515315e+03 6.511350e+03
6.562260e+03 6.496164e+03 6.513027e+03 6.545396e+03
6.539361e+03 6.496399e+03 6.512076e+03 6.523683e+03
6.495534e+03 6.496221e+03 6.512069e+03 6.479687e+03
6.508399e+03 6.495762e+03 6.512693e+03 6.491468e+03
6.524903e+03 6.495126e+03 6.513705e+03 6.506324e+03
6.490107e+03 6.494393e+03 6.514914e+03 6.469585e+03
6.504075e+03 6.493624e+03 6.516180e+03 6.481519e+03
6.496418e+03 6.492861e+03 6.517405e+03 6.471874e+03
6.502143e+03 6.492130e+03 6.518529e+03 6.475744e+03
6.474418e+03 6.491444e+03 6.519527e+03 6.446335e+03
6.537986e+03 6.490807e+03 6.520243e+03 6.508549e+03
6.492700e+03 6.490847e+03 6.519418e+03 6.464129e+03
6.525129e+03 6.495454e+03 6.514074e+03 6.506509e+03
6.512352e+03 6.508481e+03 6.503216e+03 6.517617e+03
6.483247e+03 6.528657e+03 6.489589e+03 6.522315e+03
6.472667e+03 6.551275e+03 6.476653e+03 6.547289e+03
6.474245e+03 6.571897e+03 6.466436e+03 6.579706e+03
6.412075e+03 6.588119e+03 6.459409e+03 6.540785e+03
6.413216e+03 6.599439e+03 6.455172e+03 6.557483e+03
6.425540e+03 6.606436e+03 6.453062e+03 6.578914e+03
6.459161e+03 6.610048e+03 6.453086e+03 6.616123e+03
6.454959e+03 6.610556e+03 6.454613e+03 6.610902e+03
