3.127810e+03 3.175365e+03 3.045477e+03 3.257697e+03
3.021199e+03 3.174440e+03 3.043725e+03 3.151914e+03
3.051315e+03 3.173531e+03 3.042010e+03 3.182837e+03
2.993801e+03 3.172631e+03 3.040327e+03 3.126105e+03
3.037259e+03 3.171736e+03 3.039141e+03 3.169853e+03
3.002426e+03 3.170843e+03 3.042452e+03 3.130817e+03
3.014493e+03 3.169946e+03 3.059759e+03 3.124680e+03
3.164106e+03 3.169036e+03 3.094388e+03 3.238754e+03
3.101743e+03 3.168108e+03 3.137793e+03 3.132057e+03
3.145930e+03 3.167161e+03 3.179054e+03 3.134037e+03
3.255976e+03 3.166200e+03 3.211723e+03 3.210452e+03
3.253042e+03 3.165229e+03 3.234270e+03 3.184001e+03
3.196670e+03 3.164255e+03 3.247949e+03 3.112977e+03
3.279489e+03 3.163283e+03 3.254873e+03 3.187900e+03
3.327887e+03 3.162316e+03 3.257010e+03 3.233193e+03
3.199235e+03 3.161355e+03 3.255894e+03 3.104696e+03
3.252992e+03 3.160404e+03 3.252663e+03 3.160732e+03
3.274883e+03 3.159462e+03 3.248175e+03 3.186169e+03
3.240406e+03 3.158531e+03 3.243087e+03 3.155850e+03
3.281660e+03 3.157611e+03 3.237894e+03 3.201377e+03
3.259899e+03 3.156702e+03 3.232949e+03 3.183652e+03
3.243453e+03 3.155804e+03 3.228467e+03 3.170790e+03
3.252754e+03 3.154918e+03 3.224552e+03 3.183120e+03
3.258363e+03 3.154043e+03 3.221215e+03 3.191190e+03
3.127125e+03 3.153179e+03 3.217715e+03 3.062589e+03
3.088369e+03 3.152326e+03 3.209108e+03 3.031587e+03
3.131773e+03 3.151485e+03 3.188185e+03 3.095073e+03
3.166226e+03 3.150656e+03 3.157002e+03 3.159880e+03
3.054013e+03 3.149838e+03 3.126060e+03 3.077791e+03
3.126813e+03 3.149032e+03 3.103091e+03 3.172754e+03
3.175642e+03 3.148238e+03 3.089574e+03 3.234306e+03
3.122361e+03 3.147456e+03 3.083344e+03 3.186473e+03
3.059734e+03 3.146687e+03 3.081557e+03 3.124864e+03
3.065098e+03 3.145930e+03 3.082085e+03 3.128943e+03
3.151574e+03 3.145185e+03 3.084388e+03 3.212372e+03
3.061314e+03 3.144454e+03 3.092717e+03 3.113050e+03
3.135411e+03 3.143746e+03 3.113862e+03 3.165295e+03
3.132717e+03 3.143049e+03 3.145435e+03 3.130331e+03
3.129688e+03 3.142365e+03 3.176727e+03 3.095326e+03
3.241079e+03 3.141692e+03 3.199845e+03 3.182926e+03
3.096069e+03 3.141032e+03 3.213218e+03 3.023883e+03
3.114262e+03 3.140384e+03 3.218979e+03 3.035667e+03
3.135235e+03 3.139748e+03 3.219995e+03 3.054988e+03
3.300207e+03 3.139125e+03 3.218448e+03 3.220883e+03
3.180514e+03 3.138514e+03 3.215643e+03 3.103385e+03
3.126736e+03 3.137916e+03 3.212273e+03 3.052379e+03
3.315616e+03 3.137330e+03 3.208724e+03 3.244223e+03
3.238502e+03 3.136757e+03 3.205246e+03 3.170014e+03
3.179162e+03 3.136197e+03 3.202022e+03 3.113338e+03
3.179807e+03 3.135650e+03 3.199176e+03 3.116281e+03
3.218118e+03 3.135116e+03 3.196771e+03 3.156463e+03
3.286763e+03 3.134594e+03 3.194809e+03 3.226548e+03
3.309797e+03 3.134085e+03 3.193249e+03 3.250634e+03
3.291613e+03 3.133590e+03 3.192025e+03 3.233178e+03
3.110499e+03 3.133111e+03 3.191100e+03 3.052510e+03
3.282166e+03 3.133863e+03 3.190703e+03 3.225326e+03
3.043982e+03 3.143321e+03 3.191306e+03 2.995997e+03
3.150387e+03 3.168894e+03 3.192866e+03 3.126416e+03
3.220570e+03 3.208174e+03 3.194711e+03 3.234034e+03
3.173927e+03 3.252154e+03 3.196225e+03 3.229857e+03
3.191504e+03 3.292339e+03 3.197168e+03 3.286675e+03
3.195930e+03 3.324128e+03 3.197579e+03 3.322479e+03
3.297175e+03 3.346564e+03 3.197598e+03 3.446141e+03
3.152009e+03 3.360756e+03 3.197362e+03 3.315402e+03
3.120140e+03 3.368506e+03 3.196932e+03 3.291714e+03
3.133205e+03 3.370351e+03 3.196074e+03 3.307482e+03
3.170828e+03 3.360256e+03 3.194300e+03 3.336784e+03
3.148539e+03 3.331935e+03 3.191640e+03 3.288834e+03
3.147446e+03 3.288666e+03 3.188759e+03 3.247352e+03
3.219957e+03 3.240123e+03 3.186269e+03 3.273810e+03
3.125633e+03 3.195298e+03 3.184410e+03 3.136522e+03
3.145740e+03 3.159135e+03 3.183140e+03 3.121734e+03
3.149358e+03 3.132797e+03 3.182318e+03 3.099837e+03
3.142502e+03 3.115267e+03 3.181801e+03 3.075969e+03
3.164484e+03 3.104751e+03 3.181485e+03 3.087751e+03
3.191925e+03 3.099453e+03 3.181300e+03 3.110078e+03
3.196314e+03 3.097858e+03 3.181200e+03 3.112972e+03
3.041029e+03 3.098758e+03 3.181149e+03 2.958638e+03
3.152224e+03 3.101203e+03 3.181120e+03 3.072307e+03
3.347236e+03 3.104456e+03 3.181095e+03 3.270597e+03
3.145777e+03 3.107963e+03 3.181060e+03 3.072680e+03
3.190373e+03 3.111336e+03 3.181008e+03 3.120702e+03
3.178900e+03 3.114339e+03 3.180937e+03 3.112301e+03
3.211577e+03 3.116853e+03 3.180850e+03 3.147581e+03
3.231390e+03 3.118859e+03 3.180789e+03 3.169460e+03
3.323339e+03 3.121603e+03 3.181057e+03 3.263885e+03
3.011739e+03 3.132628e+03 3.182188e+03 2.962178e+03
3.159250e+03 3.159424e+03 3.184188e+03 3.134485e+03
3.139094e+03 3.199659e+03 3.186418e+03 3.152335e+03
3.262127e+03 3.244396e+03 3.188285e+03 3.318238e+03
3.238809e+03 3.285195e+03 3.189563e+03 3.334441e+03
3.264620e+03 3.317498e+03 3.190296e+03 3.391822e+03
3.165965e+03 3.340378e+03 3.190631e+03 3.315712e+03
3.138345e+03 3.354968e+03 3.190705e+03 3.302608e+03
3.219491e+03 3.363084e+03 3.190580e+03 3.391995e+03
3.154444e+03 3.365273e+03 3.190022e+03 3.329695e+03
3.148575e+03 3.355508e+03 3.188545e+03 3.315539e+03
3.181171e+03 3.327507e+03 3.186176e+03 3.322502e+03
3.187918e+03 3.284549e+03 3.183581e+03 3.288886e+03
3.190171e+03 3.236310e+03 3.181371e+03 3.245110e+03
3.207511e+03 3.191783e+03 3.179786e+03 3.219508e+03
3.176783e+03 3.155912e+03 3.178787e+03 3.153908e+03
3.199125e+03 3.129862e+03 3.178230e+03 3.150758e+03
3.255782e+03 3.112617e+03 3.177973e+03 3.190426e+03
3.130870e+03 3.102379e+03 3.177912e+03 3.055338e+03
3.123935e+03 3.097356e+03 3.177977e+03 3.043314e+03
3.236197e+03 3.096030e+03 3.178121e+03 3.154105e+03
3.065797e+03 3.097194e+03 3.178310e+03 2.984682e+03
3.196091e+03 3.099900e+03 3.178516e+03 3.117475e+03
3.306384e+03 3.103407e+03 3.178721e+03 3.231071e+03
3.195264e+03 3.107164e+03 3.178910e+03 3.123517e+03
3.108251e+03 3.110783e+03 3.179079e+03 3.039955e+03
3.188452e+03 3.114026e+03 3.179224e+03 3.123254e+03
3.210768e+03 3.116776e+03 3.179345e+03 3.148198e+03
3.146300e+03 3.119008e+03 3.178748e+03 3.086560e+03
3.181397e+03 3.120756e+03 3.172569e+03 3.129584e+03
3.171477e+03 3.122087e+03 3.153693e+03 3.139872e+03
3.147278e+03 3.123082e+03 3.124263e+03 3.146097e+03
3.172021e+03 3.123817e+03 3.094854e+03 3.200983e+03
3.201501e+03 3.124361e+03 3.073257e+03 3.252605e+03
3.018002e+03 3.124772e+03 3.060995e+03 3.081778e+03
2.921272e+03 3.125089e+03 3.055935e+03 2.990427e+03
3.037061e+03 3.125346e+03 3.055256e+03 3.107151e+03
2.963609e+03 3.125563e+03 3.056846e+03 3.032326e+03
3.048349e+03 3.125757e+03 3.060175e+03 3.113932e+03
2.985984e+03 3.125938e+03 3.069485e+03 3.042438e+03
3.163773e+03 3.126112e+03 3.091570e+03 3.198315e+03
3.219756e+03 3.126283e+03 3.124082e+03 3.221957e+03
3.202316e+03 3.126454e+03 3.156296e+03 3.172474e+03
3.247461e+03 3.126627e+03 3.180319e+03 3.193769e+03
3.298042e+03 3.126800e+03 3.194580e+03 3.230262e+03
3.156304e+03 3.126977e+03 3.201215e+03 3.082066e+03
3.246354e+03 3.127156e+03 3.203090e+03 3.170421e+03
3.158106e+03 3.127340e+03 3.202389e+03 3.083057e+03
3.256254e+03 3.127526e+03 3.200414e+03 3.183365e+03
3.167950e+03 3.127715e+03 3.197862e+03 3.097804e+03
3.096457e+03 3.127908e+03 3.195116e+03 3.029249e+03
3.121258e+03 3.128104e+03 3.192428e+03 3.056934e+03
3.185485e+03 3.128303e+03 3.189981e+03 3.123807e+03
3.170735e+03 3.128505e+03 3.187900e+03 3.111340e+03
3.302757e+03 3.128710e+03 3.186246e+03 3.245221e+03
3.075245e+03 3.128919e+03 3.185024e+03 3.019140e+03
3.301089e+03 3.129130e+03 3.184192e+03 3.246027e+03
3.153242e+03 3.129345e+03 3.183683e+03 3.098903e+03
3.215539e+03 3.129567e+03 3.183463e+03 3.161643e+03
3.261253e+03 3.131010e+03 3.183759e+03 3.208504e+03
3.182082e+03 3.141149e+03 3.185044e+03 3.138187e+03
3.237859e+03 3.167394e+03 3.187276e+03 3.217977e+03
3.150076e+03 3.207336e+03 3.189783e+03 3.167629e+03
3.125429e+03 3.251969e+03 3.191949e+03 3.185449e+03
3.189385e+03 3.292797e+03 3.193545e+03 3.288638e+03
3.218866e+03 3.325228e+03 3.194623e+03 3.349471e+03
3.176344e+03 3.348297e+03 3.195294e+03 3.329346e+03
3.330060e+03 3.363114e+03 3.195705e+03 3.497469e+03
3.146189e+03 3.371481e+03 3.195914e+03 3.321757e+03
3.337010e+03 3.373936e+03 3.195691e+03 3.515256e+03
3.169139e+03 3.364443e+03 3.194546e+03 3.339036e+03
3.139254e+03 3.336716e+03 3.192506e+03 3.283464e+03
3.265587e+03 3.294034e+03 3.190234e+03 3.369387e+03
3.241394e+03 3.246071e+03 3.188339e+03 3.299126e+03
3.164665e+03 3.201820e+03 3.187061e+03 3.179425e+03
3.243170e+03 3.166224e+03 3.186361e+03 3.223033e+03
3.168637e+03 3.140448e+03 3.186097e+03 3.122988e+03
3.281393e+03 3.123474e+03 3.186130e+03 3.218737e+03
3.190644e+03 3.113509e+03 3.186358e+03 3.117795e+03
3.267803e+03 3.108756e+03 3.186712e+03 3.189848e+03
3.096270e+03 3.107702e+03 3.187146e+03 3.016827e+03
3.172325e+03 3.109139e+03 3.187626e+03 3.093837e+03
3.215860e+03 3.112117e+03 3.188127e+03 3.139849e+03
3.169443e+03 3.115899e+03 3.188630e+03 3.096712e+03
3.064658e+03 3.119931e+03 3.189123e+03 2.995466e+03
3.067711e+03 3.123829e+03 3.189599e+03 3.001940e+03
3.127357e+03 3.127353e+03 3.190058e+03 3.064652e+03
3.196435e+03 3.130387e+03 3.190497e+03 3.136325e+03
3.186216e+03 3.132906e+03 3.190224e+03 3.128899e+03
3.234906e+03 3.134946e+03 3.184376e+03 3.185476e+03
3.106354e+03 3.136574e+03 3.165839e+03 3.077089e+03
3.233952e+03 3.137870e+03 3.136765e+03 3.235058e+03
3.110386e+03 3.138913e+03 3.107735e+03 3.141565e+03
3.132651e+03 3.139771e+03 3.086540e+03 3.185882e+03
3.009775e+03 3.140501e+03 3.074703e+03 3.075573e+03
3.024717e+03 3.141146e+03 3.070086e+03 3.095777e+03
2.981051e+03 3.141738e+03 3.069866e+03 3.052923e+03
3.034491e+03 3.142298e+03 3.071926e+03 3.104864e+03
3.146818e+03 3.142844e+03 3.075270e+03 3.214392e+03
3.187310e+03 3.143386e+03 3.076563e+03 3.254132e+03
