9.458956e+03 9.187085e+03 9.369417e+03 9.276624e+03
9.490116e+03 9.185903e+03 9.371831e+03 9.304189e+03
9.487401e+03 9.184754e+03 9.374124e+03 9.298031e+03
9.444412e+03 9.183629e+03 9.376381e+03 9.251660e+03
9.295254e+03 9.182524e+03 9.374061e+03 9.103717e+03
9.271799e+03 9.181434e+03 9.337269e+03 9.115964e+03
9.210505e+03 9.180353e+03 9.230780e+03 9.160078e+03
8.896788e+03 9.179270e+03 9.079611e+03 8.996447e+03
8.945243e+03 9.178178e+03 8.949037e+03 9.174384e+03
8.885741e+03 9.177077e+03 8.876341e+03 9.186478e+03
8.978683e+03 9.175972e+03 8.858741e+03 9.295913e+03
8.946916e+03 9.174866e+03 8.875464e+03 9.246319e+03
8.951295e+03 9.173768e+03 8.906698e+03 9.218364e+03
8.851010e+03 9.172681e+03 8.940319e+03 9.083371e+03
9.031525e+03 9.171608e+03 8.971024e+03 9.232110e+03
8.922440e+03 9.170553e+03 8.997353e+03 9.095641e+03
8.863934e+03 9.169517e+03 9.019326e+03 9.014124e+03
8.944084e+03 9.168499e+03 9.037269e+03 9.075314e+03
8.983851e+03 9.167502e+03 9.051485e+03 9.099867e+03
8.885588e+03 9.166524e+03 9.062289e+03 8.989822e+03
9.206514e+03 9.165565e+03 9.070095e+03 9.301983e+03
9.034945e+03 9.164626e+03 9.075437e+03 9.124134e+03
8.986339e+03 9.163705e+03 9.078910e+03 9.071135e+03
9.203379e+03 9.162804e+03 9.081110e+03 9.285073e+03
9.282095e+03 9.161924e+03 9.085580e+03 9.358439e+03
9.300606e+03 9.162115e+03 9.114841e+03 9.347880e+03
9.325290e+03 9.169842e+03 9.206134e+03 9.288998e+03
9.497842e+03 9.191513e+03 9.356271e+03 9.333083e+03
9.563422e+03 9.225047e+03 9.517438e+03 9.271030e+03
9.582198e+03 9.262656e+03 9.648559e+03 9.196295e+03
9.767682e+03 9.296994e+03 9.736175e+03 9.328500e+03
9.745336e+03 9.324081e+03 9.785837e+03 9.283580e+03
9.951781e+03 9.343087e+03 9.809006e+03 9.485862e+03
9.934525e+03 9.354970e+03 9.815733e+03 9.473763e+03
9.920841e+03 9.361287e+03 9.809744e+03 9.472384e+03
9.800283e+03 9.362501e+03 9.772937e+03 9.389847e+03
9.724863e+03 9.353386e+03 9.670926e+03 9.407323e+03
9.606648e+03 9.328515e+03 9.509028e+03 9.426135e+03
9.368559e+03 9.290722e+03 9.336404e+03 9.322877e+03
9.420219e+03 9.248373e+03 9.195128e+03 9.473464e+03
9.393176e+03 9.209242e+03 9.099257e+03 9.503161e+03
9.131515e+03 9.177602e+03 9.043478e+03 9.265639e+03
9.230395e+03 9.154462e+03 9.016267e+03 9.368589e+03
9.035688e+03 9.138941e+03 9.007311e+03 9.167317e+03
9.143359e+03 9.129486e+03 9.009503e+03 9.263343e+03
9.079507e+03 9.124546e+03 9.018378e+03 9.185675e+03
8.859837e+03 9.122811e+03 9.031048e+03 8.951600e+03
9.029549e+03 9.123236e+03 9.045449e+03 9.107336e+03
8.766414e+03 9.125000e+03 9.060020e+03 8.831393e+03
9.037171e+03 9.127464e+03 9.073630e+03 9.091005e+03
8.821418e+03 9.130151e+03 9.085563e+03 8.866007e+03
8.954423e+03 9.132726e+03 9.095493e+03 8.991656e+03
8.874202e+03 9.134982e+03 9.103409e+03 8.905776e+03
8.951104e+03 9.136819e+03 9.109508e+03 8.978415e+03
9.064598e+03 9.138220e+03 9.114581e+03 9.088237e+03
9.101236e+03 9.140572e+03 9.121991e+03 9.119818e+03
9.198532e+03 9.152301e+03 9.134759e+03 9.216074e+03
9.091572e+03 9.181768e+03 9.149411e+03 9.123930e+03
8.993459e+03 9.226346e+03 9.159489e+03 9.060316e+03
9.064068e+03 9.276011e+03 9.162420e+03 9.177660e+03
9.026089e+03 9.321305e+03 9.159801e+03 9.187592e+03
9.147403e+03 9.357113e+03 9.154569e+03 9.349948e+03
9.128893e+03 9.382392e+03 9.149021e+03 9.362263e+03
9.231503e+03 9.398403e+03 9.144324e+03 9.485581e+03
9.169278e+03 9.407175e+03 9.140318e+03 9.436135e+03
9.158713e+03 9.409318e+03 9.133888e+03 9.434143e+03
9.059476e+03 9.398083e+03 9.122116e+03 9.335443e+03
9.148938e+03 9.366439e+03 9.108541e+03 9.406835e+03
9.054908e+03 9.318055e+03 9.099660e+03 9.273303e+03
9.119013e+03 9.263761e+03 9.098063e+03 9.284711e+03
9.107550e+03 9.213623e+03 9.102132e+03 9.219041e+03
9.016621e+03 9.173174e+03 9.108891e+03 9.080905e+03
9.088514e+03 9.143718e+03 9.115987e+03 9.116244e+03
9.109210e+03 9.124117e+03 9.122202e+03 9.111125e+03
9.109163e+03 9.112360e+03 9.127168e+03 9.094356e+03
9.143663e+03 9.106440e+03 9.130941e+03 9.119162e+03
9.123064e+03 9.104659e+03 9.133710e+03 9.094013e+03
9.320986e+03 9.105666e+03 9.135665e+03 9.290986e+03
9.162338e+03 9.108397e+03 9.136965e+03 9.133771e+03
9.154461e+03 9.112028e+03 9.137745e+03 9.128744e+03
9.213727e+03 9.115938e+03 9.138129e+03 9.191535e+03
9.027222e+03 9.119694e+03 9.138232e+03 9.008684e+03
9.173401e+03 9.123030e+03 9.138155e+03 9.158276e+03
9.228430e+03 9.125815e+03 9.137982e+03 9.216262e+03
9.267888e+03 9.128025e+03 9.138259e+03 9.257654e+03
9.241422e+03 9.131057e+03 9.142055e+03 9.230424e+03
9.301783e+03 9.143353e+03 9.152107e+03 9.293030e+03
9.072725e+03 9.173297e+03 9.164691e+03 9.081331e+03
9.219554e+03 9.218278e+03 9.173153e+03 9.264679e+03
9.232356e+03 9.268293e+03 9.174769e+03 9.325881e+03
9.250183e+03 9.313895e+03 9.171031e+03 9.393047e+03
9.239657e+03 9.349984e+03 9.164808e+03 9.424833e+03
9.124957e+03 9.375520e+03 9.158352e+03 9.342125e+03
9.250675e+03 9.391774e+03 9.152797e+03 9.489651e+03
9.075041e+03 9.400776e+03 9.147966e+03 9.327851e+03
9.132891e+03 9.403140e+03 9.140733e+03 9.395298e+03
9.340017e+03 9.392120e+03 9.128174e+03 9.603962e+03
9.070967e+03 9.360682e+03 9.113824e+03 9.317825e+03
9.198254e+03 9.312500e+03 9.104179e+03 9.406574e+03
9.128681e+03 9.258403e+03 9.101830e+03 9.285254e+03
9.047688e+03 9.208456e+03 9.105159e+03 9.150986e+03
9.169117e+03 9.168193e+03 9.111184e+03 9.226126e+03
9.254709e+03 9.138918e+03 9.117555e+03 9.276072e+03
8.997026e+03 9.119494e+03 9.123053e+03 8.993468e+03
9.218527e+03 9.107910e+03 9.127310e+03 9.199127e+03
9.209867e+03 9.102157e+03 9.130385e+03 9.181639e+03
9.228280e+03 9.100538e+03 9.132465e+03 9.196354e+03
9.193566e+03 9.101704e+03 9.133739e+03 9.161531e+03
9.166377e+03 9.104589e+03 9.134368e+03 9.136599e+03
9.064207e+03 9.108369e+03 9.134485e+03 9.038091e+03
9.088190e+03 9.112423e+03 9.134216e+03 9.066397e+03
9.209518e+03 9.116320e+03 9.133675e+03 9.192162e+03
9.059723e+03 9.119791e+03 9.132963e+03 9.046550e+03
9.371349e+03 9.122707e+03 9.132173e+03 9.361882e+03
9.436338e+03 9.125042e+03 9.134405e+03 9.426975e+03
9.429076e+03 9.127885e+03 9.161827e+03 9.395134e+03
9.336466e+03 9.137774e+03 9.251422e+03 9.222818e+03
9.442775e+03 9.161205e+03 9.399846e+03 9.204135e+03
9.634202e+03 9.196182e+03 9.559204e+03 9.271181e+03
9.645676e+03 9.234995e+03 9.688400e+03 9.192271e+03
9.720042e+03 9.270361e+03 9.773985e+03 9.216418e+03
9.532858e+03 9.298349e+03 9.821529e+03 9.009679e+03
9.753433e+03 9.318166e+03 9.842518e+03 9.229081e+03
1.006472e+04 9.330798e+03 9.847027e+03 9.548492e+03
1.002060e+04 9.337819e+03 9.838798e+03 9.519625e+03
9.763349e+03 9.339704e+03 9.799824e+03 9.303228e+03
9.665437e+03 9.331243e+03 9.695718e+03 9.300961e+03
9.423134e+03 9.307006e+03 9.531638e+03 9.198502e+03
9.205994e+03 9.269829e+03 9.356835e+03 9.118989e+03
9.252245e+03 9.228079e+03 9.213391e+03 9.266933e+03
8.926658e+03 9.189532e+03 9.115364e+03 9.000826e+03
8.956239e+03 9.158461e+03 9.057437e+03 9.057263e+03
9.094979e+03 9.135875e+03 9.028088e+03 9.202766e+03
8.818385e+03 9.120895e+03 9.017007e+03 8.922273e+03
8.886336e+03 9.111968e+03 9.017086e+03 8.981218e+03
8.990479e+03 9.107542e+03 9.023864e+03 9.074157e+03
9.125601e+03 9.106307e+03 9.034447e+03 9.197460e+03
9.074329e+03 9.107218e+03 9.046774e+03 9.134773e+03
8.841587e+03 9.109455e+03 9.059285e+03 8.891756e+03
8.990702e+03 9.112378e+03 9.070846e+03 9.032234e+03
8.985768e+03 9.115510e+03 9.080742e+03 9.020536e+03
9.044045e+03 9.118517e+03 9.088647e+03 9.073915e+03
9.066060e+03 9.121191e+03 9.094549e+03 9.092702e+03
9.054909e+03 9.123433e+03 9.098644e+03 9.079698e+03
9.021857e+03 9.125225e+03 9.101724e+03 9.045359e+03
9.072552e+03 9.127954e+03 9.107149e+03 9.093357e+03
9.071632e+03 9.140046e+03 9.117942e+03 9.093736e+03
8.962885e+03 9.169864e+03 9.130627e+03 9.002122e+03
9.104415e+03 9.214778e+03 9.138746e+03 9.180448e+03
9.190587e+03 9.264767e+03 9.139724e+03 9.315630e+03
9.167583e+03 9.310371e+03 9.135069e+03 9.342885e+03
9.257576e+03 9.346483e+03 9.127756e+03 9.476303e+03
9.144490e+03 9.372053e+03 9.120210e+03 9.396334e+03
8.988244e+03 9.388343e+03 9.113513e+03 9.263074e+03
9.026784e+03 9.397380e+03 9.107505e+03 9.316660e+03
9.010154e+03 9.399777e+03 9.099071e+03 9.310860e+03
9.037948e+03 9.388783e+03 9.085297e+03 9.341434e+03
9.101777e+03 9.357365e+03 9.069735e+03 9.389408e+03
9.023297e+03 9.309196e+03 9.058890e+03 9.273603e+03
9.073705e+03 9.255105e+03 9.055353e+03 9.273457e+03
9.063128e+03 9.205157e+03 9.057495e+03 9.210789e+03
8.808504e+03 9.164884e+03 9.062330e+03 8.911058e+03
8.937011e+03 9.135592e+03 9.067497e+03 9.005106e+03
8.816010e+03 9.116143e+03 9.071769e+03 8.860384e+03
9.195962e+03 9.104525e+03 9.074776e+03 9.225711e+03
8.988687e+03 9.098731e+03 9.076572e+03 9.010845e+03
9.128988e+03 9.097064e+03 9.077345e+03 9.148707e+03
8.951602e+03 9.098172e+03 9.077282e+03 8.972491e+03
9.060438e+03 9.100992e+03 9.076540e+03 9.084889e+03
9.019485e+03 9.104698e+03 9.075254e+03 9.048929e+03
9.259323e+03 9.108671e+03 9.073548e+03 9.294447e+03
9.079830e+03 9.112478e+03 9.071533e+03 9.120776e+03
8.968634e+03 9.115853e+03 9.069310e+03 9.015176e+03
9.107049e+03 9.118663e+03 9.066972e+03 9.158740e+03
9.163995e+03 9.120885e+03 9.067615e+03 9.217265e+03
9.156272e+03 9.123607e+03 9.093405e+03 9.186474e+03
9.297635e+03 9.133366e+03 9.181313e+03 9.249687e+03
9.365238e+03 9.156655e+03 9.327960e+03 9.193933e+03
9.594318e+03 9.191471e+03 9.485417e+03 9.300372e+03
9.613807e+03 9.230096e+03 9.612572e+03 9.231331e+03
9.879691e+03 9.265244e+03 9.695980e+03 9.448955e+03
9.820974e+03 9.292985e+03 9.741229e+03 9.372730e+03
9.686684e+03 9.312528e+03 9.759821e+03 9.239391e+03
9.590169e+03 9.324860e+03 9.761857e+03 9.153172e+03
9.510419e+03 9.331561e+03 9.755632e+03 9.086348e+03
9.350013e+03 9.333108e+03 9.750438e+03 8.932682e+03
