9.386862e+03 9.074337e+03 9.255323e+03 9.205876e+03
9.291083e+03 9.073886e+03 9.256765e+03 9.108203e+03
9.239373e+03 9.073436e+03 9.258165e+03 9.054644e+03
9.238066e+03 9.072991e+03 9.259535e+03 9.051523e+03
9.241327e+03 9.072557e+03 9.259987e+03 9.053898e+03
9.203440e+03 9.072887e+03 9.253010e+03 9.023318e+03
9.179397e+03 9.078616e+03 9.227561e+03 9.030452e+03
9.148670e+03 9.094339e+03 9.184399e+03 9.058609e+03
9.124981e+03 9.118567e+03 9.137610e+03 9.105939e+03
9.133841e+03 9.145722e+03 9.099487e+03 9.180077e+03
9.120169e+03 9.170539e+03 9.074221e+03 9.216486e+03
9.056346e+03 9.190163e+03 9.060319e+03 9.186189e+03
9.068270e+03 9.203998e+03 9.054448e+03 9.217820e+03
9.055410e+03 9.212729e+03 9.053622e+03 9.214517e+03
9.023399e+03 9.217473e+03 9.055802e+03 9.185071e+03
9.035987e+03 9.219312e+03 9.059727e+03 9.195572e+03
9.015229e+03 9.219139e+03 9.064601e+03 9.169766e+03
8.991323e+03 9.217647e+03 9.069861e+03 9.139109e+03
9.023447e+03 9.215376e+03 9.075082e+03 9.163740e+03
9.055323e+03 9.212739e+03 9.079955e+03 9.188107e+03
9.062371e+03 9.210043e+03 9.084284e+03 9.188130e+03
9.099088e+03 9.207502e+03 9.087981e+03 9.218608e+03
9.086529e+03 9.205242e+03 9.091050e+03 9.200721e+03
9.132162e+03 9.203322e+03 9.093555e+03 9.241929e+03
9.170788e+03 9.201745e+03 9.096295e+03 9.276238e+03
9.140518e+03 9.199467e+03 9.104399e+03 9.235586e+03
9.155169e+03 9.190186e+03 9.125815e+03 9.219540e+03
9.158487e+03 9.167647e+03 9.159104e+03 9.167030e+03
9.191297e+03 9.133813e+03 9.193426e+03 9.131685e+03
9.224812e+03 9.096179e+03 9.220161e+03 9.100831e+03
9.220846e+03 9.061820e+03 9.237060e+03 9.045606e+03
9.271793e+03 9.034559e+03 9.245898e+03 9.060454e+03
9.254691e+03 9.015180e+03 9.249457e+03 9.020413e+03
9.261534e+03 9.002740e+03 9.249977e+03 9.014297e+03
9.246520e+03 8.995725e+03 9.248156e+03 8.994089e+03
9.223801e+03 8.993679e+03 9.239738e+03 8.977743e+03
9.216174e+03 9.001665e+03 9.217327e+03 9.000511e+03
9.215606e+03 9.024921e+03 9.182791e+03 9.057736e+03
9.175623e+03 9.060703e+03 9.147240e+03 9.089085e+03
9.187480e+03 9.100914e+03 9.119500e+03 9.168894e+03
9.153401e+03 9.138030e+03 9.101942e+03 9.189489e+03
9.168422e+03 9.167913e+03 9.092837e+03 9.243497e+03
9.190131e+03 9.189588e+03 9.089391e+03 9.290328e+03
9.146259e+03 9.203905e+03 9.089305e+03 9.260859e+03
9.173005e+03 9.212368e+03 9.091106e+03 9.294267e+03
9.164823e+03 9.216479e+03 9.093935e+03 9.287366e+03
9.116250e+03 9.217504e+03 9.097270e+03 9.236484e+03
9.098470e+03 9.216455e+03 9.100754e+03 9.214171e+03
9.063640e+03 9.214126e+03 9.104117e+03 9.173650e+03
9.095543e+03 9.211135e+03 9.107170e+03 9.199508e+03
9.040320e+03 9.207944e+03 9.109802e+03 9.138461e+03
9.048432e+03 9.204877e+03 9.111977e+03 9.141331e+03
9.033199e+03 9.202133e+03 9.113715e+03 9.121617e+03
9.022822e+03 9.199810e+03 9.115074e+03 9.107557e+03
9.090171e+03 9.197926e+03 9.116313e+03 9.171784e+03
9.084203e+03 9.195701e+03 9.118747e+03 9.161157e+03
9.134769e+03 9.188447e+03 9.124061e+03 9.199155e+03
9.161075e+03 9.171507e+03 9.131484e+03 9.201098e+03
9.148955e+03 9.146308e+03 9.138350e+03 9.156914e+03
9.161552e+03 9.118373e+03 9.142941e+03 9.136985e+03
9.164409e+03 9.092917e+03 9.145168e+03 9.112158e+03
9.155682e+03 9.072754e+03 9.145762e+03 9.082674e+03
9.153431e+03 9.058451e+03 9.145509e+03 9.066374e+03
9.177294e+03 9.049302e+03 9.144929e+03 9.081666e+03
9.169105e+03 9.044178e+03 9.144104e+03 9.069179e+03
9.162798e+03 9.042737e+03 9.141895e+03 9.063640e+03
9.125920e+03 9.048713e+03 9.136721e+03 9.037913e+03
9.121578e+03 9.065996e+03 9.129417e+03 9.058156e+03
9.126458e+03 9.092552e+03 9.122702e+03 9.096308e+03
9.106357e+03 9.122388e+03 9.118321e+03 9.110424e+03
9.140738e+03 9.149933e+03 9.116378e+03 9.174292e+03
9.133200e+03 9.172123e+03 9.116140e+03 9.189184e+03
9.110575e+03 9.188237e+03 9.116809e+03 9.182004e+03
9.107221e+03 9.198905e+03 9.117844e+03 9.188281e+03
9.133273e+03 9.205237e+03 9.118965e+03 9.219546e+03
9.121826e+03 9.208348e+03 9.120049e+03 9.210124e+03
9.113527e+03 9.209174e+03 9.121049e+03 9.201652e+03
9.132735e+03 9.208464e+03 9.121939e+03 9.219260e+03
9.143338e+03 9.206806e+03 9.122705e+03 9.227440e+03
9.124237e+03 9.204658e+03 9.123339e+03 9.205556e+03
9.105624e+03 9.202362e+03 9.123844e+03 9.184141e+03
9.095547e+03 9.200158e+03 9.124234e+03 9.171471e+03
9.099465e+03 9.198192e+03 9.124526e+03 9.173131e+03
9.089186e+03 9.196538e+03 9.124745e+03 9.160980e+03
9.079905e+03 9.195208e+03 9.125094e+03 9.150019e+03
9.068888e+03 9.193429e+03 9.126833e+03 9.135484e+03
9.119354e+03 9.186529e+03 9.131595e+03 9.174289e+03
9.138366e+03 9.169868e+03 9.138567e+03 9.169667e+03
9.146747e+03 9.144889e+03 9.145050e+03 9.146586e+03
9.159158e+03 9.117131e+03 9.149304e+03 9.126985e+03
9.155105e+03 9.091820e+03 9.151222e+03 9.095703e+03
9.126469e+03 9.071780e+03 9.151527e+03 9.046722e+03
9.154953e+03 9.057585e+03 9.150997e+03 9.061541e+03
9.145826e+03 9.048533e+03 9.150150e+03 9.044210e+03
9.096222e+03 9.043500e+03 9.149064e+03 8.990658e+03
9.168127e+03 9.042145e+03 9.146600e+03 9.063672e+03
9.186068e+03 9.048204e+03 9.141176e+03 9.093096e+03
9.163565e+03 9.065566e+03 9.133627e+03 9.095505e+03
9.158905e+03 9.092202e+03 9.126670e+03 9.124436e+03
9.103197e+03 9.122115e+03 9.122053e+03 9.103259e+03
9.111877e+03 9.149736e+03 9.119879e+03 9.141734e+03
9.113780e+03 9.172001e+03 9.119413e+03 9.166368e+03
9.067578e+03 9.188190e+03 9.119858e+03 9.135910e+03
9.114529e+03 9.198931e+03 9.120674e+03 9.192785e+03
9.101226e+03 9.205336e+03 9.121579e+03 9.184983e+03
9.123496e+03 9.208519e+03 9.122453e+03 9.209563e+03
9.100811e+03 9.209417e+03 9.123245e+03 9.186983e+03
9.088727e+03 9.208778e+03 9.123932e+03 9.173573e+03
9.098696e+03 9.207191e+03 9.124498e+03 9.181390e+03
9.092197e+03 9.205113e+03 9.124936e+03 9.172374e+03
9.134271e+03 9.202887e+03 9.125250e+03 9.211907e+03
9.156157e+03 9.200751e+03 9.125451e+03 9.231457e+03
9.159590e+03 9.198854e+03 9.125559e+03 9.232885e+03
9.198670e+03 9.197269e+03 9.125598e+03 9.270341e+03
9.192282e+03 9.196005e+03 9.126296e+03 9.261992e+03
9.171261e+03 9.194029e+03 9.132696e+03 9.232594e+03
9.180594e+03 9.185042e+03 9.152665e+03 9.212971e+03
9.173410e+03 9.162793e+03 9.184691e+03 9.151513e+03
9.217099e+03 9.129252e+03 9.217880e+03 9.128471e+03
9.249112e+03 9.091912e+03 9.243576e+03 9.097448e+03
9.258165e+03 9.057847e+03 9.259500e+03 9.056511e+03
9.344042e+03 9.030880e+03 9.267410e+03 9.107512e+03
9.316433e+03 9.011794e+03 9.270075e+03 9.058151e+03
9.324701e+03 8.999646e+03 9.269729e+03 9.054618e+03
9.337921e+03 8.992918e+03 9.267062e+03 9.063777e+03
9.284745e+03 8.991156e+03 9.257834e+03 9.018067e+03
9.221339e+03 8.999404e+03 9.234647e+03 8.986096e+03
9.149949e+03 9.022921e+03 9.199328e+03 8.973542e+03
9.107125e+03 9.058962e+03 9.163008e+03 9.003080e+03
9.098524e+03 9.099430e+03 9.134510e+03 9.063445e+03
9.076785e+03 9.136801e+03 9.116206e+03 9.097380e+03
9.104023e+03 9.166938e+03 9.106368e+03 9.164593e+03
9.127634e+03 9.188866e+03 9.102199e+03 9.214301e+03
9.146963e+03 9.203435e+03 9.101401e+03 9.248997e+03
9.165310e+03 9.212148e+03 9.102500e+03 9.274958e+03
9.137896e+03 9.216508e+03 9.104638e+03 9.249766e+03
9.141573e+03 9.217782e+03 9.107293e+03 9.252062e+03
9.115283e+03 9.216980e+03 9.110107e+03 9.222156e+03
9.108690e+03 9.214899e+03 9.112810e+03 9.210779e+03
9.085341e+03 9.212154e+03 9.115212e+03 9.182282e+03
9.077940e+03 9.209210e+03 9.117204e+03 9.169946e+03
9.093047e+03 9.206389e+03 9.118747e+03 9.180690e+03
9.066596e+03 9.203892e+03 9.119862e+03 9.150626e+03
9.142779e+03 9.201816e+03 9.120608e+03 9.223987e+03
9.122422e+03 9.200179e+03 9.121241e+03 9.201360e+03
9.113068e+03 9.198201e+03 9.123078e+03 9.188192e+03
9.101974e+03 9.191196e+03 9.127802e+03 9.165368e+03
9.085156e+03 9.174506e+03 9.134644e+03 9.125018e+03
9.137111e+03 9.149558e+03 9.140936e+03 9.145733e+03
9.130803e+03 9.121874e+03 9.144960e+03 9.107717e+03
9.119159e+03 9.096672e+03 9.146610e+03 9.069220e+03
9.141716e+03 9.076774e+03 9.146612e+03 9.071879e+03
9.153617e+03 9.062741e+03 9.145784e+03 9.070574e+03
9.131556e+03 9.053864e+03 9.144636e+03 9.040784e+03
9.136698e+03 9.049015e+03 9.143245e+03 9.042468e+03
9.095504e+03 9.047853e+03 9.140474e+03 9.002884e+03
9.135550e+03 9.054112e+03 9.134741e+03 9.054920e+03
9.121872e+03 9.071680e+03 9.126888e+03 9.066664e+03
9.080658e+03 9.098524e+03 9.119633e+03 9.059549e+03
9.129531e+03 9.128646e+03 9.114725e+03 9.143452e+03
9.127320e+03 9.156477e+03 9.112266e+03 9.171530e+03
9.079432e+03 9.178951e+03 9.111521e+03 9.146863e+03
9.073292e+03 9.195349e+03 9.111690e+03 9.156951e+03
9.048883e+03 9.206302e+03 9.112231e+03 9.142954e+03
9.102495e+03 9.212921e+03 9.112860e+03 9.202556e+03
9.100836e+03 9.216322e+03 9.113456e+03 9.203702e+03
9.088249e+03 9.217442e+03 9.113967e+03 9.191725e+03
9.112631e+03 9.217031e+03 9.114369e+03 9.215293e+03
9.140861e+03 9.215678e+03 9.114646e+03 9.241893e+03
9.159561e+03 9.213841e+03 9.114790e+03 9.258612e+03
9.157033e+03 9.211862e+03 9.114804e+03 9.254092e+03
9.134196e+03 9.209982e+03 9.114699e+03 9.229479e+03
9.138166e+03 9.208349e+03 9.114496e+03 9.232019e+03
9.125483e+03 9.207034e+03 9.114217e+03 9.218300e+03
9.138452e+03 9.206051e+03 9.114591e+03 9.229912e+03
9.118544e+03 9.204362e+03 9.120660e+03 9.202246e+03
9.146644e+03 9.195672e+03 9.140287e+03 9.202030e+03
9.210922e+03 9.173734e+03 9.171954e+03 9.212702e+03
9.262254e+03 9.140523e+03 9.204760e+03 9.198016e+03
9.259767e+03 9.103539e+03 9.230045e+03 9.133261e+03
9.297687e+03 9.069862e+03 9.245534e+03 9.122015e+03
9.267462e+03 9.043314e+03 9.252986e+03 9.057790e+03
9.195940e+03 9.024675e+03 9.255176e+03 8.965439e+03
9.175161e+03 9.013001e+03 9.254342e+03 8.933820e+03
9.118700e+03 9.006767e+03 9.252066e+03 8.873401e+03
9.126060e+03 9.004765e+03 9.251231e+03 8.879593e+03
