5.547919e+03 5.606333e+03 5.588220e+03 5.566032e+03
5.585643e+03 5.606194e+03 5.587845e+03 5.603992e+03
5.598400e+03 5.606069e+03 5.587497e+03 5.616972e+03
5.587297e+03 5.605959e+03 5.587163e+03 5.606093e+03
5.596209e+03 5.605861e+03 5.586800e+03 5.615270e+03
5.599536e+03 5.605776e+03 5.586308e+03 5.619004e+03
5.610523e+03 5.605703e+03 5.586558e+03 5.629668e+03
5.580883e+03 5.605642e+03 5.589003e+03 5.597521e+03
5.594505e+03 5.605592e+03 5.593898e+03 5.606199e+03
5.651389e+03 5.605553e+03 5.600144e+03 5.656798e+03
5.594109e+03 5.605525e+03 5.606328e+03 5.593307e+03
5.577927e+03 5.605507e+03 5.611495e+03 5.571939e+03
5.591752e+03 5.605499e+03 5.615293e+03 5.581958e+03
5.612314e+03 5.605500e+03 5.617781e+03 5.600033e+03
5.573727e+03 5.605510e+03 5.619201e+03 5.560036e+03
5.595042e+03 5.605529e+03 5.619823e+03 5.580747e+03
5.637640e+03 5.605556e+03 5.619883e+03 5.623313e+03
5.573593e+03 5.605590e+03 5.619565e+03 5.559619e+03
5.604442e+03 5.605632e+03 5.619013e+03 5.591061e+03
5.656706e+03 5.605681e+03 5.618341e+03 5.644047e+03
5.614067e+03 5.605737e+03 5.617631e+03 5.602173e+03
5.621487e+03 5.605799e+03 5.616945e+03 5.610340e+03
5.685317e+03 5.605867e+03 5.616323e+03 5.674860e+03
5.638957e+03 5.605940e+03 5.615787e+03 5.629110e+03
5.669740e+03 5.606022e+03 5.616083e+03 5.659679e+03
5.642244e+03 5.607104e+03 5.622530e+03 5.626819e+03
5.715034e+03 5.615291e+03 5.643742e+03 5.686583e+03
5.703983e+03 5.636635e+03 5.678534e+03 5.662085e+03
5.674887e+03 5.669172e+03 5.715365e+03 5.628693e+03
5.776609e+03 5.705545e+03 5.744672e+03 5.737483e+03
5.726035e+03 5.738815e+03 5.763587e+03 5.701263e+03
5.761757e+03 5.765224e+03 5.773683e+03 5.753298e+03
5.797716e+03 5.783988e+03 5.777793e+03 5.803911e+03
5.760120e+03 5.796012e+03 5.778310e+03 5.777822e+03
5.774887e+03 5.802765e+03 5.776053e+03 5.801599e+03
5.738979e+03 5.804685e+03 5.766603e+03 5.777061e+03
5.785830e+03 5.796825e+03 5.741894e+03 5.840761e+03
5.728676e+03 5.774071e+03 5.703514e+03 5.799233e+03
5.643425e+03 5.739101e+03 5.663263e+03 5.719262e+03
5.693850e+03 5.699814e+03 5.630900e+03 5.762764e+03
5.581708e+03 5.663553e+03 5.609405e+03 5.635856e+03
5.571387e+03 5.634356e+03 5.597245e+03 5.608498e+03
5.629309e+03 5.613173e+03 5.591560e+03 5.650921e+03
5.654350e+03 5.599172e+03 5.589895e+03 5.663627e+03
5.587695e+03 5.590888e+03 5.590607e+03 5.587976e+03
5.606485e+03 5.586855e+03 5.592700e+03 5.600640e+03
5.558361e+03 5.585835e+03 5.595544e+03 5.548652e+03
5.610716e+03 5.586842e+03 5.598695e+03 5.598863e+03
5.594274e+03 5.589100e+03 5.601822e+03 5.581552e+03
5.589906e+03 5.592006e+03 5.604684e+03 5.577228e+03
5.560166e+03 5.595109e+03 5.607135e+03 5.548140e+03
5.552408e+03 5.598092e+03 5.609113e+03 5.541387e+03
5.561080e+03 5.600761e+03 5.610628e+03 5.551214e+03
5.586912e+03 5.603020e+03 5.611732e+03 5.578201e+03
5.567985e+03 5.604849e+03 5.612674e+03 5.560160e+03
5.575125e+03 5.606276e+03 5.614589e+03 5.566812e+03
5.588585e+03 5.607355e+03 5.618418e+03 5.577521e+03
5.606760e+03 5.608151e+03 5.622812e+03 5.592099e+03
5.590658e+03 5.608729e+03 5.625491e+03 5.573897e+03
5.637900e+03 5.609144e+03 5.625633e+03 5.621412e+03
5.603147e+03 5.609442e+03 5.623891e+03 5.588698e+03
5.571689e+03 5.609657e+03 5.621351e+03 5.559995e+03
5.631614e+03 5.609814e+03 5.618830e+03 5.622598e+03
5.633509e+03 5.609933e+03 5.616724e+03 5.626717e+03
5.592007e+03 5.610025e+03 5.614952e+03 5.587080e+03
5.626045e+03 5.610099e+03 5.612404e+03 5.623740e+03
5.608954e+03 5.610160e+03 5.608120e+03 5.610994e+03
5.628859e+03 5.610211e+03 5.603426e+03 5.635644e+03
5.601729e+03 5.610255e+03 5.600581e+03 5.611403e+03
5.565851e+03 5.610293e+03 5.600384e+03 5.575760e+03
5.588895e+03 5.610325e+03 5.602155e+03 5.597065e+03
5.602869e+03 5.610352e+03 5.604780e+03 5.608440e+03
5.593404e+03 5.610374e+03 5.607415e+03 5.596363e+03
5.619714e+03 5.610392e+03 5.609641e+03 5.620465e+03
5.631279e+03 5.610405e+03 5.611348e+03 5.630336e+03
5.552885e+03 5.610414e+03 5.612578e+03 5.550721e+03
5.594521e+03 5.610418e+03 5.613416e+03 5.591523e+03
5.615558e+03 5.610418e+03 5.613944e+03 5.612032e+03
5.625203e+03 5.610413e+03 5.614228e+03 5.621387e+03
5.647681e+03 5.610403e+03 5.614327e+03 5.643758e+03
5.631871e+03 5.610389e+03 5.614289e+03 5.627971e+03
5.689713e+03 5.610371e+03 5.614160e+03 5.685923e+03
5.614368e+03 5.610347e+03 5.613978e+03 5.610737e+03
5.596564e+03 5.610319e+03 5.613775e+03 5.593108e+03
5.593235e+03 5.610287e+03 5.613744e+03 5.589778e+03
5.612141e+03 5.610250e+03 5.614954e+03 5.607437e+03
5.618660e+03 5.610208e+03 5.618284e+03 5.610584e+03
5.620175e+03 5.610162e+03 5.622325e+03 5.608012e+03
5.620145e+03 5.610111e+03 5.624754e+03 5.605502e+03
5.676944e+03 5.610056e+03 5.624713e+03 5.662287e+03
5.693952e+03 5.609996e+03 5.622832e+03 5.681116e+03
5.669981e+03 5.609932e+03 5.620180e+03 5.659733e+03
5.622008e+03 5.609864e+03 5.617564e+03 5.614308e+03
5.591208e+03 5.609791e+03 5.615371e+03 5.585627e+03
5.575611e+03 5.609713e+03 5.613517e+03 5.571807e+03
5.606951e+03 5.609632e+03 5.610890e+03 5.605692e+03
5.624016e+03 5.609546e+03 5.606529e+03 5.627033e+03
5.606365e+03 5.609456e+03 5.601758e+03 5.614063e+03
5.641254e+03 5.609362e+03 5.598835e+03 5.651780e+03
5.626550e+03 5.609263e+03 5.598560e+03 5.637253e+03
5.608200e+03 5.609160e+03 5.600253e+03 5.617107e+03
5.602410e+03 5.609054e+03 5.602801e+03 5.608663e+03
5.572523e+03 5.608943e+03 5.605357e+03 5.576109e+03
5.594141e+03 5.608828e+03 5.607503e+03 5.595466e+03
5.619632e+03 5.608709e+03 5.609130e+03 5.619210e+03
5.617789e+03 5.608586e+03 5.610281e+03 5.616094e+03
5.616104e+03 5.608460e+03 5.611039e+03 5.613525e+03
5.586557e+03 5.608329e+03 5.611487e+03 5.583399e+03
5.590488e+03 5.608195e+03 5.611692e+03 5.586991e+03
5.607532e+03 5.608056e+03 5.611710e+03 5.603878e+03
5.603545e+03 5.607914e+03 5.611592e+03 5.599867e+03
5.646793e+03 5.607768e+03 5.611383e+03 5.643178e+03
5.639628e+03 5.607619e+03 5.611122e+03 5.636125e+03
5.632180e+03 5.607465e+03 5.610842e+03 5.628803e+03
5.673870e+03 5.607312e+03 5.611302e+03 5.669880e+03
5.639325e+03 5.608149e+03 5.617838e+03 5.629637e+03
5.670158e+03 5.616082e+03 5.639077e+03 5.647162e+03
5.730498e+03 5.637160e+03 5.673847e+03 5.693812e+03
5.724788e+03 5.669418e+03 5.710617e+03 5.683588e+03
5.787760e+03 5.705500e+03 5.739835e+03 5.753424e+03
5.725479e+03 5.738468e+03 5.758643e+03 5.705304e+03
5.788355e+03 5.764566e+03 5.768616e+03 5.784305e+03
5.746538e+03 5.783012e+03 5.772594e+03 5.756956e+03
5.764023e+03 5.794713e+03 5.772971e+03 5.785765e+03
5.800513e+03 5.801138e+03 5.770567e+03 5.831085e+03
5.796226e+03 5.802728e+03 5.760979e+03 5.837975e+03
5.764276e+03 5.794553e+03 5.736139e+03 5.822690e+03
5.774242e+03 5.771480e+03 5.697608e+03 5.848115e+03
5.662276e+03 5.736187e+03 5.657200e+03 5.741264e+03
5.651254e+03 5.696573e+03 5.624674e+03 5.723154e+03
5.576330e+03 5.659983e+03 5.603011e+03 5.633302e+03
5.560632e+03 5.630451e+03 5.590677e+03 5.600406e+03
5.581576e+03 5.608929e+03 5.584813e+03 5.605692e+03
5.571398e+03 5.594587e+03 5.582964e+03 5.583022e+03
5.611168e+03 5.585959e+03 5.583488e+03 5.613640e+03
5.588106e+03 5.581578e+03 5.585388e+03 5.584297e+03
5.562277e+03 5.580208e+03 5.588034e+03 5.554452e+03
5.580713e+03 5.580861e+03 5.590983e+03 5.570591e+03
5.586084e+03 5.582763e+03 5.593904e+03 5.574943e+03
5.571262e+03 5.585311e+03 5.596556e+03 5.560017e+03
5.654728e+03 5.588052e+03 5.598791e+03 5.643989e+03
5.554668e+03 5.590672e+03 5.600551e+03 5.544789e+03
5.568329e+03 5.592974e+03 5.601842e+03 5.559461e+03
5.588957e+03 5.594865e+03 5.602720e+03 5.581101e+03
5.576077e+03 5.596322e+03 5.603431e+03 5.568968e+03
5.592312e+03 5.597374e+03 5.605111e+03 5.584575e+03
5.615891e+03 5.598077e+03 5.608702e+03 5.605266e+03
5.618953e+03 5.598494e+03 5.612853e+03 5.604594e+03
5.574593e+03 5.598690e+03 5.615285e+03 5.557999e+03
5.594914e+03 5.598720e+03 5.615176e+03 5.578459e+03
5.583945e+03 5.598631e+03 5.613179e+03 5.569396e+03
5.621289e+03 5.598454e+03 5.610383e+03 5.609361e+03
5.600831e+03 5.598218e+03 5.607602e+03 5.591447e+03
5.594396e+03 5.597938e+03 5.605231e+03 5.587103e+03
5.627953e+03 5.597629e+03 5.603189e+03 5.622393e+03
5.635806e+03 5.597298e+03 5.600368e+03 5.632736e+03
5.579243e+03 5.596950e+03 5.595806e+03 5.580386e+03
5.583871e+03 5.596588e+03 5.590830e+03 5.589629e+03
5.555551e+03 5.596214e+03 5.587696e+03 5.564069e+03
5.569023e+03 5.595829e+03 5.587205e+03 5.577648e+03
5.596315e+03 5.595434e+03 5.588674e+03 5.603075e+03
5.551814e+03 5.595027e+03 5.590991e+03 5.555850e+03
5.604821e+03 5.594611e+03 5.593310e+03 5.606122e+03
5.581243e+03 5.594185e+03 5.595213e+03 5.580215e+03
5.570605e+03 5.593747e+03 5.596589e+03 5.567763e+03
5.605278e+03 5.593299e+03 5.597482e+03 5.601095e+03
5.549014e+03 5.592839e+03 5.597975e+03 5.543878e+03
5.582708e+03 5.592366e+03 5.598149e+03 5.576925e+03
5.659320e+03 5.591882e+03 5.598073e+03 5.653129e+03
5.657272e+03 5.591384e+03 5.597802e+03 5.650855e+03
5.600923e+03 5.590874e+03 5.597386e+03 5.594411e+03
5.566292e+03 5.590349e+03 5.596871e+03 5.559770e+03
5.574130e+03 5.589811e+03 5.596294e+03 5.567647e+03
5.602024e+03 5.589258e+03 5.595688e+03 5.595594e+03
5.643320e+03 5.588693e+03 5.595813e+03 5.636200e+03
5.583458e+03 5.589107e+03 5.602002e+03 5.570563e+03
5.619330e+03 5.596603e+03 5.622881e+03 5.593051e+03
5.666937e+03 5.617229e+03 5.657268e+03 5.626897e+03
5.740226e+03 5.649009e+03 5.693627e+03 5.695608e+03
5.775431e+03 5.684583e+03 5.722399e+03 5.737614e+03
5.734192e+03 5.717007e+03 5.740729e+03 5.710470e+03
5.769482e+03 5.742526e+03 5.750198e+03 5.761810e+03
5.701164e+03 5.760358e+03 5.753646e+03 5.707876e+03
5.692378e+03 5.771413e+03 5.753472e+03 5.710319e+03
5.697257e+03 5.777165e+03 5.750543e+03 5.723879e+03
5.649343e+03 5.778054e+03 5.747503e+03 5.679893e+03
