2.925694e+03 3.585096e+03 3.465419e+03 3.045371e+03
3.374936e+03 3.583212e+03 3.462169e+03 3.495978e+03
3.489271e+03 3.581356e+03 3.459096e+03 3.611531e+03
3.672468e+03 3.579516e+03 3.456072e+03 3.795912e+03
3.439879e+03 3.577684e+03 3.457445e+03 3.560119e+03
3.551085e+03 3.575853e+03 3.490985e+03 3.635953e+03
4.012254e+03 3.574010e+03 3.584945e+03 4.001320e+03
3.567785e+03 3.572139e+03 3.709831e+03 3.430092e+03
3.848396e+03 3.570226e+03 3.804802e+03 3.613821e+03
3.779271e+03 3.568273e+03 3.840755e+03 3.506789e+03
3.800837e+03 3.566287e+03 3.826646e+03 3.540477e+03
3.806015e+03 3.564280e+03 3.785815e+03 3.584480e+03
3.734301e+03 3.562264e+03 3.737984e+03 3.558581e+03
3.584601e+03 3.560249e+03 3.693972e+03 3.450878e+03
3.720579e+03 3.558242e+03 3.657537e+03 3.621284e+03
3.532013e+03 3.556247e+03 3.628788e+03 3.459473e+03
3.619995e+03 3.554269e+03 3.606644e+03 3.567620e+03
3.441573e+03 3.552310e+03 3.589962e+03 3.403921e+03
3.584934e+03 3.550371e+03 3.577812e+03 3.557492e+03
3.654909e+03 3.548453e+03 3.569397e+03 3.633965e+03
3.714082e+03 3.546557e+03 3.563952e+03 3.696687e+03
3.411670e+03 3.544682e+03 3.560712e+03 3.395641e+03
3.520453e+03 3.542830e+03 3.558951e+03 3.504331e+03
3.543954e+03 3.541000e+03 3.558033e+03 3.526920e+03
3.378911e+03 3.539191e+03 3.555475e+03 3.362626e+03
3.488877e+03 3.537178e+03 3.537943e+03 3.488112e+03
3.259190e+03 3.533571e+03 3.490512e+03 3.302250e+03
3.421273e+03 3.526992e+03 3.424786e+03 3.523480e+03
3.455605e+03 3.517889e+03 3.369148e+03 3.604347e+03
3.360394e+03 3.507937e+03 3.339103e+03 3.529228e+03
3.311943e+03 3.498716e+03 3.332657e+03 3.478003e+03
3.091957e+03 3.491083e+03 3.340306e+03 3.242734e+03
3.371913e+03 3.485216e+03 3.353316e+03 3.503813e+03
3.502128e+03 3.480909e+03 3.366527e+03 3.616511e+03
3.168232e+03 3.477829e+03 3.379812e+03 3.266250e+03
3.289934e+03 3.475876e+03 3.405787e+03 3.360023e+03
3.454470e+03 3.476198e+03 3.459303e+03 3.471365e+03
3.608863e+03 3.479936e+03 3.528813e+03 3.559986e+03
3.513212e+03 3.486480e+03 3.586223e+03 3.413470e+03
3.727582e+03 3.494032e+03 3.616273e+03 3.605340e+03
3.660589e+03 3.500920e+03 3.621245e+03 3.540264e+03
3.542812e+03 3.506225e+03 3.610961e+03 3.438075e+03
3.464660e+03 3.509731e+03 3.594490e+03 3.379900e+03
3.588315e+03 3.511627e+03 3.577310e+03 3.522632e+03
3.589074e+03 3.512247e+03 3.561792e+03 3.539530e+03
3.647285e+03 3.511926e+03 3.548570e+03 3.610641e+03
3.359312e+03 3.510945e+03 3.537603e+03 3.332654e+03
3.354324e+03 3.509529e+03 3.528700e+03 3.335153e+03
3.387401e+03 3.507854e+03 3.521670e+03 3.373585e+03
3.428005e+03 3.506058e+03 3.516313e+03 3.417750e+03
3.222366e+03 3.504244e+03 3.512388e+03 3.214222e+03
3.369297e+03 3.502484e+03 3.509614e+03 3.362166e+03
3.217359e+03 3.500822e+03 3.507696e+03 3.210485e+03
3.402381e+03 3.499280e+03 3.506355e+03 3.395305e+03
3.559540e+03 3.497872e+03 3.506071e+03 3.551341e+03
3.407124e+03 3.499106e+03 3.513556e+03 3.392674e+03
3.661045e+03 3.518459e+03 3.548126e+03 3.631379e+03
3.502864e+03 3.571273e+03 3.619718e+03 3.454420e+03
3.703825e+03 3.652541e+03 3.713713e+03 3.642653e+03
3.977108e+03 3.743586e+03 3.807491e+03 3.913203e+03
3.875431e+03 3.826793e+03 3.885590e+03 3.816634e+03
4.029366e+03 3.892620e+03 3.942626e+03 3.979360e+03
3.911850e+03 3.939077e+03 3.979879e+03 3.871047e+03
3.752723e+03 3.968461e+03 4.001308e+03 3.719875e+03
4.066610e+03 3.984500e+03 4.010412e+03 4.040697e+03
3.856402e+03 3.988306e+03 4.003813e+03 3.840896e+03
3.711979e+03 3.967373e+03 3.964777e+03 3.714574e+03
4.040831e+03 3.908672e+03 3.885359e+03 4.064143e+03
3.745718e+03 3.818996e+03 3.781730e+03 3.782984e+03
3.677998e+03 3.718392e+03 3.677708e+03 3.718681e+03
3.683608e+03 3.625495e+03 3.589628e+03 3.719475e+03
3.704753e+03 3.550547e+03 3.523448e+03 3.731852e+03
3.850498e+03 3.495962e+03 3.478196e+03 3.868265e+03
3.655752e+03 3.459633e+03 3.450006e+03 3.665379e+03
3.806324e+03 3.437837e+03 3.434624e+03 3.809538e+03
3.518723e+03 3.426856e+03 3.428402e+03 3.517178e+03
3.493039e+03 3.423550e+03 3.428468e+03 3.488121e+03
3.493987e+03 3.425415e+03 3.432587e+03 3.486814e+03
3.378187e+03 3.430483e+03 3.439016e+03 3.369653e+03
3.233224e+03 3.437226e+03 3.446420e+03 3.224030e+03
3.389744e+03 3.444496e+03 3.453827e+03 3.380412e+03
3.420850e+03 3.451491e+03 3.460600e+03 3.411742e+03
3.229832e+03 3.457718e+03 3.466387e+03 3.221163e+03
3.678960e+03 3.462935e+03 3.471068e+03 3.670827e+03
3.556661e+03 3.467099e+03 3.475386e+03 3.548374e+03
3.231352e+03 3.472794e+03 3.486354e+03 3.217791e+03
3.613723e+03 3.495651e+03 3.523573e+03 3.585801e+03
3.671108e+03 3.551190e+03 3.597219e+03 3.625080e+03
3.762070e+03 3.634581e+03 3.692860e+03 3.703791e+03
4.015217e+03 3.727301e+03 3.788016e+03 3.954502e+03
4.001919e+03 3.811862e+03 3.867322e+03 3.946458e+03
4.212081e+03 3.878817e+03 3.925451e+03 4.165448e+03
4.197834e+03 3.926247e+03 3.963724e+03 4.160357e+03
4.115226e+03 3.956498e+03 3.986128e+03 4.085596e+03
3.953969e+03 3.973334e+03 3.996176e+03 3.931128e+03
3.933920e+03 3.977890e+03 3.990497e+03 3.921313e+03
3.938184e+03 3.957674e+03 3.952365e+03 3.943493e+03
3.829447e+03 3.899667e+03 3.873835e+03 3.855279e+03
3.656382e+03 3.810667e+03 3.771079e+03 3.695969e+03
3.637831e+03 3.710725e+03 3.667915e+03 3.680641e+03
3.805920e+03 3.618476e+03 3.580677e+03 3.843720e+03
3.620557e+03 3.544165e+03 3.515326e+03 3.649395e+03
3.756740e+03 3.490207e+03 3.470893e+03 3.776055e+03
3.540478e+03 3.454495e+03 3.443509e+03 3.551465e+03
3.657536e+03 3.433308e+03 3.428917e+03 3.661927e+03
3.573645e+03 3.422925e+03 3.423473e+03 3.573098e+03
3.617113e+03 3.420207e+03 3.424302e+03 3.613018e+03
3.630988e+03 3.422650e+03 3.429171e+03 3.624467e+03
3.398379e+03 3.428286e+03 3.436337e+03 3.390328e+03
3.418260e+03 3.435587e+03 3.444463e+03 3.409384e+03
3.351169e+03 3.443404e+03 3.452578e+03 3.341995e+03
3.479235e+03 3.450937e+03 3.460046e+03 3.470126e+03
3.637591e+03 3.457691e+03 3.466514e+03 3.628768e+03
3.756221e+03 3.463425e+03 3.471853e+03 3.747794e+03
3.387692e+03 3.468085e+03 3.474102e+03 3.381675e+03
3.299117e+03 3.471516e+03 3.460396e+03 3.310237e+03
3.376885e+03 3.472469e+03 3.416184e+03 3.433170e+03
3.245715e+03 3.469731e+03 3.353337e+03 3.362109e+03
3.048355e+03 3.463910e+03 3.300406e+03 3.211860e+03
3.167159e+03 3.456823e+03 3.272995e+03 3.350986e+03
3.157771e+03 3.450166e+03 3.269160e+03 3.338776e+03
3.130279e+03 3.444882e+03 3.279417e+03 3.295744e+03
3.144313e+03 3.441213e+03 3.295036e+03 3.290490e+03
3.576394e+03 3.439000e+03 3.310855e+03 3.704539e+03
3.593539e+03 3.437939e+03 3.326742e+03 3.704736e+03
3.330572e+03 3.437952e+03 3.355237e+03 3.413287e+03
3.442651e+03 3.440173e+03 3.411220e+03 3.471604e+03
3.413929e+03 3.445782e+03 3.483254e+03 3.376456e+03
3.642237e+03 3.454172e+03 3.543168e+03 3.553240e+03
3.443838e+03 3.463549e+03 3.575695e+03 3.331692e+03
3.271513e+03 3.472241e+03 3.583115e+03 3.160640e+03
3.770390e+03 3.479331e+03 3.575256e+03 3.674464e+03
3.415307e+03 3.484603e+03 3.561186e+03 3.338724e+03
3.204320e+03 3.488248e+03 3.546378e+03 3.146190e+03
3.338458e+03 3.490599e+03 3.533203e+03 3.295853e+03
3.275382e+03 3.491989e+03 3.522295e+03 3.245076e+03
3.562228e+03 3.492701e+03 3.513614e+03 3.541315e+03
3.374912e+03 3.492958e+03 3.506968e+03 3.360902e+03
3.219145e+03 3.492937e+03 3.502166e+03 3.209916e+03
3.493312e+03 3.492776e+03 3.499007e+03 3.487081e+03
3.470658e+03 3.492577e+03 3.497253e+03 3.465982e+03
3.593346e+03 3.492412e+03 3.496622e+03 3.589136e+03
3.730253e+03 3.492326e+03 3.496818e+03 3.725761e+03
3.694678e+03 3.492340e+03 3.497565e+03 3.689454e+03
3.559688e+03 3.492469e+03 3.499340e+03 3.552817e+03
3.540021e+03 3.495220e+03 3.508857e+03 3.526384e+03
3.617477e+03 3.516071e+03 3.545432e+03 3.588115e+03
3.637228e+03 3.570363e+03 3.619004e+03 3.588586e+03
3.725165e+03 3.653090e+03 3.714953e+03 3.663301e+03
3.825080e+03 3.745575e+03 3.810660e+03 3.759996e+03
3.816207e+03 3.830204e+03 3.890756e+03 3.755655e+03
4.067720e+03 3.897450e+03 3.949809e+03 4.015361e+03
4.143372e+03 3.945309e+03 3.988974e+03 4.099707e+03
3.948670e+03 3.976079e+03 4.012297e+03 3.912452e+03
3.880574e+03 3.993488e+03 4.023275e+03 3.850787e+03
4.072365e+03 3.998650e+03 4.018532e+03 4.052482e+03
4.001477e+03 3.979056e+03 3.981330e+03 3.999203e+03
3.688530e+03 3.921681e+03 3.903712e+03 3.706499e+03
3.793568e+03 3.833317e+03 3.801842e+03 3.825043e+03
3.776027e+03 3.734012e+03 3.699541e+03 3.810499e+03
3.670328e+03 3.642401e+03 3.613153e+03 3.699576e+03
3.638493e+03 3.568729e+03 3.548648e+03 3.658574e+03
3.530258e+03 3.515407e+03 3.505061e+03 3.540604e+03
3.650780e+03 3.480330e+03 3.478531e+03 3.652579e+03
3.635496e+03 3.459779e+03 3.464805e+03 3.630470e+03
3.331541e+03 3.450032e+03 3.460236e+03 3.321337e+03
3.563288e+03 3.447952e+03 3.461953e+03 3.549287e+03
3.653894e+03 3.451036e+03 3.467722e+03 3.637208e+03
3.526485e+03 3.457318e+03 3.475801e+03 3.508003e+03
3.521121e+03 3.465269e+03 3.484852e+03 3.501537e+03
3.605859e+03 3.473742e+03 3.493907e+03 3.585694e+03
3.373609e+03 3.481938e+03 3.502329e+03 3.353218e+03
3.364812e+03 3.489363e+03 3.509767e+03 3.344408e+03
3.251996e+03 3.495777e+03 3.516090e+03 3.231682e+03
3.508521e+03 3.501126e+03 3.519342e+03 3.490306e+03
3.402618e+03 3.505259e+03 3.506658e+03 3.401219e+03
3.616689e+03 3.506926e+03 3.463496e+03 3.660120e+03
3.331004e+03 3.504916e+03 3.401742e+03 3.434178e+03
3.366627e+03 3.499841e+03 3.349962e+03 3.516506e+03
3.437677e+03 3.493519e+03 3.323761e+03 3.607435e+03
3.540011e+03 3.487649e+03 3.321185e+03 3.706476e+03
3.284385e+03 3.483175e+03 3.332738e+03 3.434822e+03
3.381659e+03 3.480340e+03 3.349686e+03 3.512313e+03
3.518645e+03 3.478984e+03 3.366846e+03 3.630783e+03
3.244068e+03 3.478806e+03 3.379734e+03 3.343140e+03
3.433877e+03 3.479726e+03 3.384632e+03 3.528971e+03
