4.387097e+02 1.289348e+03 1.036597e+03 6.914608e+02
7.824271e+02 1.287950e+03 1.032897e+03 1.037480e+03
1.007144e+03 1.286577e+03 1.029360e+03 1.264362e+03
1.347608e+03 1.285215e+03 1.025885e+03 1.606938e+03
1.161439e+03 1.283846e+03 1.025336e+03 1.419950e+03
1.272942e+03 1.281581e+03 1.046595e+03 1.507929e+03
1.397154e+03 1.272962e+03 1.111878e+03 1.558237e+03
9.522502e+02 1.252573e+03 1.205318e+03 9.995058e+02
1.424699e+03 1.222152e+03 1.285658e+03 1.361192e+03
1.256006e+03 1.188251e+03 1.329384e+03 1.114872e+03
1.219940e+03 1.157062e+03 1.338306e+03 1.038697e+03
1.425680e+03 1.131949e+03 1.325589e+03 1.232041e+03
1.280066e+03 1.113626e+03 1.303771e+03 1.089921e+03
1.181689e+03 1.101296e+03 1.280517e+03 1.002468e+03
1.336474e+03 1.093658e+03 1.259176e+03 1.170956e+03
1.099074e+03 1.089443e+03 1.240662e+03 9.478548e+02
1.152931e+03 1.087609e+03 1.224957e+03 1.015583e+03
1.114946e+03 1.087342e+03 1.211851e+03 9.904367e+02
1.093544e+03 1.088010e+03 1.201147e+03 9.804073e+02
1.298832e+03 1.089130e+03 1.192643e+03 1.195319e+03
1.394208e+03 1.090339e+03 1.186073e+03 1.298474e+03
1.032811e+03 1.091390e+03 1.181098e+03 9.431032e+02
1.138158e+03 1.092132e+03 1.177339e+03 1.052951e+03
1.222550e+03 1.092497e+03 1.174421e+03 1.140627e+03
9.389002e+02 1.092482e+03 1.170804e+03 8.605780e+02
1.245679e+03 1.093000e+03 1.158973e+03 1.179706e+03
8.251953e+02 1.099549e+03 1.134146e+03 7.905976e+02
1.303851e+03 1.117581e+03 1.107808e+03 1.313624e+03
1.207840e+03 1.145405e+03 1.095936e+03 1.257308e+03
1.014516e+03 1.176519e+03 1.102687e+03 1.088348e+03
1.317635e+03 1.204782e+03 1.121768e+03 1.400648e+03
9.314998e+02 1.226878e+03 1.144588e+03 1.013790e+03
1.110774e+03 1.242133e+03 1.165196e+03 1.187711e+03
1.172856e+03 1.251370e+03 1.181068e+03 1.243158e+03
9.733964e+02 1.255911e+03 1.193188e+03 1.036119e+03
1.240020e+03 1.256153e+03 1.209633e+03 1.286541e+03
1.123522e+03 1.247720e+03 1.235935e+03 1.135307e+03
1.230995e+03 1.226032e+03 1.261261e+03 1.195766e+03
1.366860e+03 1.193476e+03 1.270296e+03 1.290040e+03
1.434764e+03 1.157093e+03 1.259397e+03 1.332459e+03
1.393745e+03 1.123426e+03 1.235301e+03 1.281869e+03
1.206035e+03 1.096072e+03 1.206977e+03 1.095129e+03
1.173529e+03 1.075879e+03 1.180689e+03 1.068719e+03
1.326316e+03 1.062109e+03 1.159201e+03 1.229225e+03
1.026462e+03 1.053456e+03 1.142905e+03 9.370124e+02
1.160373e+03 1.048613e+03 1.131126e+03 1.077860e+03
1.173911e+03 1.046478e+03 1.122940e+03 1.097449e+03
9.577206e+02 1.046174e+03 1.117512e+03 8.863829e+02
1.124471e+03 1.047009e+03 1.114161e+03 1.057319e+03
9.444376e+02 1.048447e+03 1.112326e+03 8.805585e+02
9.857055e+02 1.050085e+03 1.111531e+03 9.242591e+02
9.059987e+02 1.051642e+03 1.111375e+03 8.462664e+02
9.167998e+02 1.052946e+03 1.111531e+03 8.582141e+02
1.003757e+03 1.053910e+03 1.111766e+03 9.459013e+02
1.008372e+03 1.054531e+03 1.113211e+03 9.496923e+02
1.160765e+03 1.058303e+03 1.126102e+03 1.092966e+03
1.429023e+03 1.086658e+03 1.171910e+03 1.343772e+03
1.126507e+03 1.160852e+03 1.255010e+03 1.032349e+03
1.419879e+03 1.274049e+03 1.353260e+03 1.340668e+03
1.492571e+03 1.400537e+03 1.442251e+03 1.450858e+03
1.550334e+03 1.516055e+03 1.509688e+03 1.556701e+03
1.611483e+03 1.607474e+03 1.554375e+03 1.664582e+03
1.548862e+03 1.672077e+03 1.580459e+03 1.640480e+03
1.468456e+03 1.713058e+03 1.593098e+03 1.588415e+03
1.628747e+03 1.735577e+03 1.595302e+03 1.769022e+03
1.467125e+03 1.741182e+03 1.579874e+03 1.628433e+03
1.271842e+03 1.712612e+03 1.527539e+03 1.456916e+03
1.486803e+03 1.631890e+03 1.435575e+03 1.683118e+03
1.174976e+03 1.508395e+03 1.327412e+03 1.355959e+03
1.467629e+03 1.369800e+03 1.228440e+03 1.608989e+03
1.162765e+03 1.241829e+03 1.151640e+03 1.252954e+03
1.238162e+03 1.138623e+03 1.098622e+03 1.278163e+03
1.446557e+03 1.063512e+03 1.065415e+03 1.444654e+03
9.669112e+02 1.013589e+03 1.046859e+03 9.336413e+02
1.338153e+03 9.837170e+02 1.038539e+03 1.283331e+03
9.833716e+02 9.687607e+02 1.037160e+03 9.149722e+02
1.057575e+03 9.643864e+02 1.040315e+03 9.816467e+02
9.850398e+02 9.671397e+02 1.046185e+03 9.059947e+02
9.425815e+02 9.743039e+02 1.053367e+03 8.635183e+02
7.432047e+02 9.837678e+02 1.060804e+03 6.661684e+02
1.055141e+03 9.939480e+02 1.067760e+03 9.813289e+02
1.058740e+03 1.003739e+03 1.073796e+03 9.886840e+02
8.306829e+02 1.012459e+03 1.078718e+03 7.644239e+02
1.099198e+03 1.019774e+03 1.082524e+03 1.036448e+03
1.043773e+03 1.025624e+03 1.086613e+03 9.827838e+02
1.037344e+03 1.033577e+03 1.101475e+03 9.694461e+02
1.318044e+03 1.065211e+03 1.148794e+03 1.234461e+03
1.300575e+03 1.141949e+03 1.233107e+03 1.209416e+03
1.564029e+03 1.257122e+03 1.332389e+03 1.488762e+03
1.485925e+03 1.385164e+03 1.422307e+03 1.448781e+03
1.564776e+03 1.501932e+03 1.490615e+03 1.576093e+03
1.833504e+03 1.594390e+03 1.536138e+03 1.891756e+03
1.647785e+03 1.659885e+03 1.563038e+03 1.744632e+03
1.491757e+03 1.701659e+03 1.576480e+03 1.616935e+03
1.725284e+03 1.724905e+03 1.579477e+03 1.870713e+03
1.310873e+03 1.731193e+03 1.564832e+03 1.477233e+03
1.449659e+03 1.703276e+03 1.513270e+03 1.639664e+03
1.455302e+03 1.623184e+03 1.422068e+03 1.656418e+03
1.201118e+03 1.500303e+03 1.314654e+03 1.386767e+03
1.300481e+03 1.362310e+03 1.216416e+03 1.446375e+03
1.264986e+03 1.234928e+03 1.140336e+03 1.359578e+03
1.023150e+03 1.132299e+03 1.088027e+03 1.067422e+03
1.334522e+03 1.057757e+03 1.055517e+03 1.336763e+03
1.056364e+03 1.008393e+03 1.037643e+03 1.027114e+03
1.147034e+03 9.790716e+02 1.029991e+03 1.096114e+03
1.161516e+03 9.646563e+02 1.029268e+03 1.096904e+03
1.090656e+03 9.608133e+02 1.033064e+03 1.018405e+03
1.281999e+03 9.640883e+02 1.039561e+03 1.206526e+03
8.288746e+02 9.717644e+02 1.047357e+03 7.532819e+02
1.150896e+03 9.817302e+02 1.055394e+03 1.077232e+03
1.104619e+03 9.924023e+02 1.062937e+03 1.034084e+03
1.032039e+03 1.002675e+03 1.069546e+03 9.651682e+02
1.262104e+03 1.011867e+03 1.075029e+03 1.198943e+03
1.214647e+03 1.019643e+03 1.079372e+03 1.154919e+03
1.010230e+03 1.025935e+03 1.081463e+03 9.547020e+02
1.068798e+03 1.031722e+03 1.074203e+03 1.026318e+03
9.461180e+02 1.042639e+03 1.053159e+03 9.355975e+02
8.400233e+02 1.064302e+03 1.030088e+03 8.742377e+02
7.819666e+02 1.095183e+03 1.021156e+03 8.559939e+02
1.085827e+03 1.128923e+03 1.030644e+03 1.184106e+03
1.221054e+03 1.159503e+03 1.052339e+03 1.328217e+03
1.277859e+03 1.183697e+03 1.077694e+03 1.383862e+03
8.879340e+02 1.200895e+03 1.100781e+03 9.880473e+02
1.539688e+03 1.211970e+03 1.119092e+03 1.632566e+03
1.315338e+03 1.218277e+03 1.133616e+03 1.400000e+03
1.052918e+03 1.220236e+03 1.152379e+03 1.120774e+03
1.231415e+03 1.213474e+03 1.180951e+03 1.263938e+03
1.075396e+03 1.193430e+03 1.208570e+03 1.060255e+03
1.305347e+03 1.162495e+03 1.219865e+03 1.247977e+03
1.039932e+03 1.127714e+03 1.211191e+03 9.564556e+02
9.985409e+02 1.095629e+03 1.189282e+03 9.048884e+02
1.302654e+03 1.069840e+03 1.163114e+03 1.209380e+03
1.161019e+03 1.051196e+03 1.138950e+03 1.073265e+03
8.703789e+02 1.038958e+03 1.119551e+03 7.897852e+02
9.362213e+02 1.031818e+03 1.105309e+03 8.627299e+02
9.156056e+02 1.028471e+03 1.095549e+03 8.485271e+02
1.113002e+03 1.027814e+03 1.089348e+03 1.051469e+03
1.077886e+03 1.028969e+03 1.085870e+03 1.020985e+03
7.628243e+02 1.031244e+03 1.084435e+03 7.096335e+02
1.140372e+03 1.034102e+03 1.084482e+03 1.089992e+03
9.383546e+02 1.037141e+03 1.085536e+03 8.899600e+02
1.070767e+03 1.040080e+03 1.087195e+03 1.023653e+03
1.329719e+03 1.042744e+03 1.089134e+03 1.283330e+03
1.158698e+03 1.045050e+03 1.091118e+03 1.112630e+03
1.167375e+03 1.046991e+03 1.094280e+03 1.120085e+03
1.246946e+03 1.052062e+03 1.108857e+03 1.190150e+03
1.147066e+03 1.081696e+03 1.156319e+03 1.072443e+03
1.292417e+03 1.157148e+03 1.241043e+03 1.208522e+03
1.275250e+03 1.271583e+03 1.340886e+03 1.205947e+03
1.279258e+03 1.399288e+03 1.431440e+03 1.247106e+03
1.632519e+03 1.516001e+03 1.500476e+03 1.648045e+03
1.772224e+03 1.608599e+03 1.546779e+03 1.834045e+03
1.757045e+03 1.674360e+03 1.574394e+03 1.857011e+03
1.605216e+03 1.716479e+03 1.588540e+03 1.733156e+03
1.431671e+03 1.740117e+03 1.592226e+03 1.579561e+03
1.509136e+03 1.746820e+03 1.578258e+03 1.677698e+03
1.420058e+03 1.719330e+03 1.527356e+03 1.612032e+03
1.142961e+03 1.639669e+03 1.436791e+03 1.345840e+03
1.600210e+03 1.517220e+03 1.329987e+03 1.787443e+03
1.260879e+03 1.379658e+03 1.232333e+03 1.408205e+03
1.215808e+03 1.252710e+03 1.156818e+03 1.311700e+03
1.239667e+03 1.150515e+03 1.105057e+03 1.285125e+03
9.841262e+02 1.076406e+03 1.073086e+03 9.874456e+02
1.142172e+03 1.027472e+03 1.055748e+03 1.113897e+03
1.153456e+03 9.985782e+02 1.048629e+03 1.103405e+03
9.339750e+02 9.845877e+02 1.048438e+03 8.701245e+02
1.132955e+03 9.811666e+02 1.052766e+03 1.061355e+03
1.289144e+03 9.848607e+02 1.059797e+03 1.214208e+03
1.116291e+03 9.929533e+02 1.068127e+03 1.041117e+03
1.107743e+03 1.003334e+03 1.076701e+03 1.034375e+03
1.218185e+03 1.014419e+03 1.084782e+03 1.147821e+03
1.041212e+03 1.025104e+03 1.091933e+03 9.743826e+02
1.035335e+03 1.034707e+03 1.097960e+03 9.720824e+02
9.606804e+02 1.042896e+03 1.102852e+03 9.007242e+02
1.122696e+03 1.049601e+03 1.105496e+03 1.066802e+03
9.615375e+02 1.055806e+03 1.098795e+03 9.185485e+02
1.291266e+03 1.067142e+03 1.078321e+03 1.280087e+03
1.062830e+03 1.089227e+03 1.055837e+03 1.096219e+03
1.083627e+03 1.120524e+03 1.047514e+03 1.156637e+03
1.120976e+03 1.154673e+03 1.057628e+03 1.218021e+03
1.128991e+03 1.185650e+03 1.079957e+03 1.234684e+03
9.973250e+02 1.210231e+03 1.105948e+03 1.101607e+03
1.082073e+03 1.227809e+03 1.129673e+03 1.180209e+03
9.487784e+02 1.239262e+03 1.148610e+03 1.039430e+03
1.136158e+03 1.245950e+03 1.160880e+03 1.221227e+03
1.202808e+03 1.249179e+03 1.164085e+03 1.287902e+03
