0.5 8.551179e+03 8.751990e+03 8.799158e+03 8.598347e+03
1.5 8.755393e+03 8.723564e+03 8.764865e+03 8.796693e+03
2.5 8.201635e+03 8.633580e+03 8.679898e+03 8.247953e+03
3.5 8.511409e+03 8.501918e+03 8.579423e+03 8.588914e+03
4.5 8.385367e+03 8.384398e+03 8.520152e+03 8.521121e+03
5.5 7.995800e+03 8.314448e+03 8.522182e+03 8.203534e+03
6.5 8.168641e+03 8.291503e+03 8.569245e+03 8.446383e+03
7.5 8.272854e+03 8.298997e+03 8.634644e+03 8.608501e+03
8.5 8.185365e+03 8.320439e+03 8.698445e+03 8.563372e+03
9.5 8.387042e+03 8.345424e+03 8.751198e+03 8.792816e+03
10.5 8.503723e+03 8.372991e+03 8.795099e+03 8.925830e+03
11.5 8.532477e+03 8.427159e+03 8.857485e+03 8.962803e+03
12.5 8.517955e+03 8.538864e+03 8.961249e+03 8.940341e+03
13.5 8.420234e+03 8.688364e+03 9.073255e+03 8.805125e+03
14.5 8.682541e+03 8.820192e+03 9.138576e+03 9.000924e+03
15.5 8.991194e+03 8.901219e+03 9.138495e+03 9.228471e+03
16.5 8.876628e+03 8.932390e+03 9.090475e+03 9.034713e+03
17.5 8.971601e+03 8.930753e+03 9.022259e+03 9.063107e+03
18.5 9.037885e+03 8.913332e+03 8.954666e+03 9.079219e+03
19.5 8.761229e+03 8.891068e+03 8.897853e+03 8.768014e+03
20.5 9.044652e+03 8.869221e+03 8.854315e+03 9.029747e+03
21.5 9.119973e+03 8.849701e+03 8.822870e+03 9.093142e+03
22.5 8.842012e+03 8.833013e+03 8.801303e+03 8.810302e+03
23.5 8.826600e+03 8.819251e+03 8.787513e+03 8.794861e+03
24.5 8.902488e+03 8.808413e+03 8.779758e+03 8.873833e+03
25.5 8.706642e+03 8.800397e+03 8.776580e+03 8.682824e+03
26.5 8.846690e+03 8.794955e+03 8.776693e+03 8.828428e+03
27.5 8.781392e+03 8.791693e+03 8.778959e+03 8.768657e+03
28.5 8.569520e+03 8.790133e+03 8.782414e+03 8.561801e+03
29.5 8.689743e+03 8.789780e+03 8.786305e+03 8.686267e+03
30.5 8.855894e+03 8.789882e+03 8.790104e+03 8.856116e+03
31.5 8.456891e+03 8.789058e+03 8.793492e+03 8.461325e+03
32.5 8.635967e+03 8.791273e+03 8.796321e+03 8.641014e+03
33.5 8.732752e+03 8.804796e+03 8.798564e+03 8.726521e+03
34.5 8.709929e+03 8.832005e+03 8.800270e+03 8.678193e+03
35.5 8.798902e+03 8.867426e+03 8.801520e+03 8.732997e+03
36.5 8.947438e+03 8.903231e+03 8.802411e+03 8.846619e+03
37.5 8.747055e+03 8.933836e+03 8.803037e+03 8.616256e+03
38.5 8.812598e+03 8.956991e+03 8.803469e+03 8.659076e+03
39.5 8.959110e+03 8.972850e+03 8.803764e+03 8.790025e+03
40.5 8.863449e+03 8.982990e+03 8.803968e+03 8.684427e+03
41.5 8.981191e+03 8.989921e+03 8.804110e+03 8.795380e+03
42.5 9.065062e+03 8.990737e+03 8.804213e+03 8.878539e+03
43.5 8.641947e+03 8.978053e+03 8.804292e+03 8.468186e+03
44.5 9.004661e+03 8.950210e+03 8.804356e+03 8.858808e+03
45.5 8.949304e+03 8.913272e+03 8.804414e+03 8.840445e+03
0.5 8.454341e+03 8.811526e+03 8.801381e+03 8.444196e+03
1.5 8.646780e+03 8.780366e+03 8.767132e+03 8.633547e+03
2.5 8.693865e+03 8.688250e+03 8.682221e+03 8.687836e+03
3.5 8.347599e+03 8.554937e+03 8.581813e+03 8.374474e+03
4.5 8.435356e+03 8.436132e+03 8.522610e+03 8.521834e+03
5.5 8.725222e+03 8.365162e+03 8.524698e+03 8.884757e+03
6.5 8.367276e+03 8.341389e+03 8.571801e+03 8.597688e+03
7.5 8.745855e+03 8.348194e+03 8.637224e+03 9.034885e+03
8.5 8.592466e+03 8.369047e+03 8.701033e+03 8.924451e+03
9.5 8.409737e+03 8.393522e+03 8.753781e+03 8.769997e+03
10.5 8.517603e+03 8.420640e+03 8.797667e+03 8.894630e+03
11.5 8.524845e+03 8.474340e+03 8.859950e+03 8.910454e+03
12.5 8.550398e+03 8.585600e+03 8.963616e+03 8.928415e+03
13.5 8.461757e+03 8.734780e+03 9.075614e+03 8.802591e+03
14.5 8.933282e+03 8.866331e+03 9.140925e+03 9.207877e+03
15.5 8.612698e+03 8.947120e+03 9.140832e+03 8.806410e+03
16.5 9.006341e+03 8.978094e+03 9.092797e+03 9.121044e+03
17.5 9.269510e+03 8.976296e+03 9.024564e+03 9.317778e+03
18.5 8.970603e+03 8.958749e+03 8.956953e+03 8.968806e+03
19.5 8.906472e+03 8.936393e+03 8.900119e+03 8.870198e+03
20.5 9.041350e+03 8.914487e+03 8.856559e+03 8.983421e+03
21.5 8.826634e+03 8.894941e+03 8.825090e+03 8.756783e+03
22.5 8.905635e+03 8.878258e+03 8.803498e+03 8.830875e+03
23.5 8.964918e+03 8.864532e+03 8.789681e+03 8.890067e+03
24.5 8.535185e+03 8.853759e+03 8.781899e+03 8.463325e+03
25.5 8.682851e+03 8.845838e+03 8.778693e+03 8.615706e+03
26.5 9.104015e+03 8.840518e+03 8.778776e+03 9.042273e+03
27.5 8.796922e+03 8.837406e+03 8.781012e+03 8.740528e+03
28.5 9.081126e+03 8.836023e+03 8.784437e+03 9.029540e+03
29.5 9.008625e+03 8.835875e+03 8.788297e+03 8.961047e+03
30.5 8.522710e+03 8.836206e+03 8.792065e+03 8.478568e+03
31.5 9.006830e+03 8.835638e+03 8.795422e+03 8.966614e+03
32.5 8.837011e+03 8.838135e+03 8.798219e+03 8.797095e+03
33.5 8.816153e+03 8.851963e+03 8.800432e+03 8.764622e+03
34.5 9.270690e+03 8.879503e+03 8.802107e+03 9.193294e+03
35.5 8.915862e+03 8.915278e+03 8.803326e+03 8.803910e+03
36.5 8.928510e+03 8.951455e+03 8.804190e+03 8.781244e+03
37.5 8.950333e+03 8.982410e+03 8.804789e+03 8.772712e+03
38.5 8.894865e+03 9.005943e+03 8.805194e+03 8.694116e+03
39.5 9.040356e+03 9.022199e+03 8.805463e+03 8.823621e+03
40.5 9.330443e+03 9.032756e+03 8.805640e+03 9.103327e+03
41.5 8.834368e+03 9.040126e+03 8.805759e+03 8.600001e+03
42.5 8.975914e+03 9.041402e+03 8.805839e+03 8.740351e+03
43.5 9.172088e+03 9.029204e+03 8.805896e+03 8.948780e+03
44.5 8.650085e+03 9.001880e+03 8.805940e+03 8.454145e+03
45.5 8.815082e+03 8.965503e+03 8.805979e+03 8.655558e+03
0.5 8.550569e+03 8.862465e+03 8.802292e+03 8.490397e+03
1.5 8.813520e+03 8.832313e+03 8.768090e+03 8.749297e+03
2.5 8.687691e+03 8.741255e+03 8.683243e+03 8.629679e+03
3.5 8.396993e+03 8.609084e+03 8.582944e+03 8.370853e+03
4.5 8.612316e+03 8.491531e+03 8.523908e+03 8.644693e+03
5.5 8.144483e+03 8.421926e+03 8.526207e+03 8.248764e+03
6.5 8.148136e+03 8.399613e+03 8.573536e+03 8.322059e+03
7.5 8.637987e+03 8.407950e+03 8.639174e+03 8.869211e+03
8.5 8.312089e+03 8.430395e+03 8.703175e+03 8.584869e+03
9.5 8.570683e+03 8.456513e+03 8.756089e+03 8.870259e+03
10.5 8.638319e+03 8.485709e+03 8.800116e+03 8.952726e+03
