0.5 1.017928e+04 1.023452e+04 1.018638e+04 1.013115e+04
1.5 9.955956e+03 1.021351e+04 1.018542e+04 9.927860e+03
2.5 9.963657e+03 1.014469e+04 1.016750e+04 9.986466e+03
3.5 1.009554e+04 1.003427e+04 1.011819e+04 1.017947e+04
4.5 9.936907e+03 9.921035e+03 1.004218e+04 1.005805e+04
5.5 9.972740e+03 9.835054e+03 9.956974e+03 1.009466e+04
6.5 9.632217e+03 9.783584e+03 9.879099e+03 9.727733e+03
7.5 9.790469e+03 9.759845e+03 9.817514e+03 9.848138e+03
8.5 9.765452e+03 9.753824e+03 9.774093e+03 9.785721e+03
9.5 9.792370e+03 9.757634e+03 9.746684e+03 9.781420e+03
10.5 9.670349e+03 9.766462e+03 9.731784e+03 9.635671e+03
11.5 9.682766e+03 9.777689e+03 9.725995e+03 9.631072e+03
12.5 9.572616e+03 9.789837e+03 9.726518e+03 9.509298e+03
13.5 9.589289e+03 9.801925e+03 9.731171e+03 9.518535e+03
14.5 9.718372e+03 9.813224e+03 9.738265e+03 9.643413e+03
15.5 9.821907e+03 9.823218e+03 9.746502e+03 9.745192e+03
16.5 9.730854e+03 9.831625e+03 9.754917e+03 9.654146e+03
17.5 9.819976e+03 9.838388e+03 9.762843e+03 9.744431e+03
18.5 9.856055e+03 9.843625e+03 9.769880e+03 9.782310e+03
19.5 1.001460e+04 9.847569e+03 9.775844e+03 9.942878e+03
20.5 9.930003e+03 9.851557e+03 9.780726e+03 9.859172e+03
21.5 9.972024e+03 9.862842e+03 9.786973e+03 9.896155e+03
22.5 1.007908e+04 9.889731e+03 9.809268e+03 9.998617e+03
23.5 9.903898e+03 9.926331e+03 9.862189e+03 9.839756e+03
24.5 1.002649e+04 9.957502e+03 9.941212e+03 1.001020e+04
25.5 1.019846e+04 9.974809e+03 1.002896e+04 1.025262e+04
26.5 1.021432e+04 9.979178e+03 1.010902e+04 1.034416e+04
27.5 9.902443e+03 9.975641e+03 1.017254e+04 1.009934e+04
28.5 9.766856e+03 9.968892e+03 1.021769e+04 1.001566e+04
29.5 9.832875e+03 9.961758e+03 1.024670e+04 1.011781e+04
30.5 9.822645e+03 9.954374e+03 1.026307e+04 1.013134e+04
31.5 9.963690e+03 9.940025e+03 1.026789e+04 1.029156e+04
32.5 9.744392e+03 9.910615e+03 1.024939e+04 1.008317e+04
33.5 9.875583e+03 9.872146e+03 1.019540e+04 1.019884e+04
34.5 9.938396e+03 9.839758e+03 1.011229e+04 1.021093e+04
35.5 9.871143e+03 9.821878e+03 1.001889e+04 1.006815e+04
36.5 9.875520e+03 9.817521e+03 9.932670e+03 9.990669e+03
37.5 9.881372e+03 9.821561e+03 9.863258e+03 9.923069e+03
38.5 9.950402e+03 9.829174e+03 9.812916e+03 9.934145e+03
39.5 9.839153e+03 9.837401e+03 9.779668e+03 9.781420e+03
40.5 9.724247e+03 9.844927e+03 9.760022e+03 9.639342e+03
41.5 9.867437e+03 9.851366e+03 9.750489e+03 9.766560e+03
42.5 9.929825e+03 9.856699e+03 9.748122e+03 9.821248e+03
43.5 9.929063e+03 9.860999e+03 9.750574e+03 9.818638e+03
44.5 9.857127e+03 9.864344e+03 9.755999e+03 9.748781e+03
45.5 9.976095e+03 9.866823e+03 9.762961e+03 9.872233e+03
46.5 9.899215e+03 9.868549e+03 9.770386e+03 9.801052e+03
47.5 9.852426e+03 9.869664e+03 9.777521e+03 9.760283e+03
48.5 1.000527e+04 9.870321e+03 9.783905e+03 9.918852e+03
49.5 9.757865e+03 9.870669e+03 9.789309e+03 9.676506e+03
50.5 9.845658e+03 9.871469e+03 9.793696e+03 9.767885e+03
51.5 9.921354e+03 9.878314e+03 9.799489e+03 9.842529e+03
52.5 9.894297e+03 9.904474e+03 9.821358e+03 9.811180e+03
53.5 9.913553e+03 9.954757e+03 9.873866e+03 9.832662e+03
54.5 1.011670e+04 1.001744e+04 9.952481e+03 1.005174e+04
55.5 1.014115e+04 1.007732e+04 1.003982e+04 1.010365e+04
0.5 9.822645e+03 9.954374e+03 1.026307e+04 1.013134e+04
1.5 9.963690e+03 9.940025e+03 1.026789e+04 1.029156e+04
2.5 9.744392e+03 9.910615e+03 1.024939e+04 1.008317e+04
3.5 9.875583e+03 9.872146e+03 1.019540e+04 1.019884e+04
4.5 9.938396e+03 9.839758e+03 1.011229e+04 1.021093e+04
5.5 9.871143e+03 9.821878e+03 1.001889e+04 1.006815e+04
6.5 9.875520e+03 9.817521e+03 9.932670e+03 9.990669e+03
7.5 9.881372e+03 9.821561e+03 9.863258e+03 9.923069e+03
8.5 9.950402e+03 9.829174e+03 9.812916e+03 9.934145e+03
9.5 9.839153e+03 9.837401e+03 9.779668e+03 9.781420e+03
10.5 9.724247e+03 9.844927e+03 9.760022e+03 9.639342e+03
11.5 9.867437e+03 9.851366e+03 9.750489e+03 9.766560e+03
12.5 9.929825e+03 9.856699e+03 9.748122e+03 9.821248e+03
13.5 9.929063e+03 9.860999e+03 9.750574e+03 9.818638e+03
14.5 9.857127e+03 9.864344e+03 9.755999e+03 9.748781e+03
15.5 9.976095e+03 9.866823e+03 9.762961e+03 9.872233e+03
16.5 9.899215e+03 9.868549e+03 9.770386e+03 9.801052e+03
17.5 9.852426e+03 9.869664e+03 9.777521e+03 9.760283e+03
18.5 1.000527e+04 9.870321e+03 9.783905e+03 9.918852e+03
19.5 9.757865e+03 9.870669e+03 9.789309e+03 9.676506e+03
20.5 9.845658e+03 9.871469e+03 9.793696e+03 9.767885e+03
21.5 9.921354e+03 9.878314e+03 9.799489e+03 9.842529e+03
22.5 9.894297e+03 9.904474e+03 9.821358e+03 9.811180e+03
23.5 9.913553e+03 9.954757e+03 9.873866e+03 9.832662e+03
24.5 1.011670e+04 1.001744e+04 9.952481e+03 1.005174e+04
25.5 1.014115e+04 1.007732e+04 1.003982e+04 1.010365e+04
26.5 1.022269e+04 1.012535e+04 1.011948e+04 1.021682e+04
27.5 1.025119e+04 1.015928e+04 1.018259e+04 1.027450e+04
28.5 1.053503e+04 1.018080e+04 1.022736e+04 1.058160e+04
29.5 1.035886e+04 1.019280e+04 1.025598e+04 1.042203e+04
30.5 1.028538e+04 1.019741e+04 1.027199e+04 1.035996e+04
31.5 1.038069e+04 1.019125e+04 1.027645e+04 1.046589e+04
32.5 1.012468e+04 1.016273e+04 1.025764e+04 1.021959e+04
33.5 1.014740e+04 1.010827e+04 1.020334e+04 1.024247e+04
34.5 9.904646e+03 1.004056e+04 1.011995e+04 9.984039e+03
35.5 9.784402e+03 9.975462e+03 1.002626e+04 9.835201e+03
36.5 9.849499e+03 9.922554e+03 9.939771e+03 9.866716e+03
37.5 9.779368e+03 9.884372e+03 9.870093e+03 9.765089e+03
38.5 9.863660e+03 9.859377e+03 9.819492e+03 9.823776e+03
39.5 9.777756e+03 9.844673e+03 9.785993e+03 9.719076e+03
40.5 9.890052e+03 9.837457e+03 9.766103e+03 9.818698e+03
41.5 9.981532e+03 9.835477e+03 9.756333e+03 9.902388e+03
42.5 9.874586e+03 9.837013e+03 9.753736e+03 9.791309e+03
43.5 9.992323e+03 9.840746e+03 9.755964e+03 9.907541e+03
44.5 1.002194e+04 9.845652e+03 9.761171e+03 9.937459e+03
45.5 9.883593e+03 9.850949e+03 9.767922e+03 9.800566e+03
46.5 9.519348e+03 9.856082e+03 9.775141e+03 9.438407e+03
47.5 9.744500e+03 9.860697e+03 9.782077e+03 9.665880e+03
48.5 9.763905e+03 9.864617e+03 9.788266e+03 9.687554e+03
49.5 9.925991e+03 9.867799e+03 9.793482e+03 9.851674e+03
50.5 9.965618e+03 9.870924e+03 9.797684e+03 9.892378e+03
51.5 9.906595e+03 9.879585e+03 9.803298e+03 9.830308e+03
52.5 9.942282e+03 9.907104e+03 9.824993e+03 9.860171e+03
53.5 9.923980e+03 9.958360e+03 9.877331e+03 9.842952e+03
54.5 9.961141e+03 1.002171e+04 9.955781e+03 9.895213e+03
55.5 9.831947e+03 1.008204e+04 1.004296e+04 9.792873e+03
0.5 1.028538e+04 1.019741e+04 1.027199e+04 1.035996e+04
1.5 1.038069e+04 1.019125e+04 1.027645e+04 1.046589e+04
2.5 1.012468e+04 1.016273e+04 1.025764e+04 1.021959e+04
3.5 1.014740e+04 1.010827e+04 1.020334e+04 1.024247e+04
4.5 9.904646e+03 1.004056e+04 1.011995e+04 9.984039e+03
5.5 9.784402e+03 9.975462e+03 1.002626e+04 9.835201e+03
6.5 9.849499e+03 9.922554e+03 9.939771e+03 9.866716e+03
7.5 9.779368e+03 9.884372e+03 9.870093e+03 9.765089e+03
8.5 9.863660e+03 9.859377e+03 9.819492e+03 9.823776e+03
9.5 9.777756e+03 9.844673e+03 9.785993e+03 9.719076e+03
10.5 9.890052e+03 9.837457e+03 9.766103e+03 9.818698e+03
11.5 9.981532e+03 9.835477e+03 9.756333e+03 9.902388e+03
12.5 9.874586e+03 9.837013e+03 9.753736e+03 9.791309e+03
13.5 9.992323e+03 9.840746e+03 9.755964e+03 9.907541e+03
14.5 1.002194e+04 9.845652e+03 9.761171e+03 9.937459e+03
15.5 9.883593e+03 9.850949e+03 9.767922e+03 9.800566e+03
16.5 9.519348e+03 9.856082e+03 9.775141e+03 9.438407e+03
17.5 9.744500e+03 9.860697e+03 9.782077e+03 9.665880e+03
18.5 9.763905e+03 9.864617e+03 9.788266e+03 9.687554e+03
19.5 9.925991e+03 9.867799e+03 9.793482e+03 9.851674e+03
20.5 9.965618e+03 9.870924e+03 9.797684e+03 9.892378e+03
21.5 9.906595e+03 9.879585e+03 9.803298e+03 9.830308e+03
22.5 9.942282e+03 9.907104e+03 9.824993e+03 9.860171e+03
23.5 9.923980e+03 9.958360e+03 9.877331e+03 9.842952e+03
24.5 9.961141e+03 1.002171e+04 9.955781e+03 9.895213e+03
25.5 9.831947e+03 1.008204e+04 1.004296e+04 9.792873e+03
26.5 9.870999e+03 1.013034e+04 1.012246e+04 9.863121e+03
27.5 9.992310e+03 1.016443e+04 1.018542e+04 1.001330e+04
28.5 1.007809e+04 1.018603e+04 1.023004e+04 1.012210e+04
29.5 1.021983e+04 1.019807e+04 1.025851e+04 1.028027e+04
30.5 1.014679e+04 1.020268e+04 1.027437e+04 1.021849e+04
31.5 1.020180e+04 1.019651e+04 1.027870e+04 1.028399e+04
32.5 1.026606e+04 1.016796e+04 1.025975e+04 1.035784e+04
33.5 1.027039e+04 1.011348e+04 1.020532e+04 1.036223e+04
34.5 1.019608e+04 1.004574e+04 1.012179e+04 1.027214e+04
35.5 1.019995e+04 9.980617e+03 1.002798e+04 1.024732e+04
36.5 1.011220e+04 9.927685e+03 9.941362e+03 1.012588e+04
37.5 9.893618e+03 9.889482e+03 9.871560e+03 9.875697e+03
38.5 1.007133e+04 9.864468e+03 9.820837e+03 1.002770e+04
39.5 9.984999e+03 9.849749e+03 9.787218e+03 9.922467e+03
40.5 1.001693e+04 9.842522e+03 9.767209e+03 9.941615e+03
41.5 9.882102e+03 9.840532e+03 9.757322e+03 9.798891e+03
42.5 9.850068e+03 9.842062e+03 9.754609e+03 9.762615e+03
43.5 1.002408e+04 9.845792e+03 9.756723e+03 9.935007e+03
44.5 9.892039e+03 9.850695e+03 9.761817e+03 9.803160e+03
45.5 9.970368e+03 9.855993e+03 9.768456e+03 9.882831e+03
46.5 1.011227e+04 9.861128e+03 9.775563e+03 1.002671e+04
47.5 1.001352e+04 9.865747e+03 9.782388e+03 9.930162e+03
48.5 9.825954e+03 9.869672e+03 9.788467e+03 9.744749e+03
49.5 9.793671e+03 9.872862e+03 9.793573e+03 9.714382e+03
50.5 9.890943e+03 9.876428e+03 9.797666e+03 9.812181e+03
51.5 9.808708e+03 9.887454e+03 9.803171e+03 9.724425e+03
52.5 9.868382e+03 9.914130e+03 9.824756e+03 9.779008e+03
53.5 9.889104e+03 9.950500e+03 9.876985e+03 9.815590e+03
54.5 9.856258e+03 9.981396e+03 9.955325e+03 9.830187e+03
55.5 9.960603e+03 9.998378e+03 1.004240e+04 1.000462e+04
0.5 1.014679e+04 1.020268e+04 1.027437e+04 1.021849e+04
1.5 1.020180e+04 1.019651e+04 1.027870e+04 1.028399e+04
2.5 1.026606e+04 1.016796e+04 1.025975e+04 1.035784e+04
3.5 1.027039e+04 1.011348e+04 1.020532e+04 1.036223e+04
4.5 1.019608e+04 1.004574e+04 1.012179e+04 1.027214e+04
5.5 1.019995e+04 9.980617e+03 1.002798e+04 1.024732e+04
6.5 1.011220e+04 9.927685e+03 9.941362e+03 1.012588e+04
7.5 9.893618e+03 9.889482e+03 9.871560e+03 9.875697e+03
8.5 1.007133e+04 9.864468e+03 9.820837e+03 1.002770e+04
9.5 9.984999e+03 9.849749e+03 9.787218e+03 9.922467e+03
10.5 1.001693e+04 9.842522e+03 9.767209e+03 9.941615e+03
11.5 9.882102e+03 9.840532e+03 9.757322e+03 9.798891e+03
12.5 9.850068e+03 9.842062e+03 9.754609e+03 9.762615e+03
13.5 1.002408e+04 9.845792e+03 9.756723e+03 9.935007e+03
14.5 9.892039e+03 9.850695e+03 9.761817e+03 9.803160e+03
15.5 9.970368e+03 9.855993e+03 9.768456e+03 9.882831e+03
16.5 1.011227e+04 9.861128e+03 9.775563e+03 1.002671e+04
17.5 1.001352e+04 9.865747e+03 9.782388e+03 9.930162e+03
18.5 9.825954e+03 9.869672e+03 9.788467e+03 9.744749e+03
19.5 9.793671e+03 9.872862e+03 9.793573e+03 9.714382e+03
20.5 9.890943e+03 9.876428e+03 9.797666e+03 9.812181e+03
21.5 9.808708e+03 9.887454e+03 9.803171e+03 9.724425e+03
22.5 9.868382e+03 9.914130e+03 9.824756e+03 9.779008e+03
23.5 9.889104e+03 9.950500e+03 9.876985e+03 9.815590e+03
24.5 9.856258e+03 9.981396e+03 9.955325e+03 9.830187e+03
25.5 9.960603e+03 9.998378e+03 1.004240e+04 1.000462e+04
26.5 9.863178e+03 1.000238e+04 1.012179e+04 9.982580e+03
27.5 9.883955e+03 9.998452e+03 1.018463e+04 1.007014e+04
28.5 9.787490e+03 9.991293e+03 1.022913e+04 1.002533e+04
29.5 9.952672e+03 9.983743e+03 1.025750e+04 1.022642e+04
30.5 1.003033e+04 9.975947e+03 1.027324e+04 1.032763e+04
31.5 1.010982e+04 9.961223e+03 1.027745e+04 1.042605e+04
32.5 1.007153e+04 9.931456e+03 1.025839e+04 1.039846e+04
33.5 1.004546e+04 9.892613e+03 1.020384e+04 1.035669e+04
34.5 9.843102e+03 9.859867e+03 1.012019e+04 1.010342e+04
35.5 9.807935e+03 9.841649e+03 1.002625e+04 9.992536e+03
36.5 9.642893e+03 9.836973e+03 9.939510e+03 9.745429e+03
37.5 9.781612e+03 9.840710e+03 9.869580e+03 9.810482e+03
38.5 9.970975e+03 9.848037e+03 9.818727e+03 9.941665e+03
39.5 9.872216e+03 9.855995e+03 9.784975e+03 9.801196e+03
40.5 9.955325e+03 9.863268e+03 9.764831e+03 9.856888e+03
41.5 9.931146e+03 9.869470e+03 9.754806e+03 9.816482e+03
42.5 9.914068e+03 9.874582e+03 9.751952e+03 9.791438e+03
43.5 9.821849e+03 9.878676e+03 9.753921e+03 9.697094e+03
44.5 9.727921e+03 9.881828e+03 9.758867e+03 9.604960e+03
45.5 9.787915e+03 9.884127e+03 9.765354e+03 9.669143e+03
46.5 9.768241e+03 9.885685e+03 9.772306e+03 9.654862e+03
47.5 9.843323e+03 9.886645e+03 9.778972e+03 9.735650e+03
48.5 1.010051e+04 9.887158e+03 9.784888e+03 9.998241e+03
49.5 9.955392e+03 9.887374e+03 9.789826e+03 9.857844e+03
50.5 9.872170e+03 9.888051e+03 9.793746e+03 9.777866e+03
51.5 9.718875e+03 9.894783e+03 9.799074e+03 9.623166e+03
52.5 9.883712e+03 9.920841e+03 9.820478e+03 9.783349e+03
53.5 1.003093e+04 9.971029e+03 9.872520e+03 9.932422e+03
54.5 1.007056e+04 1.003362e+04 9.950667e+03 9.987604e+03
55.5 1.012123e+04 1.009343e+04 1.003754e+04 1.006534e+04
0.5 1.003033e+04 9.975947e+03 1.027324e+04 1.032763e+04
1.5 1.010982e+04 9.961223e+03 1.027745e+04 1.042605e+04
2.5 1.007153e+04 9.931456e+03 1.025839e+04 1.039846e+04
3.5 1.004546e+04 9.892613e+03 1.020384e+04 1.035669e+04
4.5 9.843102e+03 9.859867e+03 1.012019e+04 1.010342e+04
5.5 9.807935e+03 9.841649e+03 1.002625e+04 9.992536e+03
6.5 9.642893e+03 9.836973e+03 9.939510e+03 9.745429e+03
7.5 9.781612e+03 9.840710e+03 9.869580e+03 9.810482e+03
8.5 9.970975e+03 9.848037e+03 9.818727e+03 9.941665e+03
9.5 9.872216e+03 9.855995e+03 9.784975e+03 9.801196e+03
10.5 9.955325e+03 9.863268e+03 9.764831e+03 9.856888e+03
11.5 9.931146e+03 9.869470e+03 9.754806e+03 9.816482e+03
12.5 9.914068e+03 9.874582e+03 9.751952e+03 9.791438e+03
13.5 9.821849e+03 9.878676e+03 9.753921e+03 9.697094e+03
14.5 9.727921e+03 9.881828e+03 9.758867e+03 9.604960e+03
15.5 9.787915e+03 9.884127e+03 9.765354e+03 9.669143e+03
16.5 9.768241e+03 9.885685e+03 9.772306e+03 9.654862e+03
17.5 9.843323e+03 9.886645e+03 9.778972e+03 9.735650e+03
18.5 1.010051e+04 9.887158e+03 9.784888e+03 9.998241e+03
19.5 9.955392e+03 9.887374e+03 9.789826e+03 9.857844e+03
20.5 9.872170e+03 9.888051e+03 9.793746e+03 9.777866e+03
21.5 9.718875e+03 9.894783e+03 9.799074e+03 9.623166e+03
22.5 9.883712e+03 9.920841e+03 9.820478e+03 9.783349e+03
23.5 1.003093e+04 9.971029e+03 9.872520e+03 9.932422e+03
24.5 1.007056e+04 1.003362e+04 9.950667e+03 9.987604e+03
25.5 1.012123e+04 1.009343e+04 1.003754e+04 1.006534e+04
26.5 1.016129e+04 1.014134e+04 1.011673e+04 1.013667e+04
27.5 1.014575e+04 1.017512e+04 1.017933e+04 1.014996e+04
28.5 1.004708e+04 1.019653e+04 1.022358e+04 1.007413e+04
29.5 1.012292e+04 1.020844e+04 1.025168e+04 1.016616e+04
30.5 1.012059e+04 1.021294e+04 1.026716e+04 1.017481e+04
31.5 1.026209e+04 1.020669e+04 1.027108e+04 1.032648e+04
32.5 1.024514e+04 1.017808e+04 1.025173e+04 1.031879e+04
33.5 9.906716e+03 1.012355e+04 1.019688e+04 9.980046e+03
34.5 9.982539e+03 1.005578e+04 1.011293e+04 1.003969e+04
35.5 9.798798e+03 9.990666e+03 1.001870e+04 9.826830e+03
36.5 9.821465e+03 9.937760e+03 9.931670e+03 9.815375e+03
37.5 9.753216e+03 9.899599e+03 9.861461e+03 9.715077e+03
38.5 9.823100e+03 9.874639e+03 9.810335e+03 9.758795e+03
39.5 9.781024e+03 9.859980e+03 9.776312e+03 9.697356e+03
40.5 9.819868e+03 9.852817e+03 9.755898e+03 9.722949e+03
41.5 9.708701e+03 9.850895e+03 9.745600e+03 9.603406e+03
42.5 9.745465e+03 9.852493e+03 9.742467e+03 9.635439e+03
43.5 9.702289e+03 9.856292e+03 9.744151e+03 9.590148e+03
44.5 9.671891e+03 9.861265e+03 9.748802e+03 9.559428e+03
45.5 9.709387e+03 9.866634e+03 9.754985e+03 9.597738e+03
46.5 9.775072e+03 9.871840e+03 9.761623e+03 9.664855e+03
47.5 9.915147e+03 9.876532e+03 9.767963e+03 9.806578e+03
48.5 9.829377e+03 9.880532e+03 9.773540e+03 9.722385e+03
49.5 9.853501e+03 9.883800e+03 9.778129e+03 9.747830e+03
50.5 9.915406e+03 9.887446e+03 9.781687e+03 9.809647e+03
51.5 1.011624e+04 9.898555e+03 9.786642e+03 1.000433e+04
52.5 9.975719e+03 9.925315e+03 9.807658e+03 9.858062e+03
53.5 1.001124e+04 9.961760e+03 9.859292e+03 9.908771e+03
54.5 1.011304e+04 9.992719e+03 9.936995e+03 1.005732e+04
55.5 1.007174e+04 1.000975e+04 1.002337e+04 1.008535e+04
0.5 1.012059e+04 1.021294e+04 1.026716e+04 1.017481e+04
1.5 1.026209e+04 1.020669e+04 1.027108e+04 1.032648e+04
2.5 1.024514e+04 1.017808e+04 1.025173e+04 1.031879e+04
3.5 9.906716e+03 1.012355e+04 1.019688e+04 9.980046e+03
4.5 9.982539e+03 1.005578e+04 1.011293e+04 1.003969e+04
5.5 9.798798e+03 9.990666e+03 1.001870e+04 9.826830e+03
6.5 9.821465e+03 9.937760e+03 9.931670e+03 9.815375e+03
7.5 9.753216e+03 9.899599e+03 9.861461e+03 9.715077e+03
8.5 9.823100e+03 9.874639e+03 9.810335e+03 9.758795e+03
9.5 9.781024e+03 9.859980e+03 9.776312e+03 9.697356e+03
10.5 9.819868e+03 9.852817e+03 9.755898e+03 9.722949e+03
11.5 9.708701e+03 9.850895e+03 9.745600e+03 9.603406e+03
12.5 9.745465e+03 9.852493e+03 9.742467e+03 9.635439e+03
13.5 9.702289e+03 9.856292e+03 9.744151e+03 9.590148e+03
14.5 9.671891e+03 9.861265e+03 9.748802e+03 9.559428e+03
15.5 9.709387e+03 9.866634e+03 9.754985e+03 9.597738e+03
16.5 9.775072e+03 9.871840e+03 9.761623e+03 9.664855e+03
17.5 9.915147e+03 9.876532e+03 9.767963e+03 9.806578e+03
18.5 9.829377e+03 9.880532e+03 9.773540e+03 9.722385e+03
19.5 9.853501e+03 9.883800e+03 9.778129e+03 9.747830e+03
20.5 9.915406e+03 9.887446e+03 9.781687e+03 9.809647e+03
21.5 1.011624e+04 9.898555e+03 9.786642e+03 1.000433e+04
22.5 9.975719e+03 9.925315e+03 9.807658e+03 9.858062e+03
23.5 1.001124e+04 9.961760e+03 9.859292e+03 9.908771e+03
24.5 1.011304e+04 9.992719e+03 9.936995e+03 1.005732e+04
25.5 1.007174e+04 1.000975e+04 1.002337e+04 1.008535e+04
26.5 1.009485e+04 1.001380e+04 1.010200e+04 1.018305e+04
27.5 1.000050e+04 1.000991e+04 1.016401e+04 1.015461e+04
28.5 1.001326e+04 1.000280e+04 1.020762e+04 1.021808e+04
29.5 1.008131e+04 9.995310e+03 1.023504e+04 1.032104e+04
30.5 1.008278e+04 9.990126e+03 1.024980e+04 1.034245e+04
