0.5 8.963346e+03 8.838316e+03 8.914581e+03 9.039611e+03
1.5 8.966578e+03 8.837902e+03 8.914087e+03 9.042764e+03
2.5 9.046197e+03 8.827521e+03 8.907870e+03 9.126547e+03
3.5 8.941987e+03 8.803407e+03 8.891059e+03 9.029640e+03
4.5 8.833053e+03 8.770375e+03 8.865239e+03 8.927917e+03
5.5 8.904471e+03 8.736520e+03 8.836328e+03 9.004280e+03
6.5 8.936938e+03 8.707722e+03 8.809913e+03 9.039129e+03
7.5 8.696648e+03 8.686293e+03 8.789016e+03 8.799372e+03
8.5 8.497294e+03 8.672031e+03 8.774269e+03 8.599532e+03
9.5 8.925972e+03 8.663628e+03 8.764939e+03 9.027283e+03
10.5 8.856116e+03 8.659794e+03 8.759845e+03 8.956167e+03
11.5 8.853952e+03 8.661431e+03 8.758632e+03 8.951153e+03
12.5 8.900004e+03 8.674336e+03 8.765268e+03 8.990935e+03
13.5 8.859357e+03 8.701785e+03 8.783885e+03 8.941457e+03
14.5 8.663875e+03 8.738563e+03 8.812328e+03 8.737640e+03
15.5 8.667914e+03 8.776249e+03 8.844237e+03 8.735902e+03
16.5 8.665369e+03 8.808709e+03 8.873703e+03 8.730363e+03
17.5 8.608291e+03 8.833456e+03 8.897475e+03 8.672310e+03
18.5 8.584535e+03 8.850595e+03 8.914788e+03 8.648729e+03
19.5 8.513914e+03 8.861403e+03 8.926311e+03 8.578822e+03
20.5 8.666509e+03 8.867396e+03 8.933224e+03 8.732336e+03
21.5 9.117548e+03 8.869910e+03 8.936706e+03 9.184344e+03
22.5 8.814381e+03 8.870013e+03 8.937755e+03 8.882123e+03
23.5 8.930337e+03 8.868540e+03 8.937163e+03 8.998960e+03
24.5 9.186098e+03 8.866145e+03 8.935556e+03 9.255509e+03
25.5 9.075809e+03 8.863329e+03 8.933418e+03 9.145897e+03
26.5 8.892835e+03 8.860460e+03 8.931113e+03 8.963487e+03
27.5 8.862984e+03 8.857784e+03 8.928895e+03 8.934096e+03
28.5 9.154146e+03 8.855437e+03 8.926921e+03 9.225631e+03
29.5 8.847843e+03 8.853474e+03 8.925269e+03 8.919638e+03
30.5 9.033989e+03 8.851681e+03 8.923950e+03 9.106259e+03
31.5 8.811519e+03 8.847824e+03 8.922147e+03 8.885841e+03
32.5 8.973437e+03 8.835040e+03 8.914899e+03 9.053295e+03
33.5 8.860361e+03 8.809220e+03 8.897285e+03 8.948426e+03
34.5 8.751170e+03 8.774924e+03 8.870836e+03 8.847082e+03
35.5 8.727744e+03 8.740067e+03 8.841428e+03 8.829105e+03
36.5 8.557552e+03 8.710418e+03 8.814609e+03 8.661743e+03
37.5 8.363794e+03 8.688223e+03 8.793375e+03 8.468946e+03
38.5 8.498669e+03 8.673240e+03 8.778335e+03 8.603764e+03
39.5 8.633313e+03 8.664135e+03 8.768744e+03 8.737923e+03
40.5 8.444690e+03 8.659605e+03 8.763409e+03 8.548494e+03
41.5 8.714988e+03 8.660551e+03 8.761970e+03 8.816407e+03
42.5 8.735836e+03 8.672766e+03 8.768389e+03 8.831459e+03
43.5 8.650681e+03 8.699525e+03 8.786796e+03 8.737952e+03
44.5 8.942498e+03 8.735615e+03 8.815034e+03 9.021917e+03
45.5 8.843941e+03 8.772619e+03 8.846744e+03 8.918067e+03
0.5 9.033989e+03 8.851681e+03 8.923950e+03 9.106259e+03
1.5 8.811519e+03 8.847824e+03 8.922147e+03 8.885841e+03
2.5 8.973437e+03 8.835040e+03 8.914899e+03 9.053295e+03
3.5 8.860361e+03 8.809220e+03 8.897285e+03 8.948426e+03
4.5 8.751170e+03 8.774924e+03 8.870836e+03 8.847082e+03
5.5 8.727744e+03 8.740067e+03 8.841428e+03 8.829105e+03
6.5 8.557552e+03 8.710418e+03 8.814609e+03 8.661743e+03
7.5 8.363794e+03 8.688223e+03 8.793375e+03 8.468946e+03
8.5 8.498669e+03 8.673240e+03 8.778335e+03 8.603764e+03
9.5 8.633313e+03 8.664135e+03 8.768744e+03 8.737923e+03
10.5 8.444690e+03 8.659605e+03 8.763409e+03 8.548494e+03
11.5 8.714988e+03 8.660551e+03 8.761970e+03 8.816407e+03
12.5 8.735836e+03 8.672766e+03 8.768389e+03 8.831459e+03
13.5 8.650681e+03 8.699525e+03 8.786796e+03 8.737952e+03
14.5 8.942498e+03 8.735615e+03 8.815034e+03 9.021917e+03
15.5 8.843941e+03 8.772619e+03 8.846744e+03 8.918067e+03
16.5 8.737314e+03 8.804403e+03 8.876013e+03 8.808925e+03
17.5 8.795004e+03 8.828474e+03 8.899593e+03 8.866123e+03
18.5 8.668455e+03 8.844938e+03 8.916717e+03 8.740234e+03
19.5 8.961584e+03 8.855077e+03 8.928054e+03 9.034561e+03
20.5 8.897841e+03 8.860405e+03 8.934783e+03 8.972219e+03
21.5 9.066284e+03 8.862259e+03 8.938085e+03 9.142110e+03
22.5 8.985842e+03 8.861708e+03 8.938957e+03 9.063090e+03
23.5 8.935804e+03 8.859588e+03 8.938191e+03 9.014407e+03
24.5 8.960420e+03 8.856551e+03 8.936413e+03 9.040282e+03
25.5 9.169129e+03 8.853099e+03 8.934107e+03 9.250137e+03
26.5 8.893282e+03 8.849601e+03 8.931638e+03 8.975319e+03
27.5 9.096713e+03 8.846301e+03 8.929259e+03 9.179671e+03
28.5 9.028646e+03 8.843337e+03 8.927127e+03 9.112436e+03
29.5 8.980924e+03 8.840781e+03 8.925319e+03 9.065462e+03
30.5 9.001281e+03 8.843120e+03 8.923852e+03 9.082013e+03
31.5 9.057267e+03 8.881605e+03 8.922703e+03 9.098365e+03
32.5 9.302456e+03 9.001875e+03 8.921828e+03 9.222409e+03
33.5 9.312891e+03 9.189973e+03 8.921174e+03 9.044092e+03
34.5 9.437630e+03 9.377863e+03 8.920691e+03 8.980458e+03
35.5 9.369249e+03 9.515532e+03 8.920333e+03 8.774050e+03
36.5 9.651797e+03 9.593287e+03 8.920063e+03 8.978574e+03
37.5 9.382812e+03 9.624902e+03 8.919855e+03 8.677765e+03
38.5 9.304463e+03 9.628523e+03 8.919686e+03 8.595626e+03
39.5 9.601473e+03 9.617714e+03 8.919543e+03 8.903301e+03
40.5 9.642962e+03 9.595843e+03 8.919415e+03 8.966534e+03
41.5 9.492735e+03 9.535606e+03 8.919297e+03 8.876426e+03
42.5 9.638515e+03 9.393381e+03 8.919182e+03 9.164316e+03
43.5 9.375864e+03 9.184377e+03 8.919070e+03 9.110557e+03
44.5 9.141409e+03 8.977541e+03 8.918957e+03 9.082826e+03
45.5 8.960230e+03 8.823498e+03 8.918844e+03 9.055576e+03
0.5 8.895464e+03 8.802281e+03 8.916911e+03 9.010094e+03
1.5 8.647522e+03 8.800016e+03 8.915963e+03 8.763470e+03
2.5 8.615611e+03 8.787779e+03 8.909298e+03 8.737130e+03
3.5 8.414531e+03 8.761804e+03 8.892046e+03 8.544772e+03
4.5 8.615879e+03 8.726906e+03 8.865790e+03 8.754762e+03
5.5 8.671994e+03 8.691178e+03 8.836450e+03 8.817266e+03
6.5 8.653720e+03 8.660454e+03 8.809612e+03 8.802878e+03
7.5 8.527065e+03 8.637082e+03 8.788294e+03 8.678277e+03
8.5 8.499162e+03 8.620910e+03 8.773129e+03 8.651382e+03
9.5 8.506408e+03 8.610587e+03 8.763389e+03 8.659211e+03
10.5 8.501279e+03 8.604821e+03 8.757889e+03 8.654347e+03
11.5 8.616235e+03 8.604516e+03 8.756276e+03 8.767995e+03
12.5 8.821254e+03 8.615469e+03 8.762516e+03 8.968300e+03
13.5 8.667146e+03 8.640960e+03 8.780742e+03 8.806929e+03
14.5 8.796692e+03 8.675774e+03 8.808799e+03 8.929717e+03
15.5 8.815848e+03 8.711488e+03 8.840327e+03 8.944687e+03
16.5 8.494642e+03 8.741960e+03 8.869415e+03 8.622097e+03
17.5 8.532188e+03 8.764699e+03 8.892815e+03 8.660304e+03
18.5 8.951273e+03 8.779802e+03 8.909759e+03 9.081230e+03
19.5 8.924207e+03 8.788547e+03 8.920916e+03 9.056576e+03
20.5 8.890523e+03 8.792447e+03 8.927467e+03 9.025543e+03
21.5 8.708526e+03 8.792837e+03 8.930591e+03 8.846280e+03
22.5 8.919362e+03 8.790785e+03 8.931284e+03 9.059862e+03
23.5 8.746343e+03 8.787124e+03 8.930340e+03 8.889558e+03
24.5 8.492780e+03 8.782508e+03 8.928382e+03 8.638654e+03
25.5 8.712613e+03 8.777436e+03 8.925896e+03 8.861073e+03
26.5 8.689952e+03 8.772275e+03 8.923245e+03 8.840923e+03
27.5 8.845740e+03 8.767267e+03 8.920683e+03 8.999157e+03
28.5 8.734379e+03 8.762549e+03 8.918367e+03 8.890196e+03
29.5 8.789116e+03 8.758191e+03 8.916372e+03 8.947297e+03
30.5 8.896750e+03 8.758678e+03 8.914716e+03 9.052788e+03
31.5 8.724603e+03 8.795254e+03 8.913375e+03 8.842723e+03
32.5 9.068689e+03 8.913543e+03 8.912305e+03 9.067451e+03
33.5 9.055654e+03 9.099543e+03 8.911453e+03 8.867564e+03
34.5 9.392978e+03 9.285174e+03 8.910767e+03 9.018571e+03
35.5 9.386281e+03 9.420411e+03 8.910204e+03 8.876073e+03
36.5 9.419810e+03 9.495577e+03 8.909724e+03 8.833956e+03
37.5 9.386106e+03 9.524467e+03 8.909300e+03 8.770939e+03
38.5 9.557233e+03 9.525250e+03 8.908911e+03 8.940894e+03
39.5 9.154147e+03 9.511510e+03 8.908542e+03 8.551180e+03
40.5 9.366132e+03 9.488764e+03 8.908184e+03 8.785551e+03
