0.5 8.531880e+03 8.528509e+03 8.556695e+03 8.560066e+03
1.5 8.540089e+03 8.531005e+03 8.550302e+03 8.559386e+03
2.5 8.530890e+03 8.539833e+03 8.534336e+03 8.525392e+03
3.5 8.592517e+03 8.556654e+03 8.515159e+03 8.551021e+03
4.5 8.617542e+03 8.577626e+03 8.503332e+03 8.543248e+03
5.5 8.621716e+03 8.597705e+03 8.502768e+03 8.526778e+03
6.5 8.613944e+03 8.613851e+03 8.510628e+03 8.510721e+03
7.5 8.643130e+03 8.625290e+03 8.522061e+03 8.539900e+03
8.5 8.645903e+03 8.632565e+03 8.533392e+03 8.546729e+03
9.5 8.690755e+03 8.636642e+03 8.542847e+03 8.596960e+03
10.5 8.655165e+03 8.638229e+03 8.550794e+03 8.567730e+03
11.5 8.661692e+03 8.636238e+03 8.562276e+03 8.587730e+03
12.5 8.621100e+03 8.626816e+03 8.581681e+03 8.575965e+03
13.5 8.595559e+03 8.608733e+03 8.603014e+03 8.589841e+03
14.5 8.565136e+03 8.586159e+03 8.616008e+03 8.594985e+03
15.5 8.538367e+03 8.564386e+03 8.616989e+03 8.590970e+03
16.5 8.489625e+03 8.546630e+03 8.609005e+03 8.551999e+03
17.5 8.504053e+03 8.533774e+03 8.597096e+03 8.567375e+03
18.5 8.488792e+03 8.525327e+03 8.585095e+03 8.548561e+03
19.5 8.445654e+03 8.520332e+03 8.574908e+03 8.500230e+03
20.5 8.459556e+03 8.517856e+03 8.567034e+03 8.508734e+03
21.5 8.500187e+03 8.517144e+03 8.561293e+03 8.544335e+03
22.5 8.512486e+03 8.517619e+03 8.557304e+03 8.552171e+03
23.5 8.504203e+03 8.518837e+03 8.554705e+03 8.540070e+03
24.5 8.523101e+03 8.520454e+03 8.553192e+03 8.555839e+03
25.5 8.484350e+03 8.522206e+03 8.552511e+03 8.514654e+03
26.5 8.452357e+03 8.523906e+03 8.552434e+03 8.480885e+03
27.5 8.511253e+03 8.525436e+03 8.552760e+03 8.538577e+03
28.5 8.518394e+03 8.526734e+03 8.553314e+03 8.544974e+03
29.5 8.535401e+03 8.527786e+03 8.553956e+03 8.561571e+03
30.5 8.555033e+03 8.528812e+03 8.553809e+03 8.580030e+03
31.5 8.568270e+03 8.531654e+03 8.548007e+03 8.584623e+03
32.5 8.585239e+03 8.540740e+03 8.532536e+03 8.577036e+03
33.5 8.590522e+03 8.557742e+03 8.513753e+03 8.546533e+03
34.5 8.567611e+03 8.578834e+03 8.502227e+03 8.491003e+03
35.5 8.574616e+03 8.598987e+03 8.501883e+03 8.477512e+03
36.5 8.566732e+03 8.615171e+03 8.509899e+03 8.461460e+03
37.5 8.583835e+03 8.626625e+03 8.521442e+03 8.478652e+03
38.5 8.617467e+03 8.633898e+03 8.532848e+03 8.516416e+03
39.5 8.613693e+03 8.637963e+03 8.542353e+03 8.518083e+03
40.5 8.632738e+03 8.639531e+03 8.550335e+03 8.543542e+03
41.5 8.636064e+03 8.637518e+03 8.561840e+03 8.560387e+03
42.5 8.652974e+03 8.628072e+03 8.581262e+03 8.606164e+03
43.5 8.645992e+03 8.609963e+03 8.602607e+03 8.638636e+03
44.5 8.644157e+03 8.587365e+03 8.615610e+03 8.672402e+03
45.5 8.625277e+03 8.565568e+03 8.616599e+03 8.676308e+03
0.5 8.555033e+03 8.528812e+03 8.553809e+03 8.580030e+03
1.5 8.568270e+03 8.531654e+03 8.548007e+03 8.584623e+03
2.5 8.585239e+03 8.540740e+03 8.532536e+03 8.577036e+03
3.5 8.590522e+03 8.557742e+03 8.513753e+03 8.546533e+03
4.5 8.567611e+03 8.578834e+03 8.502227e+03 8.491003e+03
5.5 8.574616e+03 8.598987e+03 8.501883e+03 8.477512e+03
6.5 8.566732e+03 8.615171e+03 8.509899e+03 8.461460e+03
7.5 8.583835e+03 8.626625e+03 8.521442e+03 8.478652e+03
8.5 8.617467e+03 8.633898e+03 8.532848e+03 8.516416e+03
9.5 8.613693e+03 8.637963e+03 8.542353e+03 8.518083e+03
10.5 8.632738e+03 8.639531e+03 8.550335e+03 8.543542e+03
11.5 8.636064e+03 8.637518e+03 8.561840e+03 8.560387e+03
12.5 8.652974e+03 8.628072e+03 8.581262e+03 8.606164e+03
13.5 8.645992e+03 8.609963e+03 8.602607e+03 8.638636e+03
14.5 8.644157e+03 8.587365e+03 8.615610e+03 8.672402e+03
15.5 8.625277e+03 8.565568e+03 8.616599e+03 8.676308e+03
16.5 8.577605e+03 8.547789e+03 8.608624e+03 8.638440e+03
17.5 8.576422e+03 8.534910e+03 8.596721e+03 8.638232e+03
18.5 8.597100e+03 8.526441e+03 8.584727e+03 8.655385e+03
19.5 8.609775e+03 8.521426e+03 8.574545e+03 8.662894e+03
20.5 8.583482e+03 8.518930e+03 8.566678e+03 8.631230e+03
21.5 8.534185e+03 8.518199e+03 8.560942e+03 8.576928e+03
22.5 8.513542e+03 8.518656e+03 8.556960e+03 8.551846e+03
23.5 8.498225e+03 8.519856e+03 8.554367e+03 8.532735e+03
24.5 8.524410e+03 8.521455e+03 8.552860e+03 8.555815e+03
25.5 8.551053e+03 8.523191e+03 8.552185e+03 8.580047e+03
26.5 8.563044e+03 8.524876e+03 8.552115e+03 8.590283e+03
27.5 8.549821e+03 8.526390e+03 8.552447e+03 8.575878e+03
28.5 8.532193e+03 8.527673e+03 8.553007e+03 8.557528e+03
29.5 8.511999e+03 8.528710e+03 8.553659e+03 8.536947e+03
30.5 8.532536e+03 8.529880e+03 8.554305e+03 8.556962e+03
31.5 8.545332e+03 8.533779e+03 8.554885e+03 8.566437e+03
32.5 8.531315e+03 8.544371e+03 8.555370e+03 8.542314e+03
33.5 8.565101e+03 8.560796e+03 8.555754e+03 8.560059e+03
34.5 8.556177e+03 8.577515e+03 8.556044e+03 8.534706e+03
35.5 8.581817e+03 8.590241e+03 8.556253e+03 8.547829e+03
36.5 8.591480e+03 8.597954e+03 8.556399e+03 8.549926e+03
37.5 8.581949e+03 8.601644e+03 8.556498e+03 8.536804e+03
38.5 8.616391e+03 8.602761e+03 8.556563e+03 8.570193e+03
39.5 8.596256e+03 8.602445e+03 8.556603e+03 8.550414e+03
40.5 8.614550e+03 8.601029e+03 8.556627e+03 8.570149e+03
41.5 8.612083e+03 8.596325e+03 8.556640e+03 8.572399e+03
42.5 8.612155e+03 8.584623e+03 8.556646e+03 8.584178e+03
43.5 8.588442e+03 8.566962e+03 8.556648e+03 8.578128e+03
44.5 8.564879e+03 8.549020e+03 8.556647e+03 8.572507e+03
45.5 8.525046e+03 8.535184e+03 8.556646e+03 8.546508e+03
0.5 8.558506e+03 8.531587e+03 8.555798e+03 8.582717e+03
1.5 8.533151e+03 8.533998e+03 8.549418e+03 8.548572e+03
2.5 8.552639e+03 8.542743e+03 8.533465e+03 8.543361e+03
3.5 8.571754e+03 8.559483e+03 8.514300e+03 8.526571e+03
4.5 8.606940e+03 8.580376e+03 8.502485e+03 8.529050e+03
5.5 8.612619e+03 8.600377e+03 8.501934e+03 8.514175e+03
6.5 8.607606e+03 8.616428e+03 8.509801e+03 8.500979e+03
7.5 8.626989e+03 8.627760e+03 8.521241e+03 8.520470e+03
8.5 8.611563e+03 8.634946e+03 8.532583e+03 8.509200e+03
9.5 8.591927e+03 8.638933e+03 8.542048e+03 8.495043e+03
10.5 8.626766e+03 8.640430e+03 8.550006e+03 8.536342e+03
11.5 8.614859e+03 8.638349e+03 8.561499e+03 8.538009e+03
12.5 8.602294e+03 8.628838e+03 8.580913e+03 8.554370e+03
13.5 8.626804e+03 8.610669e+03 8.602256e+03 8.618391e+03
14.5 8.581143e+03 8.588018e+03 8.615258e+03 8.608384e+03
15.5 8.534824e+03 8.566176e+03 8.616248e+03 8.584897e+03
16.5 8.532464e+03 8.548357e+03 8.608273e+03 8.592381e+03
17.5 8.531030e+03 8.535442e+03 8.596372e+03 8.591960e+03
18.5 8.512200e+03 8.526939e+03 8.584380e+03 8.569640e+03
19.5 8.516503e+03 8.521890e+03 8.574200e+03 8.568813e+03
20.5 8.536656e+03 8.519359e+03 8.566333e+03 8.583630e+03
21.5 8.521294e+03 8.518592e+03 8.560597e+03 8.563299e+03
22.5 8.498485e+03 8.519011e+03 8.556615e+03 8.536089e+03
23.5 8.508975e+03 8.520172e+03 8.554021e+03 8.542824e+03
24.5 8.484002e+03 8.521731e+03 8.552513e+03 8.514784e+03
25.5 8.505033e+03 8.523424e+03 8.551836e+03 8.533446e+03
26.5 8.483266e+03 8.525064e+03 8.551763e+03 8.509965e+03
27.5 8.499854e+03 8.526533e+03 8.552092e+03 8.525413e+03
28.5 8.504286e+03 8.527768e+03 8.552649e+03 8.529167e+03
29.5 8.512181e+03 8.528756e+03 8.553297e+03 8.536721e+03
30.5 8.517273e+03 8.529875e+03 8.553938e+03 8.541335e+03
31.5 8.515055e+03 8.533723e+03 8.554512e+03 8.535844e+03
32.5 8.547588e+03 8.544261e+03 8.554991e+03 8.558318e+03
33.5 8.588607e+03 8.560625e+03 8.555368e+03 8.583350e+03
34.5 8.579552e+03 8.577275e+03 8.555651e+03 8.557928e+03
35.5 8.608065e+03 8.589920e+03 8.555852e+03 8.573997e+03
36.5 8.587451e+03 8.597543e+03 8.555989e+03 8.545898e+03
37.5 8.606617e+03 8.601136e+03 8.556079e+03 8.561560e+03
38.5 8.596705e+03 8.602151e+03 8.556133e+03 8.550687e+03
39.5 8.598323e+03 8.601733e+03 8.556163e+03 8.552752e+03
40.5 8.581306e+03 8.601205e+03 8.556175e+03 8.536277e+03
