0.5 1.057250e+04 1.069973e+04 1.076074e+04 1.063351e+04
1.5 1.071866e+04 1.068458e+04 1.074660e+04 1.078068e+04
2.5 1.061916e+04 1.065143e+04 1.071137e+04 1.067911e+04
3.5 1.070084e+04 1.061697e+04 1.066916e+04 1.075303e+04
4.5 1.067159e+04 1.060366e+04 1.064327e+04 1.071121e+04
5.5 1.068006e+04 1.061690e+04 1.064229e+04 1.070546e+04
6.5 1.051673e+04 1.064738e+04 1.065990e+04 1.052926e+04
7.5 1.068703e+04 1.068274e+04 1.068534e+04 1.068963e+04
8.5 1.063404e+04 1.071453e+04 1.071050e+04 1.063001e+04
9.5 1.075840e+04 1.073924e+04 1.073146e+04 1.075062e+04
10.5 1.077658e+04 1.075659e+04 1.074732e+04 1.076731e+04
11.5 1.080112e+04 1.076775e+04 1.075861e+04 1.079198e+04
12.5 1.094846e+04 1.077412e+04 1.076624e+04 1.094058e+04
13.5 1.076414e+04 1.077691e+04 1.077102e+04 1.075824e+04
14.5 1.094779e+04 1.077710e+04 1.077360e+04 1.094429e+04
15.5 1.074242e+04 1.077543e+04 1.077453e+04 1.074151e+04
16.5 1.079300e+04 1.077257e+04 1.077427e+04 1.079470e+04
17.5 1.070841e+04 1.076903e+04 1.077322e+04 1.071261e+04
18.5 1.078700e+04 1.076526e+04 1.077176e+04 1.079350e+04
19.5 1.088223e+04 1.076155e+04 1.077016e+04 1.089084e+04
20.5 1.098493e+04 1.075848e+04 1.077034e+04 1.099679e+04
21.5 1.094808e+04 1.075898e+04 1.078303e+04 1.097214e+04
22.5 1.092070e+04 1.076852e+04 1.081703e+04 1.096921e+04
23.5 1.092809e+04 1.078774e+04 1.085823e+04 1.099859e+04
24.5 1.075852e+04 1.081050e+04 1.088332e+04 1.083134e+04
25.5 1.080323e+04 1.083059e+04 1.088369e+04 1.085633e+04
26.5 1.070970e+04 1.084513e+04 1.086562e+04 1.073019e+04
27.5 1.080209e+04 1.085412e+04 1.083984e+04 1.078781e+04
28.5 1.072269e+04 1.085874e+04 1.081443e+04 1.067838e+04
29.5 1.076197e+04 1.086032e+04 1.079327e+04 1.069492e+04
30.5 1.071105e+04 1.085955e+04 1.077554e+04 1.062704e+04
31.5 1.063628e+04 1.085430e+04 1.075003e+04 1.053201e+04
32.5 1.082835e+04 1.083964e+04 1.070715e+04 1.069586e+04
33.5 1.076235e+04 1.081530e+04 1.066020e+04 1.060725e+04
34.5 1.081799e+04 1.078762e+04 1.063178e+04 1.066215e+04
35.5 1.084415e+04 1.076298e+04 1.062993e+04 1.071110e+04
36.5 1.079090e+04 1.074432e+04 1.064785e+04 1.069443e+04
37.5 1.075074e+04 1.073168e+04 1.067436e+04 1.069343e+04
38.5 1.075256e+04 1.072385e+04 1.070101e+04 1.072971e+04
39.5 1.078568e+04 1.071946e+04 1.072358e+04 1.078980e+04
40.5 1.071756e+04 1.071740e+04 1.074099e+04 1.074116e+04
41.5 1.081128e+04 1.071688e+04 1.075366e+04 1.084805e+04
42.5 1.077789e+04 1.071735e+04 1.076242e+04 1.082295e+04
43.5 1.081680e+04 1.071840e+04 1.076810e+04 1.086650e+04
44.5 1.078775e+04 1.071971e+04 1.077137e+04 1.083942e+04
45.5 1.077390e+04 1.072102e+04 1.077280e+04 1.082568e+04
46.5 1.062490e+04 1.072219e+04 1.077290e+04 1.067560e+04
47.5 1.067108e+04 1.072313e+04 1.077210e+04 1.072006e+04
48.5 1.061816e+04 1.072378e+04 1.077081e+04 1.066519e+04
49.5 1.052753e+04 1.072417e+04 1.076933e+04 1.057269e+04
50.5 1.087339e+04 1.072409e+04 1.076959e+04 1.091889e+04
51.5 1.073190e+04 1.072319e+04 1.078234e+04 1.079105e+04
52.5 1.070254e+04 1.072660e+04 1.081636e+04 1.079231e+04
53.5 1.070689e+04 1.074243e+04 1.085758e+04 1.082204e+04
54.5 1.080855e+04 1.077182e+04 1.088267e+04 1.091940e+04
55.5 1.085131e+04 1.080843e+04 1.088304e+04 1.092593e+04
0.5 1.071105e+04 1.085955e+04 1.077554e+04 1.062704e+04
1.5 1.063628e+04 1.085430e+04 1.075003e+04 1.053201e+04
2.5 1.082835e+04 1.083964e+04 1.070715e+04 1.069586e+04
3.5 1.076235e+04 1.081530e+04 1.066020e+04 1.060725e+04
4.5 1.081799e+04 1.078762e+04 1.063178e+04 1.066215e+04
5.5 1.084415e+04 1.076298e+04 1.062993e+04 1.071110e+04
6.5 1.079090e+04 1.074432e+04 1.064785e+04 1.069443e+04
7.5 1.075074e+04 1.073168e+04 1.067436e+04 1.069343e+04
8.5 1.075256e+04 1.072385e+04 1.070101e+04 1.072971e+04
9.5 1.078568e+04 1.071946e+04 1.072358e+04 1.078980e+04
10.5 1.071756e+04 1.071740e+04 1.074099e+04 1.074116e+04
11.5 1.081128e+04 1.071688e+04 1.075366e+04 1.084805e+04
12.5 1.077789e+04 1.071735e+04 1.076242e+04 1.082295e+04
13.5 1.081680e+04 1.071840e+04 1.076810e+04 1.086650e+04
14.5 1.078775e+04 1.071971e+04 1.077137e+04 1.083942e+04
15.5 1.077390e+04 1.072102e+04 1.077280e+04 1.082568e+04
16.5 1.062490e+04 1.072219e+04 1.077290e+04 1.067560e+04
17.5 1.067108e+04 1.072313e+04 1.077210e+04 1.072006e+04
18.5 1.061816e+04 1.072378e+04 1.077081e+04 1.066519e+04
19.5 1.052753e+04 1.072417e+04 1.076933e+04 1.057269e+04
20.5 1.087339e+04 1.072409e+04 1.076959e+04 1.091889e+04
21.5 1.073190e+04 1.072319e+04 1.078234e+04 1.079105e+04
22.5 1.070254e+04 1.072660e+04 1.081636e+04 1.079231e+04
23.5 1.070689e+04 1.074243e+04 1.085758e+04 1.082204e+04
24.5 1.080855e+04 1.077182e+04 1.088267e+04 1.091940e+04
25.5 1.085131e+04 1.080843e+04 1.088304e+04 1.092593e+04
26.5 1.098445e+04 1.084431e+04 1.086499e+04 1.100513e+04
27.5 1.087346e+04 1.087419e+04 1.083922e+04 1.083849e+04
28.5 1.093402e+04 1.089620e+04 1.081382e+04 1.085164e+04
29.5 1.102913e+04 1.091075e+04 1.079268e+04 1.091106e+04
30.5 1.094540e+04 1.091946e+04 1.077496e+04 1.080090e+04
31.5 1.099004e+04 1.092427e+04 1.074951e+04 1.081528e+04
32.5 1.089688e+04 1.092143e+04 1.070667e+04 1.068213e+04
33.5 1.082678e+04 1.090389e+04 1.065974e+04 1.058262e+04
34.5 1.087968e+04 1.087139e+04 1.063133e+04 1.063963e+04
35.5 1.103461e+04 1.083092e+04 1.062949e+04 1.083319e+04
36.5 1.072374e+04 1.079091e+04 1.064742e+04 1.058025e+04
37.5 1.080733e+04 1.075700e+04 1.067395e+04 1.072428e+04
38.5 1.092618e+04 1.073129e+04 1.070060e+04 1.089550e+04
39.5 1.057557e+04 1.071349e+04 1.072319e+04 1.058527e+04
40.5 1.048119e+04 1.070224e+04 1.074061e+04 1.051957e+04
41.5 1.076841e+04 1.069599e+04 1.075329e+04 1.082570e+04
42.5 1.058787e+04 1.069336e+04 1.076206e+04 1.065657e+04
43.5 1.053143e+04 1.069323e+04 1.076776e+04 1.060595e+04
44.5 1.066890e+04 1.069472e+04 1.077104e+04 1.074522e+04
45.5 1.050383e+04 1.069713e+04 1.077248e+04 1.057917e+04
46.5 1.064320e+04 1.069993e+04 1.077258e+04 1.071585e+04
47.5 1.055988e+04 1.070274e+04 1.077179e+04 1.062894e+04
48.5 1.057133e+04 1.070530e+04 1.077051e+04 1.063654e+04
49.5 1.069150e+04 1.070748e+04 1.076904e+04 1.075305e+04
50.5 1.063250e+04 1.070901e+04 1.076931e+04 1.069280e+04
51.5 1.068625e+04 1.070948e+04 1.078206e+04 1.075884e+04
52.5 1.089896e+04 1.071403e+04 1.081610e+04 1.100102e+04
53.5 1.075214e+04 1.073080e+04 1.085732e+04 1.087866e+04
54.5 1.083141e+04 1.076096e+04 1.088242e+04 1.095287e+04
55.5 1.080384e+04 1.079820e+04 1.088280e+04 1.088844e+04
0.5 1.094540e+04 1.091946e+04 1.077496e+04 1.080090e+04
1.5 1.099004e+04 1.092427e+04 1.074951e+04 1.081528e+04
2.5 1.089688e+04 1.092143e+04 1.070667e+04 1.068213e+04
3.5 1.082678e+04 1.090389e+04 1.065974e+04 1.058262e+04
4.5 1.087968e+04 1.087139e+04 1.063133e+04 1.063963e+04
5.5 1.103461e+04 1.083092e+04 1.062949e+04 1.083319e+04
6.5 1.072374e+04 1.079091e+04 1.064742e+04 1.058025e+04
7.5 1.080733e+04 1.075700e+04 1.067395e+04 1.072428e+04
8.5 1.092618e+04 1.073129e+04 1.070060e+04 1.089550e+04
9.5 1.057557e+04 1.071349e+04 1.072319e+04 1.058527e+04
10.5 1.048119e+04 1.070224e+04 1.074061e+04 1.051957e+04
11.5 1.076841e+04 1.069599e+04 1.075329e+04 1.082570e+04
12.5 1.058787e+04 1.069336e+04 1.076206e+04 1.065657e+04
13.5 1.053143e+04 1.069323e+04 1.076776e+04 1.060595e+04
14.5 1.066890e+04 1.069472e+04 1.077104e+04 1.074522e+04
15.5 1.050383e+04 1.069713e+04 1.077248e+04 1.057917e+04
16.5 1.064320e+04 1.069993e+04 1.077258e+04 1.071585e+04
17.5 1.055988e+04 1.070274e+04 1.077179e+04 1.062894e+04
18.5 1.057133e+04 1.070530e+04 1.077051e+04 1.063654e+04
19.5 1.069150e+04 1.070748e+04 1.076904e+04 1.075305e+04
20.5 1.063250e+04 1.070901e+04 1.076931e+04 1.069280e+04
21.5 1.068625e+04 1.070948e+04 1.078206e+04 1.075884e+04
22.5 1.089896e+04 1.071403e+04 1.081610e+04 1.100102e+04
23.5 1.075214e+04 1.073080e+04 1.085732e+04 1.087866e+04
24.5 1.083141e+04 1.076096e+04 1.088242e+04 1.095287e+04
25.5 1.080384e+04 1.079820e+04 1.088280e+04 1.088844e+04
26.5 1.095133e+04 1.083461e+04 1.086475e+04 1.098146e+04
27.5 1.060307e+04 1.086495e+04 1.083898e+04 1.057711e+04
28.5 1.092970e+04 1.088736e+04 1.081359e+04 1.085593e+04
29.5 1.062022e+04 1.090227e+04 1.079246e+04 1.051041e+04
30.5 1.110460e+04 1.091131e+04 1.077474e+04 1.096803e+04
31.5 1.100314e+04 1.091643e+04 1.074930e+04 1.083601e+04
32.5 1.072273e+04 1.091387e+04 1.070647e+04 1.051532e+04
33.5 1.104572e+04 1.089662e+04 1.065953e+04 1.080863e+04
34.5 1.095192e+04 1.086439e+04 1.063113e+04 1.071866e+04
35.5 1.078453e+04 1.082419e+04 1.062930e+04 1.058964e+04
36.5 1.067197e+04 1.078444e+04 1.064723e+04 1.053476e+04
37.5 1.075293e+04 1.075078e+04 1.067376e+04 1.067591e+04
38.5 1.084988e+04 1.072532e+04 1.070042e+04 1.082499e+04
39.5 1.061993e+04 1.070776e+04 1.072301e+04 1.063519e+04
40.5 1.071362e+04 1.069675e+04 1.074043e+04 1.075731e+04
41.5 1.057746e+04 1.069073e+04 1.075311e+04 1.063985e+04
42.5 1.054540e+04 1.068832e+04 1.076189e+04 1.061897e+04
43.5 1.047722e+04 1.068841e+04 1.076759e+04 1.055640e+04
44.5 1.056691e+04 1.069011e+04 1.077087e+04 1.064767e+04
45.5 1.054032e+04 1.069273e+04 1.077231e+04 1.061990e+04
46.5 1.078747e+04 1.069573e+04 1.077241e+04 1.086416e+04
47.5 1.077775e+04 1.069873e+04 1.077163e+04 1.085065e+04
48.5 1.060238e+04 1.070149e+04 1.077035e+04 1.067124e+04
49.5 1.065311e+04 1.070386e+04 1.076887e+04 1.071812e+04
50.5 1.061104e+04 1.070616e+04 1.076915e+04 1.067403e+04
51.5 1.074167e+04 1.071122e+04 1.078190e+04 1.081236e+04
52.5 1.091433e+04 1.072455e+04 1.081594e+04 1.100572e+04
53.5 1.072087e+04 1.074685e+04 1.085716e+04 1.083118e+04
54.5 1.086645e+04 1.077212e+04 1.088226e+04 1.097659e+04
55.5 1.080260e+04 1.079425e+04 1.088264e+04 1.089099e+04
0.5 1.110460e+04 1.091131e+04 1.077474e+04 1.096803e+04
1.5 1.100314e+04 1.091643e+04 1.074930e+04 1.083601e+04
2.5 1.072273e+04 1.091387e+04 1.070647e+04 1.051532e+04
3.5 1.104572e+04 1.089662e+04 1.065953e+04 1.080863e+04
4.5 1.095192e+04 1.086439e+04 1.063113e+04 1.071866e+04
5.5 1.078453e+04 1.082419e+04 1.062930e+04 1.058964e+04
6.5 1.067197e+04 1.078444e+04 1.064723e+04 1.053476e+04
7.5 1.075293e+04 1.075078e+04 1.067376e+04 1.067591e+04
8.5 1.084988e+04 1.072532e+04 1.070042e+04 1.082499e+04
9.5 1.061993e+04 1.070776e+04 1.072301e+04 1.063519e+04
10.5 1.071362e+04 1.069675e+04 1.074043e+04 1.075731e+04
11.5 1.057746e+04 1.069073e+04 1.075311e+04 1.063985e+04
12.5 1.054540e+04 1.068832e+04 1.076189e+04 1.061897e+04
13.5 1.047722e+04 1.068841e+04 1.076759e+04 1.055640e+04
14.5 1.056691e+04 1.069011e+04 1.077087e+04 1.064767e+04
15.5 1.054032e+04 1.069273e+04 1.077231e+04 1.061990e+04
16.5 1.078747e+04 1.069573e+04 1.077241e+04 1.086416e+04
17.5 1.077775e+04 1.069873e+04 1.077163e+04 1.085065e+04
18.5 1.060238e+04 1.070149e+04 1.077035e+04 1.067124e+04
19.5 1.065311e+04 1.070386e+04 1.076887e+04 1.071812e+04
20.5 1.061104e+04 1.070616e+04 1.076915e+04 1.067403e+04
21.5 1.074167e+04 1.071122e+04 1.078190e+04 1.081236e+04
22.5 1.091433e+04 1.072455e+04 1.081594e+04 1.100572e+04
23.5 1.072087e+04 1.074685e+04 1.085716e+04 1.083118e+04
24.5 1.086645e+04 1.077212e+04 1.088226e+04 1.097659e+04
25.5 1.080260e+04 1.079425e+04 1.088264e+04 1.089099e+04
26.5 1.066315e+04 1.081049e+04 1.086459e+04 1.071725e+04
27.5 1.077004e+04 1.082091e+04 1.083882e+04 1.078795e+04
28.5 1.093950e+04 1.082679e+04 1.081343e+04 1.092614e+04
29.5 1.091128e+04 1.082950e+04 1.079230e+04 1.087408e+04
30.5 1.084610e+04 1.082976e+04 1.077458e+04 1.079093e+04
31.5 1.088000e+04 1.082550e+04 1.074913e+04 1.080364e+04
32.5 1.081777e+04 1.081177e+04 1.070630e+04 1.071231e+04
33.5 1.091761e+04 1.078831e+04 1.065936e+04 1.078866e+04
34.5 1.086192e+04 1.076148e+04 1.063096e+04 1.073140e+04
35.5 1.064123e+04 1.073767e+04 1.062913e+04 1.053269e+04
36.5 1.064279e+04 1.071982e+04 1.064705e+04 1.057003e+04
37.5 1.088475e+04 1.070797e+04 1.067358e+04 1.085037e+04
38.5 1.084194e+04 1.070091e+04 1.070024e+04 1.084126e+04
39.5 1.056054e+04 1.069727e+04 1.072282e+04 1.058609e+04
40.5 1.071052e+04 1.069594e+04 1.074025e+04 1.075482e+04
41.5 1.088317e+04 1.069615e+04 1.075292e+04 1.093994e+04
42.5 1.059680e+04 1.069733e+04 1.076170e+04 1.066117e+04
43.5 1.062542e+04 1.069907e+04 1.076738e+04 1.069374e+04
44.5 1.065283e+04 1.070104e+04 1.077066e+04 1.072245e+04
45.5 1.065298e+04 1.070302e+04 1.077210e+04 1.072206e+04
46.5 1.073237e+04 1.070483e+04 1.077220e+04 1.079974e+04
47.5 1.064803e+04 1.070639e+04 1.077141e+04 1.071305e+04
48.5 1.052188e+04 1.070765e+04 1.077012e+04 1.058435e+04
49.5 1.072116e+04 1.070864e+04 1.076864e+04 1.078116e+04
50.5 1.078465e+04 1.070914e+04 1.076891e+04 1.084442e+04
51.5 1.080722e+04 1.070881e+04 1.078166e+04 1.088007e+04
52.5 1.080374e+04 1.071276e+04 1.081569e+04 1.090667e+04
53.5 1.072687e+04 1.072913e+04 1.085690e+04 1.085465e+04
54.5 1.093959e+04 1.075904e+04 1.088200e+04 1.106254e+04
55.5 1.076296e+04 1.079615e+04 1.088237e+04 1.084917e+04
0.5 1.084610e+04 1.082976e+04 1.077458e+04 1.079093e+04
1.5 1.088000e+04 1.082550e+04 1.074913e+04 1.080364e+04
2.5 1.081777e+04 1.081177e+04 1.070630e+04 1.071231e+04
3.5 1.091761e+04 1.078831e+04 1.065936e+04 1.078866e+04
4.5 1.086192e+04 1.076148e+04 1.063096e+04 1.073140e+04
5.5 1.064123e+04 1.073767e+04 1.062913e+04 1.053269e+04
6.5 1.064279e+04 1.071982e+04 1.064705e+04 1.057003e+04
7.5 1.088475e+04 1.070797e+04 1.067358e+04 1.085037e+04
8.5 1.084194e+04 1.070091e+04 1.070024e+04 1.084126e+04
9.5 1.056054e+04 1.069727e+04 1.072282e+04 1.058609e+04
10.5 1.071052e+04 1.069594e+04 1.074025e+04 1.075482e+04
11.5 1.088317e+04 1.069615e+04 1.075292e+04 1.093994e+04
12.5 1.059680e+04 1.069733e+04 1.076170e+04 1.066117e+04
13.5 1.062542e+04 1.069907e+04 1.076738e+04 1.069374e+04
14.5 1.065283e+04 1.070104e+04 1.077066e+04 1.072245e+04
15.5 1.065298e+04 1.070302e+04 1.077210e+04 1.072206e+04
16.5 1.073237e+04 1.070483e+04 1.077220e+04 1.079974e+04
17.5 1.064803e+04 1.070639e+04 1.077141e+04 1.071305e+04
18.5 1.052188e+04 1.070765e+04 1.077012e+04 1.058435e+04
19.5 1.072116e+04 1.070864e+04 1.076864e+04 1.078116e+04
20.5 1.078465e+04 1.070914e+04 1.076891e+04 1.084442e+04
21.5 1.080722e+04 1.070881e+04 1.078166e+04 1.088007e+04
22.5 1.080374e+04 1.071276e+04 1.081569e+04 1.090667e+04
23.5 1.072687e+04 1.072913e+04 1.085690e+04 1.085465e+04
24.5 1.093959e+04 1.075904e+04 1.088200e+04 1.106254e+04
25.5 1.076296e+04 1.079615e+04 1.088237e+04 1.084917e+04
26.5 1.073601e+04 1.083249e+04 1.086428e+04 1.076781e+04
27.5 1.096147e+04 1.086282e+04 1.083848e+04 1.093713e+04
28.5 1.069718e+04 1.088531e+04 1.081308e+04 1.062495e+04
29.5 1.074764e+04 1.090032e+04 1.079193e+04 1.063926e+04
30.5 1.071099e+04 1.090947e+04 1.077420e+04 1.057572e+04
31.5 1.086455e+04 1.091471e+04 1.074874e+04 1.069858e+04
32.5 1.081091e+04 1.091229e+04 1.070590e+04 1.060451e+04
33.5 1.090719e+04 1.089518e+04 1.065896e+04 1.067097e+04
34.5 1.085349e+04 1.086308e+04 1.063056e+04 1.062097e+04
35.5 1.085388e+04 1.082301e+04 1.062873e+04 1.065960e+04
36.5 1.075903e+04 1.078340e+04 1.064667e+04 1.062230e+04
37.5 1.086577e+04 1.074986e+04 1.067322e+04 1.078913e+04
38.5 1.059736e+04 1.072451e+04 1.069988e+04 1.057273e+04
39.5 1.079469e+04 1.070705e+04 1.072247e+04 1.081011e+04
40.5 1.071831e+04 1.069612e+04 1.073989e+04 1.076207e+04
41.5 1.064302e+04 1.069018e+04 1.075256e+04 1.070540e+04
42.5 1.079705e+04 1.068784e+04 1.076133e+04 1.087054e+04
43.5 1.063796e+04 1.068798e+04 1.076700e+04 1.071699e+04
44.5 1.055477e+04 1.068973e+04 1.077027e+04 1.063531e+04
45.5 1.062515e+04 1.069239e+04 1.077169e+04 1.070445e+04
46.5 1.067457e+04 1.069543e+04 1.077178e+04 1.075092e+04
47.5 1.051972e+04 1.069846e+04 1.077098e+04 1.059224e+04
48.5 1.069475e+04 1.070124e+04 1.076967e+04 1.076319e+04
49.5 1.073839e+04 1.070363e+04 1.076818e+04 1.080294e+04
50.5 1.062801e+04 1.070594e+04 1.076843e+04 1.069049e+04
51.5 1.080972e+04 1.071101e+04 1.078116e+04 1.087987e+04
52.5 1.072581e+04 1.072435e+04 1.081516e+04 1.081663e+04
53.5 1.074471e+04 1.074664e+04 1.085634e+04 1.085441e+04
54.5 1.080877e+04 1.077188e+04 1.088137e+04 1.091825e+04
55.5 1.103542e+04 1.079397e+04 1.088166e+04 1.112311e+04
0.5 1.071099e+04 1.090947e+04 1.077420e+04 1.057572e+04
1.5 1.086455e+04 1.091471e+04 1.074874e+04 1.069858e+04
2.5 1.081091e+04 1.091229e+04 1.070590e+04 1.060451e+04
3.5 1.090719e+04 1.089518e+04 1.065896e+04 1.067097e+04
4.5 1.085349e+04 1.086308e+04 1.063056e+04 1.062097e+04
5.5 1.085388e+04 1.082301e+04 1.062873e+04 1.065960e+04
6.5 1.075903e+04 1.078340e+04 1.064667e+04 1.062230e+04
7.5 1.086577e+04 1.074986e+04 1.067322e+04 1.078913e+04
8.5 1.059736e+04 1.072451e+04 1.069988e+04 1.057273e+04
9.5 1.079469e+04 1.070705e+04 1.072247e+04 1.081011e+04
10.5 1.071831e+04 1.069612e+04 1.073989e+04 1.076207e+04
11.5 1.064302e+04 1.069018e+04 1.075256e+04 1.070540e+04
12.5 1.079705e+04 1.068784e+04 1.076133e+04 1.087054e+04
13.5 1.063796e+04 1.068798e+04 1.076700e+04 1.071699e+04
14.5 1.055477e+04 1.068973e+04 1.077027e+04 1.063531e+04
15.5 1.062515e+04 1.069239e+04 1.077169e+04 1.070445e+04
16.5 1.067457e+04 1.069543e+04 1.077178e+04 1.075092e+04
17.5 1.051972e+04 1.069846e+04 1.077098e+04 1.059224e+04
18.5 1.069475e+04 1.070124e+04 1.076967e+04 1.076319e+04
19.5 1.073839e+04 1.070363e+04 1.076818e+04 1.080294e+04
20.5 1.062801e+04 1.070594e+04 1.076843e+04 1.069049e+04
21.5 1.080972e+04 1.071101e+04 1.078116e+04 1.087987e+04
22.5 1.072581e+04 1.072435e+04 1.081516e+04 1.081663e+04
23.5 1.074471e+04 1.074664e+04 1.085634e+04 1.085441e+04
24.5 1.080877e+04 1.077188e+04 1.088137e+04 1.091825e+04
25.5 1.103542e+04 1.079397e+04 1.088166e+04 1.112311e+04
26.5 1.084730e+04 1.081015e+04 1.086351e+04 1.090067e+04
27.5 1.094982e+04 1.082050e+04 1.083765e+04 1.096698e+04
28.5 1.096083e+04 1.082628e+04 1.081218e+04 1.094673e+04
29.5 1.090993e+04 1.082890e+04 1.079099e+04 1.087202e+04
30.5 1.083181e+04 1.083078e+04 1.077494e+04 1.077597e+04
