0.5 8.739800e+03 8.773990e+03 8.705282e+03 8.671092e+03
1.5 8.759942e+03 8.767760e+03 8.698585e+03 8.690767e+03
2.5 8.717133e+03 8.746685e+03 8.681901e+03 8.652349e+03
3.5 8.687736e+03 8.713309e+03 8.661911e+03 8.636337e+03
4.5 8.698843e+03 8.680013e+03 8.649652e+03 8.668482e+03
5.5 8.670015e+03 8.655884e+03 8.649189e+03 8.663320e+03
6.5 8.656848e+03 8.642666e+03 8.657526e+03 8.671708e+03
7.5 8.664242e+03 8.637837e+03 8.669574e+03 8.695979e+03
8.5 8.629893e+03 8.638086e+03 8.681489e+03 8.673296e+03
9.5 8.615533e+03 8.640936e+03 8.691414e+03 8.666011e+03
10.5 8.644581e+03 8.644956e+03 8.698924e+03 8.698549e+03
11.5 8.620064e+03 8.649420e+03 8.704272e+03 8.674916e+03
12.5 8.622761e+03 8.653950e+03 8.707883e+03 8.676694e+03
13.5 8.635935e+03 8.658308e+03 8.710146e+03 8.687772e+03
14.5 8.638955e+03 8.662319e+03 8.711371e+03 8.688007e+03
15.5 8.636262e+03 8.665863e+03 8.711810e+03 8.682209e+03
16.5 8.690745e+03 8.668883e+03 8.711685e+03 8.733547e+03
17.5 8.722502e+03 8.671385e+03 8.711192e+03 8.762309e+03
18.5 8.739250e+03 8.673421e+03 8.710498e+03 8.776327e+03
19.5 8.732847e+03 8.675078e+03 8.709740e+03 8.767509e+03
20.5 8.725414e+03 8.677903e+03 8.709827e+03 8.757337e+03
21.5 8.727622e+03 8.691587e+03 8.715837e+03 8.751873e+03
22.5 8.790923e+03 8.727485e+03 8.731936e+03 8.795374e+03
23.5 8.822436e+03 8.777567e+03 8.751448e+03 8.796317e+03
24.5 8.868148e+03 8.820891e+03 8.763328e+03 8.810585e+03
25.5 8.899502e+03 8.845539e+03 8.763502e+03 8.817464e+03
26.5 8.871913e+03 8.852459e+03 8.754947e+03 8.774401e+03
27.5 8.865816e+03 8.848362e+03 8.742737e+03 8.760191e+03
28.5 8.822766e+03 8.839626e+03 8.730704e+03 8.713844e+03
29.5 8.833002e+03 8.830138e+03 8.720687e+03 8.723551e+03
30.5 8.753121e+03 8.820135e+03 8.712286e+03 8.645272e+03
31.5 8.749259e+03 8.800440e+03 8.700210e+03 8.649029e+03
32.5 8.765274e+03 8.759768e+03 8.679904e+03 8.685409e+03
33.5 8.709328e+03 8.706147e+03 8.657670e+03 8.660851e+03
34.5 8.692732e+03 8.660410e+03 8.644213e+03 8.676534e+03
35.5 8.686747e+03 8.634393e+03 8.643336e+03 8.695690e+03
36.5 8.598714e+03 8.627017e+03 8.651819e+03 8.623515e+03
37.5 8.585701e+03 8.631409e+03 8.664376e+03 8.618668e+03
38.5 8.596999e+03 8.640999e+03 8.676993e+03 8.632993e+03
39.5 8.592281e+03 8.651707e+03 8.687682e+03 8.628256e+03
40.5 8.572009e+03 8.661676e+03 8.695927e+03 8.606260e+03
41.5 8.607018e+03 8.670322e+03 8.701925e+03 8.638621e+03
42.5 8.600909e+03 8.677574e+03 8.706076e+03 8.629411e+03
43.5 8.594882e+03 8.683494e+03 8.708766e+03 8.620154e+03
44.5 8.593843e+03 8.688158e+03 8.710315e+03 8.616000e+03
45.5 8.633107e+03 8.691664e+03 8.710992e+03 8.652435e+03
46.5 8.594661e+03 8.694152e+03 8.711036e+03 8.611545e+03
47.5 8.644547e+03 8.695802e+03 8.710661e+03 8.659406e+03
48.5 8.629384e+03 8.696816e+03 8.710049e+03 8.642616e+03
49.5 8.679913e+03 8.697392e+03 8.709346e+03 8.691867e+03
50.5 8.724646e+03 8.697863e+03 8.709471e+03 8.736255e+03
51.5 8.745830e+03 8.699075e+03 8.715507e+03 8.762263e+03
52.5 8.752295e+03 8.700060e+03 8.731620e+03 8.783856e+03
53.5 8.757350e+03 8.697624e+03 8.751139e+03 8.810865e+03
54.5 8.716360e+03 8.690157e+03 8.763022e+03 8.789225e+03
55.5 8.680955e+03 8.679130e+03 8.763198e+03 8.765023e+03
0.5 8.753121e+03 8.820135e+03 8.712286e+03 8.645272e+03
1.5 8.749259e+03 8.800440e+03 8.700210e+03 8.649029e+03
2.5 8.765274e+03 8.759768e+03 8.679904e+03 8.685409e+03
3.5 8.709328e+03 8.706147e+03 8.657670e+03 8.660851e+03
4.5 8.692732e+03 8.660410e+03 8.644213e+03 8.676534e+03
5.5 8.686747e+03 8.634393e+03 8.643336e+03 8.695690e+03
6.5 8.598714e+03 8.627017e+03 8.651819e+03 8.623515e+03
7.5 8.585701e+03 8.631409e+03 8.664376e+03 8.618668e+03
8.5 8.596999e+03 8.640999e+03 8.676993e+03 8.632993e+03
9.5 8.592281e+03 8.651707e+03 8.687682e+03 8.628256e+03
10.5 8.572009e+03 8.661676e+03 8.695927e+03 8.606260e+03
11.5 8.607018e+03 8.670322e+03 8.701925e+03 8.638621e+03
12.5 8.600909e+03 8.677574e+03 8.706076e+03 8.629411e+03
13.5 8.594882e+03 8.683494e+03 8.708766e+03 8.620154e+03
14.5 8.593843e+03 8.688158e+03 8.710315e+03 8.616000e+03
15.5 8.633107e+03 8.691664e+03 8.710992e+03 8.652435e+03
16.5 8.594661e+03 8.694152e+03 8.711036e+03 8.611545e+03
17.5 8.644547e+03 8.695802e+03 8.710661e+03 8.659406e+03
18.5 8.629384e+03 8.696816e+03 8.710049e+03 8.642616e+03
19.5 8.679913e+03 8.697392e+03 8.709346e+03 8.691867e+03
20.5 8.724646e+03 8.697863e+03 8.709471e+03 8.736255e+03
21.5 8.745830e+03 8.699075e+03 8.715507e+03 8.762263e+03
22.5 8.752295e+03 8.700060e+03 8.731620e+03 8.783856e+03
23.5 8.757350e+03 8.697624e+03 8.751139e+03 8.810865e+03
24.5 8.716360e+03 8.690157e+03 8.763022e+03 8.789225e+03
25.5 8.680955e+03 8.679130e+03 8.763198e+03 8.765023e+03
26.5 8.682345e+03 8.667313e+03 8.754647e+03 8.769679e+03
27.5 8.654439e+03 8.656905e+03 8.742442e+03 8.739977e+03
28.5 8.676969e+03 8.648926e+03 8.730415e+03 8.758459e+03
29.5 8.713660e+03 8.643463e+03 8.720406e+03 8.790603e+03
30.5 8.698298e+03 8.639974e+03 8.712015e+03 8.770339e+03
31.5 8.690777e+03 8.637239e+03 8.699962e+03 8.753499e+03
32.5 8.687903e+03 8.635859e+03 8.679677e+03 8.731721e+03
33.5 8.679093e+03 8.638712e+03 8.657449e+03 8.697830e+03
34.5 8.679603e+03 8.647151e+03 8.643998e+03 8.676450e+03
35.5 8.634563e+03 8.659490e+03 8.643128e+03 8.618201e+03
36.5 8.608114e+03 8.672784e+03 8.651617e+03 8.586946e+03
37.5 8.617994e+03 8.684702e+03 8.664180e+03 8.597472e+03
38.5 8.594329e+03 8.694127e+03 8.676803e+03 8.577005e+03
39.5 8.596020e+03 8.700911e+03 8.687497e+03 8.582606e+03
40.5 8.662604e+03 8.705406e+03 8.695748e+03 8.652946e+03
41.5 8.707442e+03 8.708108e+03 8.701751e+03 8.701085e+03
42.5 8.735716e+03 8.709484e+03 8.705907e+03 8.732139e+03
43.5 8.762657e+03 8.709921e+03 8.708602e+03 8.761338e+03
44.5 8.779381e+03 8.709725e+03 8.710156e+03 8.779811e+03
45.5 8.801936e+03 8.709139e+03 8.710837e+03 8.803634e+03
46.5 8.726303e+03 8.708353e+03 8.710886e+03 8.728836e+03
47.5 8.788796e+03 8.707508e+03 8.710515e+03 8.791803e+03
48.5 8.860251e+03 8.706702e+03 8.709907e+03 8.863455e+03
49.5 8.787689e+03 8.705996e+03 8.709208e+03 8.790902e+03
50.5 8.805145e+03 8.705581e+03 8.709337e+03 8.808902e+03
51.5 8.749787e+03 8.706178e+03 8.715376e+03 8.758986e+03
52.5 8.738620e+03 8.706719e+03 8.731494e+03 8.763395e+03
53.5 8.732196e+03 8.703938e+03 8.751016e+03 8.779273e+03
54.5 8.702419e+03 8.696177e+03 8.762902e+03 8.769144e+03
55.5 8.673294e+03 8.684877e+03 8.763081e+03 8.751498e+03
0.5 8.698298e+03 8.639974e+03 8.712015e+03 8.770339e+03
1.5 8.690777e+03 8.637239e+03 8.699962e+03 8.753499e+03
2.5 8.687903e+03 8.635859e+03 8.679677e+03 8.731721e+03
3.5 8.679093e+03 8.638712e+03 8.657449e+03 8.697830e+03
4.5 8.679603e+03 8.647151e+03 8.643998e+03 8.676450e+03
5.5 8.634563e+03 8.659490e+03 8.643128e+03 8.618201e+03
6.5 8.608114e+03 8.672784e+03 8.651617e+03 8.586946e+03
7.5 8.617994e+03 8.684702e+03 8.664180e+03 8.597472e+03
8.5 8.594329e+03 8.694127e+03 8.676803e+03 8.577005e+03
9.5 8.596020e+03 8.700911e+03 8.687497e+03 8.582606e+03
10.5 8.662604e+03 8.705406e+03 8.695748e+03 8.652946e+03
11.5 8.707442e+03 8.708108e+03 8.701751e+03 8.701085e+03
12.5 8.735716e+03 8.709484e+03 8.705907e+03 8.732139e+03
13.5 8.762657e+03 8.709921e+03 8.708602e+03 8.761338e+03
14.5 8.779381e+03 8.709725e+03 8.710156e+03 8.779811e+03
15.5 8.801936e+03 8.709139e+03 8.710837e+03 8.803634e+03
16.5 8.726303e+03 8.708353e+03 8.710886e+03 8.728836e+03
17.5 8.788796e+03 8.707508e+03 8.710515e+03 8.791803e+03
18.5 8.860251e+03 8.706702e+03 8.709907e+03 8.863455e+03
19.5 8.787689e+03 8.705996e+03 8.709208e+03 8.790902e+03
20.5 8.805145e+03 8.705581e+03 8.709337e+03 8.808902e+03
21.5 8.749787e+03 8.706178e+03 8.715376e+03 8.758986e+03
22.5 8.738620e+03 8.706719e+03 8.731494e+03 8.763395e+03
23.5 8.732196e+03 8.703938e+03 8.751016e+03 8.779273e+03
24.5 8.702419e+03 8.696177e+03 8.762902e+03 8.769144e+03
25.5 8.673294e+03 8.684877e+03 8.763081e+03 8.751498e+03
26.5 8.646770e+03 8.672793e+03 8.754533e+03 8.728510e+03
27.5 8.605674e+03 8.662117e+03 8.742331e+03 8.685888e+03
28.5 8.615225e+03 8.653869e+03 8.730307e+03 8.691663e+03
29.5 8.631100e+03 8.648134e+03 8.720301e+03 8.703267e+03
30.5 8.661179e+03 8.644370e+03 8.711912e+03 8.728721e+03
31.5 8.679912e+03 8.641360e+03 8.699861e+03 8.738413e+03
32.5 8.707481e+03 8.639706e+03 8.679579e+03 8.747354e+03
33.5 8.676202e+03 8.642287e+03 8.657353e+03 8.691267e+03
34.5 8.639501e+03 8.650457e+03 8.643904e+03 8.632948e+03
35.5 8.653578e+03 8.662531e+03 8.643036e+03 8.634083e+03
36.5 8.650810e+03 8.675565e+03 8.651527e+03 8.626771e+03
37.5 8.668700e+03 8.687225e+03 8.664091e+03 8.645567e+03
38.5 8.682685e+03 8.696395e+03 8.676716e+03 8.663006e+03
39.5 8.700999e+03 8.702929e+03 8.687412e+03 8.685483e+03
40.5 8.717999e+03 8.707177e+03 8.695664e+03 8.706486e+03
41.5 8.733351e+03 8.709638e+03 8.701668e+03 8.725382e+03
42.5 8.751956e+03 8.710777e+03 8.705826e+03 8.747005e+03
43.5 8.723123e+03 8.710981e+03 8.708522e+03 8.720664e+03
44.5 8.718776e+03 8.710556e+03 8.710076e+03 8.718297e+03
45.5 8.706189e+03 8.709744e+03 8.710759e+03 8.707203e+03
46.5 8.704831e+03 8.708737e+03 8.710808e+03 8.706902e+03
47.5 8.729755e+03 8.707675e+03 8.710438e+03 8.732518e+03
48.5 8.743260e+03 8.706656e+03 8.709830e+03 8.746434e+03
49.5 8.720706e+03 8.705746e+03 8.709132e+03 8.724093e+03
50.5 8.766990e+03 8.706431e+03 8.709262e+03 8.769821e+03
51.5 8.732027e+03 8.718321e+03 8.715301e+03 8.729007e+03
52.5 8.773968e+03 8.752690e+03 8.731418e+03 8.752697e+03
53.5 8.798382e+03 8.801436e+03 8.750941e+03 8.747886e+03
54.5 8.798703e+03 8.843565e+03 8.762827e+03 8.717965e+03
55.5 8.846399e+03 8.867116e+03 8.763006e+03 8.742289e+03
0.5 8.661179e+03 8.644370e+03 8.711912e+03 8.728721e+03
1.5 8.679912e+03 8.641360e+03 8.699861e+03 8.738413e+03
2.5 8.707481e+03 8.639706e+03 8.679579e+03 8.747354e+03
3.5 8.676202e+03 8.642287e+03 8.657353e+03 8.691267e+03
4.5 8.639501e+03 8.650457e+03 8.643904e+03 8.632948e+03
5.5 8.653578e+03 8.662531e+03 8.643036e+03 8.634083e+03
6.5 8.650810e+03 8.675565e+03 8.651527e+03 8.626771e+03
7.5 8.668700e+03 8.687225e+03 8.664091e+03 8.645567e+03
8.5 8.682685e+03 8.696395e+03 8.676716e+03 8.663006e+03
9.5 8.700999e+03 8.702929e+03 8.687412e+03 8.685483e+03
10.5 8.717999e+03 8.707177e+03 8.695664e+03 8.706486e+03
11.5 8.733351e+03 8.709638e+03 8.701668e+03 8.725382e+03
12.5 8.751956e+03 8.710777e+03 8.705826e+03 8.747005e+03
13.5 8.723123e+03 8.710981e+03 8.708522e+03 8.720664e+03
14.5 8.718776e+03 8.710556e+03 8.710076e+03 8.718297e+03
15.5 8.706189e+03 8.709744e+03 8.710759e+03 8.707203e+03
16.5 8.704831e+03 8.708737e+03 8.710808e+03 8.706902e+03
17.5 8.729755e+03 8.707675e+03 8.710438e+03 8.732518e+03
18.5 8.743260e+03 8.706656e+03 8.709830e+03 8.746434e+03
19.5 8.720706e+03 8.705746e+03 8.709132e+03 8.724093e+03
20.5 8.766990e+03 8.706431e+03 8.709262e+03 8.769821e+03
21.5 8.732027e+03 8.718321e+03 8.715301e+03 8.729007e+03
22.5 8.773968e+03 8.752690e+03 8.731418e+03 8.752697e+03
23.5 8.798382e+03 8.801436e+03 8.750941e+03 8.747886e+03
24.5 8.798703e+03 8.843565e+03 8.762827e+03 8.717965e+03
25.5 8.846399e+03 8.867116e+03 8.763006e+03 8.742289e+03
26.5 8.831385e+03 8.873012e+03 8.754458e+03 8.712830e+03
27.5 8.790265e+03 8.867943e+03 8.742255e+03 8.664577e+03
28.5 8.881358e+03 8.858272e+03 8.730231e+03 8.753316e+03
29.5 8.869599e+03 8.847878e+03 8.720224e+03 8.741945e+03
30.5 8.883695e+03 8.836991e+03 8.711834e+03 8.758539e+03
31.5 8.905858e+03 8.816461e+03 8.699783e+03 8.789180e+03
32.5 8.846347e+03 8.774985e+03 8.679500e+03 8.750861e+03
33.5 8.786682e+03 8.720535e+03 8.657273e+03 8.723420e+03
34.5 8.742369e+03 8.673981e+03 8.643823e+03 8.712212e+03
35.5 8.662174e+03 8.647156e+03 8.642953e+03 8.657971e+03
36.5 8.608421e+03 8.638984e+03 8.651443e+03 8.620880e+03
37.5 8.598633e+03 8.642589e+03 8.664007e+03 8.620051e+03
38.5 8.579680e+03 8.651401e+03 8.676629e+03 8.604909e+03
39.5 8.618613e+03 8.661340e+03 8.687324e+03 8.644597e+03
40.5 8.716419e+03 8.670549e+03 8.695575e+03 8.741445e+03
41.5 8.725569e+03 8.678444e+03 8.701577e+03 8.748702e+03
42.5 8.747752e+03 8.684955e+03 8.705732e+03 8.768530e+03
43.5 8.763124e+03 8.690143e+03 8.708427e+03 8.781408e+03
44.5 8.706456e+03 8.694083e+03 8.709979e+03 8.722352e+03
45.5 8.676938e+03 8.696875e+03 8.710659e+03 8.690722e+03
46.5 8.677382e+03 8.698657e+03 8.710706e+03 8.689431e+03
47.5 8.681148e+03 8.699609e+03 8.710333e+03 8.691872e+03
48.5 8.660124e+03 8.699934e+03 8.709723e+03 8.669913e+03
49.5 8.729001e+03 8.699828e+03 8.709023e+03 8.738195e+03
50.5 8.733378e+03 8.699626e+03 8.709149e+03 8.742901e+03
51.5 8.694800e+03 8.700172e+03 8.715186e+03 8.709814e+03
52.5 8.671145e+03 8.700498e+03 8.731300e+03 8.701947e+03
53.5 8.664137e+03 8.697412e+03 8.750819e+03 8.717544e+03
54.5 8.627458e+03 8.689301e+03 8.762702e+03 8.700859e+03
55.5 8.650605e+03 8.677636e+03 8.762877e+03 8.735846e+03
0.5 8.883695e+03 8.836991e+03 8.711834e+03 8.758539e+03
1.5 8.905858e+03 8.816461e+03 8.699783e+03 8.789180e+03
2.5 8.846347e+03 8.774985e+03 8.679500e+03 8.750861e+03
3.5 8.786682e+03 8.720535e+03 8.657273e+03 8.723420e+03
4.5 8.742369e+03 8.673981e+03 8.643823e+03 8.712212e+03
5.5 8.662174e+03 8.647156e+03 8.642953e+03 8.657971e+03
6.5 8.608421e+03 8.638984e+03 8.651443e+03 8.620880e+03
7.5 8.598633e+03 8.642589e+03 8.664007e+03 8.620051e+03
8.5 8.579680e+03 8.651401e+03 8.676629e+03 8.604909e+03
9.5 8.618613e+03 8.661340e+03 8.687324e+03 8.644597e+03
10.5 8.716419e+03 8.670549e+03 8.695575e+03 8.741445e+03
11.5 8.725569e+03 8.678444e+03 8.701577e+03 8.748702e+03
12.5 8.747752e+03 8.684955e+03 8.705732e+03 8.768530e+03
13.5 8.763124e+03 8.690143e+03 8.708427e+03 8.781408e+03
14.5 8.706456e+03 8.694083e+03 8.709979e+03 8.722352e+03
15.5 8.676938e+03 8.696875e+03 8.710659e+03 8.690722e+03
16.5 8.677382e+03 8.698657e+03 8.710706e+03 8.689431e+03
17.5 8.681148e+03 8.699609e+03 8.710333e+03 8.691872e+03
18.5 8.660124e+03 8.699934e+03 8.709723e+03 8.669913e+03
19.5 8.729001e+03 8.699828e+03 8.709023e+03 8.738195e+03
20.5 8.733378e+03 8.699626e+03 8.709149e+03 8.742901e+03
21.5 8.694800e+03 8.700172e+03 8.715186e+03 8.709814e+03
22.5 8.671145e+03 8.700498e+03 8.731300e+03 8.701947e+03
23.5 8.664137e+03 8.697412e+03 8.750819e+03 8.717544e+03
24.5 8.627458e+03 8.689301e+03 8.762702e+03 8.700859e+03
25.5 8.650605e+03 8.677636e+03 8.762877e+03 8.735846e+03
26.5 8.636119e+03 8.665172e+03 8.754314e+03 8.725261e+03
27.5 8.628762e+03 8.654105e+03 8.742095e+03 8.716753e+03
28.5 8.582345e+03 8.645486e+03 8.730064e+03 8.666924e+03
29.5 8.585782e+03 8.639388e+03 8.720052e+03 8.666446e+03
30.5 8.580527e+03 8.635267e+03 8.711656e+03 8.656916e+03
31.5 8.581609e+03 8.631904e+03 8.699598e+03 8.649303e+03
32.5 8.608772e+03 8.629900e+03 8.679310e+03 8.658182e+03
33.5 8.655536e+03 8.632136e+03 8.657081e+03 8.680481e+03
34.5 8.667812e+03 8.639966e+03 8.643633e+03 8.671479e+03
35.5 8.682579e+03 8.651706e+03 8.642768e+03 8.673642e+03
36.5 8.684949e+03 8.664410e+03 8.651264e+03 8.671803e+03
37.5 8.646826e+03 8.675743e+03 8.663833e+03 8.634916e+03
38.5 8.645602e+03 8.684587e+03 8.676459e+03 8.637475e+03
39.5 8.651812e+03 8.690793e+03 8.687156e+03 8.648175e+03
40.5 8.700462e+03 8.694711e+03 8.695406e+03 8.701157e+03
41.5 8.710123e+03 8.696836e+03 8.701406e+03 8.714693e+03
42.5 8.713151e+03 8.697636e+03 8.705557e+03 8.721072e+03
43.5 8.711859e+03 8.697495e+03 8.708247e+03 8.722611e+03
44.5 8.682004e+03 8.696719e+03 8.709793e+03 8.695078e+03
45.5 8.636878e+03 8.695551e+03 8.710467e+03 8.651794e+03
46.5 8.634640e+03 8.694180e+03 8.710507e+03 8.650968e+03
47.5 8.643074e+03 8.692746e+03 8.710127e+03 8.660454e+03
48.5 8.661470e+03 8.691349e+03 8.709509e+03 8.679631e+03
49.5 8.674626e+03 8.690052e+03 8.708801e+03 8.693376e+03
50.5 8.700812e+03 8.690342e+03 8.708920e+03 8.719390e+03
51.5 8.711394e+03 8.701827e+03 8.714949e+03 8.724516e+03
52.5 8.742589e+03 8.735776e+03 8.731052e+03 8.737865e+03
53.5 8.794284e+03 8.784076e+03 8.750552e+03 8.760760e+03
54.5 8.860383e+03 8.825721e+03 8.762405e+03 8.797067e+03
55.5 8.881399e+03 8.848753e+03 8.762542e+03 8.795188e+03
0.5 8.580527e+03 8.635267e+03 8.711656e+03 8.656916e+03
1.5 8.581609e+03 8.631904e+03 8.699598e+03 8.649303e+03
2.5 8.608772e+03 8.629900e+03 8.679310e+03 8.658182e+03
3.5 8.655536e+03 8.632136e+03 8.657081e+03 8.680481e+03
4.5 8.667812e+03 8.639966e+03 8.643633e+03 8.671479e+03
5.5 8.682579e+03 8.651706e+03 8.642768e+03 8.673642e+03
6.5 8.684949e+03 8.664410e+03 8.651264e+03 8.671803e+03
7.5 8.646826e+03 8.675743e+03 8.663833e+03 8.634916e+03
8.5 8.645602e+03 8.684587e+03 8.676459e+03 8.637475e+03
9.5 8.651812e+03 8.690793e+03 8.687156e+03 8.648175e+03
10.5 8.700462e+03 8.694711e+03 8.695406e+03 8.701157e+03
11.5 8.710123e+03 8.696836e+03 8.701406e+03 8.714693e+03
12.5 8.713151e+03 8.697636e+03 8.705557e+03 8.721072e+03
13.5 8.711859e+03 8.697495e+03 8.708247e+03 8.722611e+03
14.5 8.682004e+03 8.696719e+03 8.709793e+03 8.695078e+03
15.5 8.636878e+03 8.695551e+03 8.710467e+03 8.651794e+03
16.5 8.634640e+03 8.694180e+03 8.710507e+03 8.650968e+03
17.5 8.643074e+03 8.692746e+03 8.710127e+03 8.660454e+03
18.5 8.661470e+03 8.691349e+03 8.709509e+03 8.679631e+03
19.5 8.674626e+03 8.690052e+03 8.708801e+03 8.693376e+03
20.5 8.700812e+03 8.690342e+03 8.708920e+03 8.719390e+03
21.5 8.711394e+03 8.701827e+03 8.714949e+03 8.724516e+03
22.5 8.742589e+03 8.735776e+03 8.731052e+03 8.737865e+03
23.5 8.794284e+03 8.784076e+03 8.750552e+03 8.760760e+03
24.5 8.860383e+03 8.825721e+03 8.762405e+03 8.797067e+03
25.5 8.881399e+03 8.848753e+03 8.762542e+03 8.795188e+03
26.5 8.886643e+03 8.854100e+03 8.753949e+03 8.786491e+03
27.5 8.803775e+03 8.848460e+03 8.741703e+03 8.697017e+03
28.5 8.769266e+03 8.838203e+03 8.729640e+03 8.660703e+03
29.5 8.754393e+03 8.827214e+03 8.719603e+03 8.646782e+03
30.5 8.741932e+03 8.816540e+03 8.712006e+03 8.637398e+03
