0.5 6.546288e+03 6.470076e+03 6.496808e+03 6.573021e+03
1.5 6.601615e+03 6.470130e+03 6.496589e+03 6.628074e+03
2.5 6.592474e+03 6.464662e+03 6.493833e+03 6.621645e+03
3.5 6.510962e+03 6.449216e+03 6.486379e+03 6.548125e+03
4.5 6.467356e+03 6.425226e+03 6.474930e+03 6.517060e+03
5.5 6.471908e+03 6.398203e+03 6.462111e+03 6.535815e+03
6.5 6.500668e+03 6.373399e+03 6.450398e+03 6.577667e+03
7.5 6.353915e+03 6.353694e+03 6.441132e+03 6.441353e+03
8.5 6.291089e+03 6.339722e+03 6.434593e+03 6.385960e+03
9.5 6.452491e+03 6.330827e+03 6.430456e+03 6.552121e+03
10.5 6.446292e+03 6.325899e+03 6.428197e+03 6.548590e+03
11.5 6.408625e+03 6.324540e+03 6.427659e+03 6.511745e+03
12.5 6.467312e+03 6.330376e+03 6.430602e+03 6.567538e+03
13.5 6.456553e+03 6.347320e+03 6.438857e+03 6.548090e+03
14.5 6.395452e+03 6.373500e+03 6.451468e+03 6.473420e+03
15.5 6.321958e+03 6.403052e+03 6.465618e+03 6.384524e+03
16.5 6.333935e+03 6.430442e+03 6.478683e+03 6.382176e+03
17.5 6.288111e+03 6.452591e+03 6.489223e+03 6.324743e+03
18.5 6.307380e+03 6.468737e+03 6.496900e+03 6.335543e+03
19.5 6.257975e+03 6.479474e+03 6.502010e+03 6.280511e+03
20.5 6.403746e+03 6.485892e+03 6.505075e+03 6.422928e+03
21.5 6.623952e+03 6.489089e+03 6.506619e+03 6.641481e+03
22.5 6.467371e+03 6.489997e+03 6.507084e+03 6.484458e+03
23.5 6.543284e+03 6.489357e+03 6.506822e+03 6.560749e+03
24.5 6.617314e+03 6.487752e+03 6.506109e+03 6.635670e+03
25.5 6.608920e+03 6.485638e+03 6.505161e+03 6.628443e+03
26.5 6.416826e+03 6.483354e+03 6.504139e+03 6.437611e+03
27.5 6.504639e+03 6.481140e+03 6.503155e+03 6.526654e+03
28.5 6.716651e+03 6.479144e+03 6.502280e+03 6.739787e+03
29.5 6.496599e+03 6.477438e+03 6.501547e+03 6.520709e+03
30.5 6.586095e+03 6.476046e+03 6.500963e+03 6.611011e+03
31.5 6.481983e+03 6.474270e+03 6.500163e+03 6.507876e+03
32.5 6.511397e+03 6.467554e+03 6.496949e+03 6.540792e+03
33.5 6.516801e+03 6.451242e+03 6.489139e+03 6.554699e+03
34.5 6.419372e+03 6.426622e+03 6.477412e+03 6.470162e+03
35.5 6.375440e+03 6.399101e+03 6.464372e+03 6.440711e+03
36.5 6.293735e+03 6.373873e+03 6.452480e+03 6.372343e+03
37.5 6.192558e+03 6.353781e+03 6.443065e+03 6.281842e+03
38.5 6.258864e+03 6.339439e+03 6.436396e+03 6.355821e+03
39.5 6.343490e+03 6.330179e+03 6.432143e+03 6.445454e+03
40.5 6.238848e+03 6.324886e+03 6.429778e+03 6.343740e+03
41.5 6.360645e+03 6.323161e+03 6.429139e+03 6.466624e+03
42.5 6.403759e+03 6.328629e+03 6.431986e+03 6.507116e+03
43.5 6.345405e+03 6.345204e+03 6.440148e+03 6.440349e+03
44.5 6.396902e+03 6.371015e+03 6.452669e+03 6.478555e+03
45.5 6.405815e+03 6.400200e+03 6.466729e+03 6.472344e+03
0.5 6.586095e+03 6.476046e+03 6.500963e+03 6.611011e+03
1.5 6.481983e+03 6.474270e+03 6.500163e+03 6.507876e+03
2.5 6.511397e+03 6.467554e+03 6.496949e+03 6.540792e+03
3.5 6.516801e+03 6.451242e+03 6.489139e+03 6.554699e+03
4.5 6.419372e+03 6.426622e+03 6.477412e+03 6.470162e+03
5.5 6.375440e+03 6.399101e+03 6.464372e+03 6.440711e+03
6.5 6.293735e+03 6.373873e+03 6.452480e+03 6.372343e+03
7.5 6.192558e+03 6.353781e+03 6.443065e+03 6.281842e+03
8.5 6.258864e+03 6.339439e+03 6.436396e+03 6.355821e+03
9.5 6.343490e+03 6.330179e+03 6.432143e+03 6.445454e+03
10.5 6.238848e+03 6.324886e+03 6.429778e+03 6.343740e+03
11.5 6.360645e+03 6.323161e+03 6.429139e+03 6.466624e+03
12.5 6.403759e+03 6.328629e+03 6.431986e+03 6.507116e+03
13.5 6.345405e+03 6.345204e+03 6.440148e+03 6.440349e+03
14.5 6.396902e+03 6.371015e+03 6.452669e+03 6.478555e+03
15.5 6.405815e+03 6.400200e+03 6.466729e+03 6.472344e+03
16.5 6.411735e+03 6.427226e+03 6.479707e+03 6.464216e+03
17.5 6.421138e+03 6.449010e+03 6.490163e+03 6.462291e+03
18.5 6.367998e+03 6.464790e+03 6.497755e+03 6.400963e+03
19.5 6.553898e+03 6.475164e+03 6.502782e+03 6.581516e+03
20.5 6.515476e+03 6.481221e+03 6.505766e+03 6.540021e+03
21.5 6.604474e+03 6.484061e+03 6.507230e+03 6.627644e+03
22.5 6.565563e+03 6.484613e+03 6.507617e+03 6.588567e+03
23.5 6.608922e+03 6.483620e+03 6.507277e+03 6.632579e+03
24.5 6.570289e+03 6.481666e+03 6.506489e+03 6.595112e+03
25.5 6.657744e+03 6.479205e+03 6.505466e+03 6.684005e+03
26.5 6.566455e+03 6.476579e+03 6.504371e+03 6.594248e+03
27.5 6.667073e+03 6.474025e+03 6.503317e+03 6.696365e+03
28.5 6.568106e+03 6.471691e+03 6.502371e+03 6.598786e+03
29.5 6.567060e+03 6.469663e+03 6.501570e+03 6.598967e+03
30.5 6.579988e+03 6.470876e+03 6.500919e+03 6.610032e+03
31.5 6.594654e+03 6.495205e+03 6.500410e+03 6.599859e+03
32.5 6.732410e+03 6.569556e+03 6.500022e+03 6.662876e+03
33.5 6.798075e+03 6.682105e+03 6.499732e+03 6.615702e+03
34.5 6.767412e+03 6.789500e+03 6.499518e+03 6.477429e+03
35.5 6.725642e+03 6.862548e+03 6.499359e+03 6.362453e+03
36.5 6.934828e+03 6.898080e+03 6.499239e+03 6.535988e+03
37.5 6.710892e+03 6.906747e+03 6.499147e+03 6.303292e+03
38.5 6.773429e+03 6.900694e+03 6.499072e+03 6.371806e+03
39.5 6.885354e+03 6.888325e+03 6.499008e+03 6.496038e+03
40.5 6.916234e+03 6.871160e+03 6.498952e+03 6.544027e+03
41.5 6.894679e+03 6.831246e+03 6.498899e+03 6.562333e+03
42.5 6.944792e+03 6.742454e+03 6.498849e+03 6.701186e+03
43.5 6.767664e+03 6.616998e+03 6.498799e+03 6.649465e+03
44.5 6.688899e+03 6.498489e+03 6.498749e+03 6.689159e+03
45.5 6.480862e+03 6.416261e+03 6.498699e+03 6.563299e+03
0.5 6.490879e+03 6.447659e+03 6.497842e+03 6.541062e+03
1.5 6.303687e+03 6.446716e+03 6.497421e+03 6.354392e+03
2.5 6.341256e+03 6.440247e+03 6.494466e+03 6.395475e+03
3.5 6.235989e+03 6.423796e+03 6.486816e+03 6.299010e+03
4.5 6.294819e+03 6.398797e+03 6.475174e+03 6.371196e+03
5.5 6.332012e+03 6.370760e+03 6.462165e+03 6.423417e+03
6.5 6.343214e+03 6.344908e+03 6.450264e+03 6.448570e+03
7.5 6.222370e+03 6.324149e+03 6.440812e+03 6.339032e+03
8.5 6.206700e+03 6.309144e+03 6.434088e+03 6.331643e+03
9.5 6.234012e+03 6.299209e+03 6.429769e+03 6.364572e+03
10.5 6.216906e+03 6.293235e+03 6.427330e+03 6.351002e+03
11.5 6.298695e+03 6.290823e+03 6.426615e+03 6.434486e+03
12.5 6.380186e+03 6.295600e+03 6.429382e+03 6.513968e+03
13.5 6.309051e+03 6.311482e+03 6.437463e+03 6.435032e+03
14.5 6.394602e+03 6.336596e+03 6.449904e+03 6.507910e+03
15.5 6.437339e+03 6.365075e+03 6.463884e+03 6.536147e+03
16.5 6.278547e+03 6.391382e+03 6.476782e+03 6.363947e+03
17.5 6.319151e+03 6.412432e+03 6.487157e+03 6.393876e+03
18.5 6.453567e+03 6.427462e+03 6.494670e+03 6.520775e+03
19.5 6.495925e+03 6.437064e+03 6.499617e+03 6.558478e+03
20.5 6.513827e+03 6.442329e+03 6.502522e+03 6.574020e+03
21.5 6.411546e+03 6.444354e+03 6.503907e+03 6.471099e+03
22.5 6.473516e+03 6.444071e+03 6.504215e+03 6.533660e+03
23.5 6.378670e+03 6.442220e+03 6.503796e+03 6.440246e+03
24.5 6.245711e+03 6.439386e+03 6.502928e+03 6.309253e+03
25.5 6.331267e+03 6.436021e+03 6.501825e+03 6.397072e+03
26.5 6.351717e+03 6.432466e+03 6.500650e+03 6.419901e+03
27.5 6.458097e+03 6.428959e+03 6.499514e+03 6.528652e+03
28.5 6.381203e+03 6.425647e+03 6.498487e+03 6.454043e+03
29.5 6.443420e+03 6.422612e+03 6.497603e+03 6.518410e+03
30.5 6.515586e+03 6.422791e+03 6.496868e+03 6.589663e+03
31.5 6.508051e+03 6.446054e+03 6.496274e+03 6.558271e+03
32.5 6.614242e+03 6.519297e+03 6.495799e+03 6.590745e+03
33.5 6.644798e+03 6.630668e+03 6.495421e+03 6.509551e+03
34.5 6.810735e+03 6.736790e+03 6.495117e+03 6.569062e+03
35.5 6.812547e+03 6.808466e+03 6.494867e+03 6.498948e+03
36.5 6.808964e+03 6.842539e+03 6.494654e+03 6.461080e+03
37.5 6.719258e+03 6.849673e+03 6.494467e+03 6.364051e+03
38.5 6.823214e+03 6.842029e+03 6.494294e+03 6.475479e+03
39.5 6.655254e+03 6.828020e+03 6.494131e+03 6.321365e+03
40.5 6.743417e+03 6.810518e+03 6.493972e+03 6.426870e+03
