0.5 6.546288e+03 6.470076e+03 6.485293e+03 6.561505e+03
1.5 6.601615e+03 6.470130e+03 6.474331e+03 6.605816e+03
2.5 6.592474e+03 6.464662e+03 6.446952e+03 6.574764e+03
3.5 6.510962e+03 6.449216e+03 6.414066e+03 6.475813e+03
4.5 6.467356e+03 6.425226e+03 6.393785e+03 6.435915e+03
5.5 6.471908e+03 6.398203e+03 6.392818e+03 6.466522e+03
6.5 6.500668e+03 6.373399e+03 6.406297e+03 6.533566e+03
7.5 6.353915e+03 6.353694e+03 6.425902e+03 6.426123e+03
8.5 6.291089e+03 6.339722e+03 6.445333e+03 6.396700e+03
9.5 6.452491e+03 6.330827e+03 6.461545e+03 6.583210e+03
10.5 6.446292e+03 6.325899e+03 6.475174e+03 6.595567e+03
11.5 6.408625e+03 6.324540e+03 6.494864e+03 6.578949e+03
12.5 6.467312e+03 6.330376e+03 6.528139e+03 6.665076e+03
13.5 6.456553e+03 6.347320e+03 6.564721e+03 6.673954e+03
14.5 6.395452e+03 6.373500e+03 6.587002e+03 6.608953e+03
15.5 6.321958e+03 6.403052e+03 6.588684e+03 6.507591e+03
16.5 6.333935e+03 6.430442e+03 6.574994e+03 6.478487e+03
17.5 6.288111e+03 6.452591e+03 6.554572e+03 6.390091e+03
18.5 6.307380e+03 6.468737e+03 6.533994e+03 6.372636e+03
19.5 6.257975e+03 6.479474e+03 6.516525e+03 6.295026e+03
20.5 6.403746e+03 6.485892e+03 6.503023e+03 6.420876e+03
21.5 6.623952e+03 6.489089e+03 6.493177e+03 6.628039e+03
22.5 6.467371e+03 6.489997e+03 6.486337e+03 6.463711e+03
23.5 6.543284e+03 6.489357e+03 6.481880e+03 6.535807e+03
24.5 6.617314e+03 6.487752e+03 6.479286e+03 6.608847e+03
25.5 6.608920e+03 6.485638e+03 6.478117e+03 6.601399e+03
26.5 6.416826e+03 6.483354e+03 6.477986e+03 6.411458e+03
27.5 6.504639e+03 6.481140e+03 6.478544e+03 6.502044e+03
28.5 6.716651e+03 6.479144e+03 6.479495e+03 6.717002e+03
29.5 6.496599e+03 6.477438e+03 6.480596e+03 6.499758e+03
30.5 6.586095e+03 6.476046e+03 6.480345e+03 6.590393e+03
31.5 6.481983e+03 6.474270e+03 6.470395e+03 6.478108e+03
32.5 6.511397e+03 6.467554e+03 6.443866e+03 6.487709e+03
33.5 6.516801e+03 6.451242e+03 6.411657e+03 6.477216e+03
34.5 6.419372e+03 6.426622e+03 6.391890e+03 6.384641e+03
35.5 6.375440e+03 6.399101e+03 6.391300e+03 6.367639e+03
36.5 6.293735e+03 6.373873e+03 6.405047e+03 6.324910e+03
37.5 6.192558e+03 6.353781e+03 6.424840e+03 6.263617e+03
38.5 6.258864e+03 6.339439e+03 6.444399e+03 6.363824e+03
39.5 6.343490e+03 6.330179e+03 6.460699e+03 6.474010e+03
40.5 6.238848e+03 6.324886e+03 6.474386e+03 6.388348e+03
41.5 6.360645e+03 6.323161e+03 6.494116e+03 6.531600e+03
42.5 6.403759e+03 6.328629e+03 6.527420e+03 6.602550e+03
43.5 6.345405e+03 6.345204e+03 6.564022e+03 6.564224e+03
44.5 6.396902e+03 6.371015e+03 6.586320e+03 6.612206e+03
45.5 6.405815e+03 6.400200e+03 6.588017e+03 6.593632e+03
0.5 6.586095e+03 6.476046e+03 6.480345e+03 6.590393e+03
1.5 6.481983e+03 6.474270e+03 6.470395e+03 6.478108e+03
2.5 6.511397e+03 6.467554e+03 6.443866e+03 6.487709e+03
3.5 6.516801e+03 6.451242e+03 6.411657e+03 6.477216e+03
4.5 6.419372e+03 6.426622e+03 6.391890e+03 6.384641e+03
5.5 6.375440e+03 6.399101e+03 6.391300e+03 6.367639e+03
6.5 6.293735e+03 6.373873e+03 6.405047e+03 6.324910e+03
7.5 6.192558e+03 6.353781e+03 6.424840e+03 6.263617e+03
8.5 6.258864e+03 6.339439e+03 6.444399e+03 6.363824e+03
9.5 6.343490e+03 6.330179e+03 6.460699e+03 6.474010e+03
10.5 6.238848e+03 6.324886e+03 6.474386e+03 6.388348e+03
11.5 6.360645e+03 6.323161e+03 6.494116e+03 6.531600e+03
12.5 6.403759e+03 6.328629e+03 6.527420e+03 6.602550e+03
13.5 6.345405e+03 6.345204e+03 6.564022e+03 6.564224e+03
14.5 6.396902e+03 6.371015e+03 6.586320e+03 6.612206e+03
15.5 6.405815e+03 6.400200e+03 6.588017e+03 6.593632e+03
16.5 6.411735e+03 6.427226e+03 6.574340e+03 6.558849e+03
17.5 6.421138e+03 6.449010e+03 6.553929e+03 6.526057e+03
18.5 6.367998e+03 6.464790e+03 6.533361e+03 6.436569e+03
19.5 6.553898e+03 6.475164e+03 6.515903e+03 6.594636e+03
20.5 6.515476e+03 6.481221e+03 6.502411e+03 6.536666e+03
21.5 6.604474e+03 6.484061e+03 6.492575e+03 6.612989e+03
22.5 6.565563e+03 6.484613e+03 6.485747e+03 6.566697e+03
23.5 6.608922e+03 6.483620e+03 6.481300e+03 6.606601e+03
24.5 6.570289e+03 6.481666e+03 6.478717e+03 6.567339e+03
25.5 6.657744e+03 6.479205e+03 6.477559e+03 6.656098e+03
26.5 6.566455e+03 6.476579e+03 6.477439e+03 6.567315e+03
27.5 6.667073e+03 6.474025e+03 6.478008e+03 6.671057e+03
28.5 6.568106e+03 6.471691e+03 6.478969e+03 6.575384e+03
29.5 6.567060e+03 6.469663e+03 6.480087e+03 6.577484e+03
30.5 6.579988e+03 6.470876e+03 6.481194e+03 6.590307e+03
31.5 6.594654e+03 6.495205e+03 6.482189e+03 6.581637e+03
32.5 6.732410e+03 6.569556e+03 6.483021e+03 6.645875e+03
33.5 6.798075e+03 6.682105e+03 6.483679e+03 6.599649e+03
34.5 6.767412e+03 6.789500e+03 6.484176e+03 6.462088e+03
35.5 6.725642e+03 6.862548e+03 6.484535e+03 6.347629e+03
36.5 6.934828e+03 6.898080e+03 6.484786e+03 6.521534e+03
37.5 6.710892e+03 6.906747e+03 6.484956e+03 6.289101e+03
38.5 6.773429e+03 6.900694e+03 6.485066e+03 6.357801e+03
39.5 6.885354e+03 6.888325e+03 6.485135e+03 6.482165e+03
40.5 6.916234e+03 6.871160e+03 6.485176e+03 6.530251e+03
41.5 6.894679e+03 6.831246e+03 6.485199e+03 6.548632e+03
42.5 6.944792e+03 6.742454e+03 6.485209e+03 6.687547e+03
43.5 6.767664e+03 6.616998e+03 6.485212e+03 6.635878e+03
44.5 6.688899e+03 6.498489e+03 6.485211e+03 6.675622e+03
45.5 6.480862e+03 6.416261e+03 6.485208e+03 6.549809e+03
0.5 6.490879e+03 6.447659e+03 6.483755e+03 6.526976e+03
1.5 6.303687e+03 6.446716e+03 6.472815e+03 6.329786e+03
2.5 6.341256e+03 6.440247e+03 6.445457e+03 6.346466e+03
3.5 6.235989e+03 6.423796e+03 6.412594e+03 6.224787e+03
4.5 6.294819e+03 6.398797e+03 6.392334e+03 6.288356e+03
5.5 6.332012e+03 6.370760e+03 6.391388e+03 6.352640e+03
6.5 6.343214e+03 6.344908e+03 6.404879e+03 6.403185e+03
7.5 6.222370e+03 6.324149e+03 6.424496e+03 6.322717e+03
8.5 6.206700e+03 6.309144e+03 6.443945e+03 6.341501e+03
9.5 6.234012e+03 6.299209e+03 6.460176e+03 6.394979e+03
10.5 6.216906e+03 6.293235e+03 6.473823e+03 6.397494e+03
11.5 6.298695e+03 6.290823e+03 6.493530e+03 6.501402e+03
12.5 6.380186e+03 6.295600e+03 6.526822e+03 6.611408e+03
13.5 6.309051e+03 6.311482e+03 6.563421e+03 6.560989e+03
14.5 6.394602e+03 6.336596e+03 6.585717e+03 6.643723e+03
15.5 6.437339e+03 6.365075e+03 6.587415e+03 6.659678e+03
16.5 6.278547e+03 6.391382e+03 6.573739e+03 6.460905e+03
17.5 6.319151e+03 6.412432e+03 6.553331e+03 6.460050e+03
18.5 6.453567e+03 6.427462e+03 6.532767e+03 6.558871e+03
19.5 6.495925e+03 6.437064e+03 6.515310e+03 6.574170e+03
20.5 6.513827e+03 6.442329e+03 6.501820e+03 6.573318e+03
21.5 6.411546e+03 6.444354e+03 6.491985e+03 6.459176e+03
22.5 6.473516e+03 6.444071e+03 6.485155e+03 6.514601e+03
23.5 6.378670e+03 6.442220e+03 6.480707e+03 6.417157e+03
24.5 6.245711e+03 6.439386e+03 6.478122e+03 6.284447e+03
25.5 6.331267e+03 6.436021e+03 6.476961e+03 6.372207e+03
26.5 6.351717e+03 6.432466e+03 6.476836e+03 6.396087e+03
27.5 6.458097e+03 6.428959e+03 6.477400e+03 6.506538e+03
28.5 6.381203e+03 6.425647e+03 6.478355e+03 6.433911e+03
29.5 6.443420e+03 6.422612e+03 6.479465e+03 6.500273e+03
30.5 6.515586e+03 6.422791e+03 6.480564e+03 6.573359e+03
31.5 6.508051e+03 6.446054e+03 6.481549e+03 6.543547e+03
32.5 6.614242e+03 6.519297e+03 6.482371e+03 6.577316e+03
33.5 6.644798e+03 6.630668e+03 6.483018e+03 6.497148e+03
34.5 6.810735e+03 6.736790e+03 6.483502e+03 6.557446e+03
35.5 6.812547e+03 6.808466e+03 6.483847e+03 6.487928e+03
36.5 6.808964e+03 6.842539e+03 6.484083e+03 6.450508e+03
37.5 6.719258e+03 6.849673e+03 6.484236e+03 6.353821e+03
38.5 6.823214e+03 6.842029e+03 6.484330e+03 6.465515e+03
39.5 6.655254e+03 6.828020e+03 6.484380e+03 6.311614e+03
40.5 6.743417e+03 6.810518e+03 6.484402e+03 6.417300e+03
