0.5 8.805305e+03 8.857365e+03 8.858015e+03 8.805955e+03
1.5 8.826217e+03 8.851268e+03 8.857704e+03 8.832653e+03
2.5 8.790533e+03 8.830321e+03 8.851936e+03 8.812148e+03
3.5 8.780915e+03 8.796174e+03 8.836069e+03 8.820809e+03
4.5 8.779952e+03 8.760722e+03 8.811605e+03 8.830835e+03
5.5 8.735185e+03 8.733422e+03 8.784182e+03 8.785945e+03
6.5 8.730088e+03 8.716770e+03 8.759119e+03 8.772436e+03
7.5 8.737863e+03 8.708855e+03 8.739299e+03 8.768307e+03
8.5 8.703398e+03 8.706655e+03 8.725324e+03 8.722067e+03
9.5 8.699745e+03 8.707731e+03 8.716503e+03 8.708517e+03
10.5 8.701413e+03 8.710554e+03 8.711707e+03 8.702566e+03
11.5 8.679642e+03 8.714267e+03 8.709844e+03 8.675220e+03
12.5 8.674161e+03 8.718370e+03 8.710013e+03 8.665804e+03
13.5 8.697151e+03 8.722526e+03 8.711510e+03 8.686136e+03
14.5 8.698813e+03 8.726484e+03 8.713793e+03 8.686123e+03
15.5 8.691031e+03 8.730063e+03 8.716444e+03 8.677413e+03
16.5 8.749918e+03 8.733161e+03 8.719152e+03 8.735910e+03
17.5 8.777659e+03 8.735748e+03 8.721703e+03 8.763615e+03
18.5 8.783333e+03 8.737854e+03 8.723968e+03 8.769447e+03
19.5 8.793399e+03 8.739548e+03 8.725888e+03 8.779738e+03
20.5 8.784682e+03 8.741977e+03 8.727459e+03 8.770164e+03
21.5 8.798089e+03 8.752480e+03 8.729469e+03 8.775079e+03
22.5 8.846294e+03 8.780995e+03 8.736645e+03 8.801944e+03
23.5 8.877696e+03 8.823338e+03 8.753677e+03 8.808035e+03
24.5 8.919073e+03 8.863755e+03 8.779110e+03 8.834428e+03
25.5 8.949154e+03 8.891595e+03 8.807351e+03 8.864909e+03
26.5 8.926672e+03 8.905679e+03 8.833118e+03 8.854112e+03
27.5 8.931749e+03 8.909875e+03 8.853558e+03 8.875432e+03
28.5 8.884790e+03 8.908617e+03 8.868092e+03 8.844264e+03
29.5 8.910546e+03 8.904982e+03 8.877426e+03 8.882990e+03
30.5 8.853763e+03 8.899540e+03 8.882697e+03 8.836920e+03
31.5 8.844452e+03 8.885734e+03 8.884248e+03 8.842967e+03
32.5 8.857809e+03 8.854017e+03 8.878294e+03 8.882086e+03
33.5 8.801367e+03 8.808842e+03 8.860916e+03 8.853442e+03
34.5 8.780982e+03 8.766094e+03 8.834169e+03 8.849058e+03
35.5 8.790121e+03 8.736523e+03 8.804108e+03 8.857706e+03
36.5 8.709018e+03 8.721333e+03 8.776360e+03 8.764045e+03
37.5 8.688093e+03 8.716617e+03 8.754021e+03 8.725496e+03
38.5 8.688409e+03 8.717853e+03 8.737819e+03 8.708376e+03
39.5 8.686219e+03 8.721846e+03 8.727118e+03 8.691491e+03
40.5 8.663751e+03 8.726849e+03 8.720796e+03 8.657698e+03
41.5 8.690143e+03 8.732039e+03 8.717727e+03 8.675831e+03
42.5 8.687315e+03 8.737032e+03 8.716966e+03 8.667249e+03
43.5 8.675407e+03 8.741603e+03 8.717755e+03 8.651559e+03
44.5 8.680904e+03 8.745599e+03 8.719501e+03 8.654806e+03
45.5 8.711813e+03 8.748928e+03 8.721741e+03 8.684627e+03
46.5 8.678169e+03 8.751569e+03 8.724131e+03 8.650731e+03
47.5 8.702996e+03 8.753567e+03 8.726427e+03 8.675856e+03
48.5 8.679587e+03 8.755018e+03 8.728482e+03 8.653050e+03
49.5 8.716681e+03 8.756040e+03 8.730221e+03 8.690862e+03
50.5 8.757361e+03 8.756984e+03 8.731633e+03 8.732010e+03
51.5 8.779334e+03 8.759465e+03 8.733497e+03 8.753367e+03
52.5 8.793489e+03 8.765169e+03 8.740536e+03 8.768855e+03
53.5 8.826616e+03 8.772647e+03 8.757435e+03 8.811404e+03
54.5 8.816012e+03 8.778625e+03 8.782736e+03 8.820124e+03
55.5 8.799216e+03 8.781456e+03 8.810846e+03 8.828607e+03
0.5 8.853763e+03 8.899540e+03 8.882697e+03 8.836920e+03
1.5 8.844452e+03 8.885734e+03 8.884248e+03 8.842967e+03
2.5 8.857809e+03 8.854017e+03 8.878294e+03 8.882086e+03
3.5 8.801367e+03 8.808842e+03 8.860916e+03 8.853442e+03
4.5 8.780982e+03 8.766094e+03 8.834169e+03 8.849058e+03
5.5 8.790121e+03 8.736523e+03 8.804108e+03 8.857706e+03
6.5 8.709018e+03 8.721333e+03 8.776360e+03 8.764045e+03
7.5 8.688093e+03 8.716617e+03 8.754021e+03 8.725496e+03
8.5 8.688409e+03 8.717853e+03 8.737819e+03 8.708376e+03
9.5 8.686219e+03 8.721846e+03 8.727118e+03 8.691491e+03
10.5 8.663751e+03 8.726849e+03 8.720796e+03 8.657698e+03
11.5 8.690143e+03 8.732039e+03 8.717727e+03 8.675831e+03
12.5 8.687315e+03 8.737032e+03 8.716966e+03 8.667249e+03
13.5 8.675407e+03 8.741603e+03 8.717755e+03 8.651559e+03
14.5 8.680904e+03 8.745599e+03 8.719501e+03 8.654806e+03
15.5 8.711813e+03 8.748928e+03 8.721741e+03 8.684627e+03
16.5 8.678169e+03 8.751569e+03 8.724131e+03 8.650731e+03
17.5 8.702996e+03 8.753567e+03 8.726427e+03 8.675856e+03
18.5 8.679587e+03 8.755018e+03 8.728482e+03 8.653050e+03
19.5 8.716681e+03 8.756040e+03 8.730221e+03 8.690862e+03
20.5 8.757361e+03 8.756984e+03 8.731633e+03 8.732010e+03
21.5 8.779334e+03 8.759465e+03 8.733497e+03 8.753367e+03
22.5 8.793489e+03 8.765169e+03 8.740536e+03 8.768855e+03
23.5 8.826616e+03 8.772647e+03 8.757435e+03 8.811404e+03
24.5 8.816012e+03 8.778625e+03 8.782736e+03 8.820124e+03
25.5 8.799216e+03 8.781456e+03 8.810846e+03 8.828607e+03
26.5 8.803722e+03 8.781538e+03 8.836483e+03 8.858668e+03
27.5 8.787188e+03 8.780083e+03 8.856795e+03 8.863901e+03
28.5 8.789600e+03 8.778144e+03 8.871202e+03 8.882659e+03
29.5 8.824562e+03 8.776316e+03 8.880413e+03 8.928659e+03
30.5 8.808111e+03 8.774585e+03 8.885565e+03 8.919092e+03
31.5 8.813332e+03 8.771462e+03 8.887001e+03 8.928872e+03
32.5 8.803212e+03 8.765296e+03 8.880948e+03 8.918864e+03
33.5 8.788117e+03 8.757544e+03 8.863474e+03 8.894046e+03
34.5 8.780687e+03 8.751475e+03 8.836633e+03 8.865846e+03
35.5 8.740263e+03 8.748720e+03 8.806481e+03 8.798024e+03
36.5 8.697699e+03 8.748857e+03 8.778646e+03 8.727487e+03
37.5 8.702617e+03 8.750641e+03 8.756220e+03 8.708196e+03
38.5 8.671361e+03 8.752983e+03 8.739935e+03 8.658314e+03
39.5 8.653808e+03 8.755253e+03 8.729154e+03 8.627709e+03
40.5 8.699833e+03 8.757204e+03 8.722753e+03 8.665382e+03
41.5 8.738897e+03 8.758790e+03 8.719608e+03 8.699716e+03
42.5 8.766406e+03 8.760043e+03 8.718772e+03 8.725135e+03
43.5 8.781453e+03 8.761007e+03 8.719489e+03 8.739935e+03
44.5 8.800680e+03 8.761721e+03 8.721165e+03 8.760124e+03
45.5 8.802158e+03 8.762222e+03 8.723338e+03 8.763274e+03
46.5 8.749733e+03 8.762546e+03 8.725661e+03 8.712848e+03
47.5 8.807123e+03 8.762735e+03 8.727894e+03 8.772282e+03
48.5 8.864300e+03 8.762827e+03 8.729885e+03 8.831358e+03
49.5 8.817675e+03 8.762858e+03 8.731564e+03 8.786381e+03
50.5 8.848015e+03 8.763092e+03 8.732917e+03 8.817840e+03
51.5 8.818753e+03 8.765059e+03 8.734723e+03 8.788417e+03
52.5 8.817824e+03 8.770382e+03 8.741706e+03 8.789147e+03
53.5 8.813676e+03 8.777558e+03 8.758550e+03 8.794668e+03
54.5 8.792308e+03 8.783280e+03 8.783798e+03 8.792827e+03
55.5 8.781814e+03 8.785879e+03 8.811856e+03 8.807792e+03
0.5 8.808111e+03 8.774585e+03 8.885565e+03 8.919092e+03
1.5 8.813332e+03 8.771462e+03 8.887001e+03 8.928872e+03
2.5 8.803212e+03 8.765296e+03 8.880948e+03 8.918864e+03
3.5 8.788117e+03 8.757544e+03 8.863474e+03 8.894046e+03
4.5 8.780687e+03 8.751475e+03 8.836633e+03 8.865846e+03
5.5 8.740263e+03 8.748720e+03 8.806481e+03 8.798024e+03
6.5 8.697699e+03 8.748857e+03 8.778646e+03 8.727487e+03
7.5 8.702617e+03 8.750641e+03 8.756220e+03 8.708196e+03
8.5 8.671361e+03 8.752983e+03 8.739935e+03 8.658314e+03
9.5 8.653808e+03 8.755253e+03 8.729154e+03 8.627709e+03
10.5 8.699833e+03 8.757204e+03 8.722753e+03 8.665382e+03
11.5 8.738897e+03 8.758790e+03 8.719608e+03 8.699716e+03
12.5 8.766406e+03 8.760043e+03 8.718772e+03 8.725135e+03
13.5 8.781453e+03 8.761007e+03 8.719489e+03 8.739935e+03
14.5 8.800680e+03 8.761721e+03 8.721165e+03 8.760124e+03
15.5 8.802158e+03 8.762222e+03 8.723338e+03 8.763274e+03
16.5 8.749733e+03 8.762546e+03 8.725661e+03 8.712848e+03
17.5 8.807123e+03 8.762735e+03 8.727894e+03 8.772282e+03
18.5 8.864300e+03 8.762827e+03 8.729885e+03 8.831358e+03
19.5 8.817675e+03 8.762858e+03 8.731564e+03 8.786381e+03
20.5 8.848015e+03 8.763092e+03 8.732917e+03 8.817840e+03
21.5 8.818753e+03 8.765059e+03 8.734723e+03 8.788417e+03
22.5 8.817824e+03 8.770382e+03 8.741706e+03 8.789147e+03
23.5 8.813676e+03 8.777558e+03 8.758550e+03 8.794668e+03
24.5 8.792308e+03 8.783280e+03 8.783798e+03 8.792827e+03
25.5 8.781814e+03 8.785879e+03 8.811856e+03 8.807792e+03
26.5 8.757666e+03 8.785740e+03 8.837443e+03 8.809369e+03
27.5 8.731094e+03 8.784070e+03 8.857706e+03 8.804730e+03
28.5 8.746975e+03 8.781918e+03 8.872064e+03 8.837122e+03
29.5 8.750646e+03 8.779878e+03 8.881228e+03 8.851997e+03
30.5 8.781714e+03 8.777935e+03 8.886334e+03 8.890113e+03
31.5 8.794301e+03 8.774601e+03 8.887725e+03 8.907424e+03
32.5 8.821156e+03 8.768226e+03 8.881627e+03 8.934557e+03
33.5 8.796468e+03 8.760268e+03 8.864111e+03 8.900311e+03
34.5 8.773034e+03 8.753995e+03 8.837228e+03 8.856267e+03
35.5 8.770604e+03 8.751039e+03 8.807034e+03 8.826598e+03
36.5 8.747235e+03 8.750979e+03 8.779158e+03 8.775414e+03
37.5 8.761471e+03 8.752568e+03 8.756693e+03 8.765596e+03
38.5 8.772421e+03 8.754717e+03 8.740368e+03 8.758072e+03
39.5 8.785824e+03 8.756798e+03 8.729548e+03 8.758574e+03
40.5 8.793197e+03 8.758562e+03 8.723109e+03 8.757743e+03
41.5 8.781024e+03 8.759965e+03 8.719926e+03 8.740985e+03
42.5 8.785983e+03 8.761039e+03 8.719053e+03 8.743998e+03
43.5 8.759475e+03 8.761826e+03 8.719734e+03 8.717383e+03
44.5 8.763255e+03 8.762366e+03 8.721373e+03 8.722262e+03
45.5 8.756718e+03 8.762696e+03 8.723510e+03 8.717532e+03
46.5 8.764685e+03 8.762852e+03 8.725797e+03 8.727630e+03
47.5 8.774749e+03 8.762875e+03 8.727994e+03 8.739867e+03
48.5 8.782735e+03 8.762805e+03 8.729950e+03 8.749880e+03
49.5 8.764247e+03 8.762680e+03 8.731594e+03 8.733160e+03
50.5 8.806547e+03 8.763592e+03 8.732911e+03 8.775866e+03
51.5 8.788914e+03 8.772817e+03 8.734682e+03 8.750779e+03
52.5 8.818693e+03 8.800232e+03 8.741629e+03 8.760090e+03
53.5 8.848521e+03 8.841601e+03 8.758439e+03 8.765359e+03
54.5 8.854044e+03 8.881133e+03 8.783651e+03 8.756562e+03
55.5 8.898609e+03 8.908150e+03 8.811674e+03 8.802133e+03
0.5 8.781714e+03 8.777935e+03 8.886334e+03 8.890113e+03
1.5 8.794301e+03 8.774601e+03 8.887725e+03 8.907424e+03
2.5 8.821156e+03 8.768226e+03 8.881627e+03 8.934557e+03
3.5 8.796468e+03 8.760268e+03 8.864111e+03 8.900311e+03
4.5 8.773034e+03 8.753995e+03 8.837228e+03 8.856267e+03
5.5 8.770604e+03 8.751039e+03 8.807034e+03 8.826598e+03
6.5 8.747235e+03 8.750979e+03 8.779158e+03 8.775414e+03
7.5 8.761471e+03 8.752568e+03 8.756693e+03 8.765596e+03
8.5 8.772421e+03 8.754717e+03 8.740368e+03 8.758072e+03
9.5 8.785824e+03 8.756798e+03 8.729548e+03 8.758574e+03
10.5 8.793197e+03 8.758562e+03 8.723109e+03 8.757743e+03
11.5 8.781024e+03 8.759965e+03 8.719926e+03 8.740985e+03
12.5 8.785983e+03 8.761039e+03 8.719053e+03 8.743998e+03
13.5 8.759475e+03 8.761826e+03 8.719734e+03 8.717383e+03
14.5 8.763255e+03 8.762366e+03 8.721373e+03 8.722262e+03
15.5 8.756718e+03 8.762696e+03 8.723510e+03 8.717532e+03
16.5 8.764685e+03 8.762852e+03 8.725797e+03 8.727630e+03
17.5 8.774749e+03 8.762875e+03 8.727994e+03 8.739867e+03
18.5 8.782735e+03 8.762805e+03 8.729950e+03 8.749880e+03
19.5 8.764247e+03 8.762680e+03 8.731594e+03 8.733160e+03
20.5 8.806547e+03 8.763592e+03 8.732911e+03 8.775866e+03
21.5 8.788914e+03 8.772817e+03 8.734682e+03 8.750779e+03
22.5 8.818693e+03 8.800232e+03 8.741629e+03 8.760090e+03
23.5 8.848521e+03 8.841601e+03 8.758439e+03 8.765359e+03
24.5 8.854044e+03 8.881133e+03 8.783651e+03 8.756562e+03
25.5 8.898609e+03 8.908150e+03 8.811674e+03 8.802133e+03
26.5 8.897029e+03 8.921455e+03 8.837225e+03 8.812799e+03
27.5 8.861562e+03 8.924905e+03 8.857452e+03 8.794109e+03
28.5 8.937227e+03 8.922925e+03 8.871774e+03 8.886076e+03
29.5 8.923043e+03 8.918586e+03 8.880902e+03 8.885359e+03
30.5 8.932169e+03 8.912455e+03 8.885970e+03 8.905684e+03
31.5 8.945714e+03 8.897997e+03 8.887324e+03 8.935040e+03
32.5 8.915460e+03 8.865654e+03 8.881188e+03 8.930995e+03
33.5 8.868538e+03 8.819836e+03 8.863633e+03 8.912335e+03
34.5 8.831055e+03 8.776454e+03 8.836711e+03 8.891312e+03
35.5 8.757690e+03 8.746257e+03 8.806478e+03 8.817911e+03
36.5 8.713336e+03 8.730449e+03 8.778562e+03 8.761448e+03
37.5 8.708729e+03 8.725122e+03 8.756055e+03 8.739662e+03
38.5 8.696103e+03 8.725753e+03 8.739689e+03 8.710039e+03
39.5 8.718444e+03 8.729149e+03 8.728826e+03 8.718120e+03
40.5 8.787765e+03 8.733563e+03 8.722343e+03 8.776545e+03
41.5 8.786702e+03 8.738171e+03 8.719117e+03 8.767648e+03
42.5 8.787552e+03 8.742587e+03 8.718198e+03 8.763163e+03
43.5 8.804147e+03 8.746589e+03 8.718832e+03 8.776390e+03
44.5 8.738153e+03 8.750023e+03 8.720424e+03 8.708554e+03
45.5 8.705094e+03 8.752796e+03 8.722512e+03 8.674810e+03
46.5 8.726814e+03 8.754887e+03 8.724749e+03 8.696676e+03
47.5 8.733796e+03 8.756343e+03 8.726894e+03 8.704347e+03
48.5 8.729965e+03 8.757256e+03 8.728798e+03 8.701507e+03
49.5 8.787716e+03 8.757745e+03 8.730388e+03 8.760358e+03
50.5 8.793684e+03 8.758163e+03 8.731649e+03 8.767170e+03
51.5 8.763290e+03 8.760123e+03 8.733364e+03 8.736531e+03
52.5 8.760616e+03 8.765311e+03 8.740252e+03 8.735557e+03
53.5 8.761931e+03 8.772278e+03 8.757002e+03 8.746654e+03
54.5 8.751070e+03 8.777749e+03 8.782153e+03 8.755474e+03
55.5 8.774094e+03 8.780078e+03 8.810112e+03 8.804128e+03
0.5 8.932169e+03 8.912455e+03 8.885970e+03 8.905684e+03
1.5 8.945714e+03 8.897997e+03 8.887324e+03 8.935040e+03
2.5 8.915460e+03 8.865654e+03 8.881188e+03 8.930995e+03
3.5 8.868538e+03 8.819836e+03 8.863633e+03 8.912335e+03
4.5 8.831055e+03 8.776454e+03 8.836711e+03 8.891312e+03
5.5 8.757690e+03 8.746257e+03 8.806478e+03 8.817911e+03
6.5 8.713336e+03 8.730449e+03 8.778562e+03 8.761448e+03
7.5 8.708729e+03 8.725122e+03 8.756055e+03 8.739662e+03
8.5 8.696103e+03 8.725753e+03 8.739689e+03 8.710039e+03
9.5 8.718444e+03 8.729149e+03 8.728826e+03 8.718120e+03
10.5 8.787765e+03 8.733563e+03 8.722343e+03 8.776545e+03
11.5 8.786702e+03 8.738171e+03 8.719117e+03 8.767648e+03
12.5 8.787552e+03 8.742587e+03 8.718198e+03 8.763163e+03
13.5 8.804147e+03 8.746589e+03 8.718832e+03 8.776390e+03
14.5 8.738153e+03 8.750023e+03 8.720424e+03 8.708554e+03
15.5 8.705094e+03 8.752796e+03 8.722512e+03 8.674810e+03
16.5 8.726814e+03 8.754887e+03 8.724749e+03 8.696676e+03
17.5 8.733796e+03 8.756343e+03 8.726894e+03 8.704347e+03
18.5 8.729965e+03 8.757256e+03 8.728798e+03 8.701507e+03
19.5 8.787716e+03 8.757745e+03 8.730388e+03 8.760358e+03
20.5 8.793684e+03 8.758163e+03 8.731649e+03 8.767170e+03
21.5 8.763290e+03 8.760123e+03 8.733364e+03 8.736531e+03
22.5 8.760616e+03 8.765311e+03 8.740252e+03 8.735557e+03
23.5 8.761931e+03 8.772278e+03 8.757002e+03 8.746654e+03
24.5 8.751070e+03 8.777749e+03 8.782153e+03 8.755474e+03
25.5 8.774094e+03 8.780078e+03 8.810112e+03 8.804128e+03
26.5 8.755856e+03 8.779648e+03 8.835597e+03 8.811805e+03
27.5 8.762732e+03 8.777668e+03 8.855745e+03 8.840810e+03
28.5 8.724928e+03 8.775219e+03 8.869987e+03 8.819695e+03
29.5 8.718959e+03 8.772883e+03 8.879030e+03 8.825106e+03
30.5 8.726638e+03 8.770646e+03 8.884011e+03 8.840004e+03
31.5 8.723996e+03 8.767018e+03 8.885274e+03 8.842252e+03
32.5 8.727272e+03 8.760349e+03 8.879045e+03 8.845967e+03
33.5 8.764765e+03 8.752100e+03 8.861394e+03 8.874059e+03
34.5 8.758723e+03 8.745540e+03 8.834376e+03 8.847559e+03
35.5 8.751342e+03 8.742303e+03 8.804048e+03 8.813087e+03
36.5 8.758363e+03 8.741964e+03 8.776038e+03 8.792438e+03
37.5 8.719649e+03 8.743277e+03 8.753442e+03 8.729814e+03
38.5 8.716757e+03 8.745152e+03 8.736988e+03 8.708593e+03
39.5 8.721052e+03 8.746956e+03 8.726038e+03 8.700134e+03
40.5 8.760322e+03 8.748440e+03 8.719468e+03 8.731350e+03
41.5 8.763692e+03 8.749560e+03 8.716154e+03 8.730286e+03
42.5 8.759073e+03 8.750346e+03 8.715146e+03 8.723873e+03
43.5 8.763434e+03 8.750840e+03 8.715687e+03 8.728282e+03
44.5 8.736124e+03 8.751081e+03 8.717185e+03 8.702227e+03
45.5 8.712348e+03 8.751105e+03 8.719174e+03 8.680417e+03
46.5 8.704459e+03 8.750950e+03 8.721311e+03 8.674820e+03
47.5 8.707235e+03 8.750654e+03 8.723351e+03 8.679931e+03
48.5 8.724242e+03 8.750258e+03 8.725146e+03 8.699130e+03
49.5 8.730597e+03 8.749800e+03 8.726623e+03 8.707421e+03
50.5 8.744967e+03 8.750370e+03 8.727768e+03 8.722365e+03
51.5 8.752545e+03 8.759245e+03 8.729363e+03 8.722663e+03
52.5 8.780359e+03 8.786297e+03 8.736127e+03 8.730188e+03
53.5 8.834150e+03 8.827281e+03 8.752744e+03 8.759614e+03
54.5 8.878860e+03 8.866397e+03 8.777752e+03 8.790216e+03
55.5 8.908911e+03 8.892965e+03 8.805551e+03 8.821498e+03
0.5 8.726638e+03 8.770646e+03 8.884011e+03 8.840004e+03
1.5 8.723996e+03 8.767018e+03 8.885274e+03 8.842252e+03
2.5 8.727272e+03 8.760349e+03 8.879045e+03 8.845967e+03
3.5 8.764765e+03 8.752100e+03 8.861394e+03 8.874059e+03
4.5 8.758723e+03 8.745540e+03 8.834376e+03 8.847559e+03
5.5 8.751342e+03 8.742303e+03 8.804048e+03 8.813087e+03
6.5 8.758363e+03 8.741964e+03 8.776038e+03 8.792438e+03
7.5 8.719649e+03 8.743277e+03 8.753442e+03 8.729814e+03
8.5 8.716757e+03 8.745152e+03 8.736988e+03 8.708593e+03
9.5 8.721052e+03 8.746956e+03 8.726038e+03 8.700134e+03
10.5 8.760322e+03 8.748440e+03 8.719468e+03 8.731350e+03
11.5 8.763692e+03 8.749560e+03 8.716154e+03 8.730286e+03
12.5 8.759073e+03 8.750346e+03 8.715146e+03 8.723873e+03
13.5 8.763434e+03 8.750840e+03 8.715687e+03 8.728282e+03
14.5 8.736124e+03 8.751081e+03 8.717185e+03 8.702227e+03
15.5 8.712348e+03 8.751105e+03 8.719174e+03 8.680417e+03
16.5 8.704459e+03 8.750950e+03 8.721311e+03 8.674820e+03
17.5 8.707235e+03 8.750654e+03 8.723351e+03 8.679931e+03
18.5 8.724242e+03 8.750258e+03 8.725146e+03 8.699130e+03
19.5 8.730597e+03 8.749800e+03 8.726623e+03 8.707421e+03
20.5 8.744967e+03 8.750370e+03 8.727768e+03 8.722365e+03
21.5 8.752545e+03 8.759245e+03 8.729363e+03 8.722663e+03
22.5 8.780359e+03 8.786297e+03 8.736127e+03 8.730188e+03
23.5 8.834150e+03 8.827281e+03 8.752744e+03 8.759614e+03
24.5 8.878860e+03 8.866397e+03 8.777752e+03 8.790216e+03
25.5 8.908911e+03 8.892965e+03 8.805551e+03 8.821498e+03
26.5 8.921298e+03 8.905791e+03 8.830856e+03 8.846363e+03
27.5 8.887751e+03 8.908741e+03 8.850816e+03 8.829827e+03
28.5 8.868401e+03 8.906241e+03 8.864851e+03 8.827012e+03
29.5 8.860213e+03 8.901370e+03 8.873674e+03 8.832517e+03
30.5 8.844848e+03 8.895467e+03 8.878425e+03 8.827806e+03
