0.5 8.531880e+03 8.528509e+03 8.562708e+03 8.566079e+03
1.5 8.540089e+03 8.531005e+03 8.562594e+03 8.571678e+03
2.5 8.530890e+03 8.539833e+03 8.561166e+03 8.552222e+03
3.5 8.592517e+03 8.556654e+03 8.557304e+03 8.593166e+03
4.5 8.617542e+03 8.577626e+03 8.551372e+03 8.591288e+03
5.5 8.621716e+03 8.597705e+03 8.544730e+03 8.568740e+03
6.5 8.613944e+03 8.613851e+03 8.538661e+03 8.538754e+03
7.5 8.643130e+03 8.625290e+03 8.533860e+03 8.551700e+03
8.5 8.645903e+03 8.632565e+03 8.530472e+03 8.543809e+03
9.5 8.690755e+03 8.636642e+03 8.528329e+03 8.582441e+03
10.5 8.655165e+03 8.638229e+03 8.527158e+03 8.544094e+03
11.5 8.661692e+03 8.636238e+03 8.526880e+03 8.552333e+03
12.5 8.621100e+03 8.626816e+03 8.528404e+03 8.522688e+03
13.5 8.595559e+03 8.608733e+03 8.532681e+03 8.519507e+03
14.5 8.565136e+03 8.586159e+03 8.539216e+03 8.518193e+03
15.5 8.538367e+03 8.564386e+03 8.546547e+03 8.520528e+03
16.5 8.489625e+03 8.546630e+03 8.553316e+03 8.496311e+03
17.5 8.504053e+03 8.533774e+03 8.558778e+03 8.529057e+03
18.5 8.488792e+03 8.525327e+03 8.562755e+03 8.526221e+03
19.5 8.445654e+03 8.520332e+03 8.565403e+03 8.490724e+03
20.5 8.459556e+03 8.517856e+03 8.566991e+03 8.508690e+03
21.5 8.500187e+03 8.517144e+03 8.567791e+03 8.550834e+03
22.5 8.512486e+03 8.517619e+03 8.568032e+03 8.562898e+03
23.5 8.504203e+03 8.518837e+03 8.567896e+03 8.553261e+03
24.5 8.523101e+03 8.520454e+03 8.567527e+03 8.570174e+03
25.5 8.484350e+03 8.522206e+03 8.567035e+03 8.529179e+03
26.5 8.452357e+03 8.523906e+03 8.566506e+03 8.494956e+03
27.5 8.511253e+03 8.525436e+03 8.565996e+03 8.551813e+03
28.5 8.518394e+03 8.526734e+03 8.565543e+03 8.557203e+03
29.5 8.535401e+03 8.527786e+03 8.565163e+03 8.572778e+03
30.5 8.555033e+03 8.528812e+03 8.564860e+03 8.591081e+03
31.5 8.568270e+03 8.531654e+03 8.564446e+03 8.601062e+03
32.5 8.585239e+03 8.540740e+03 8.562781e+03 8.607280e+03
33.5 8.590522e+03 8.557742e+03 8.558734e+03 8.591514e+03
34.5 8.567611e+03 8.578834e+03 8.552658e+03 8.541434e+03
35.5 8.574616e+03 8.598987e+03 8.545901e+03 8.521531e+03
36.5 8.566732e+03 8.615171e+03 8.539740e+03 8.491301e+03
37.5 8.583835e+03 8.626625e+03 8.534861e+03 8.492072e+03
38.5 8.617467e+03 8.633898e+03 8.531406e+03 8.514975e+03
39.5 8.613693e+03 8.637963e+03 8.529203e+03 8.504933e+03
40.5 8.632738e+03 8.639531e+03 8.527977e+03 8.521184e+03
41.5 8.636064e+03 8.637518e+03 8.527646e+03 8.526193e+03
42.5 8.652974e+03 8.628072e+03 8.529121e+03 8.554023e+03
43.5 8.645992e+03 8.609963e+03 8.533350e+03 8.569379e+03
44.5 8.644157e+03 8.587365e+03 8.539838e+03 8.596630e+03
45.5 8.625277e+03 8.565568e+03 8.547123e+03 8.606832e+03
0.5 8.555033e+03 8.528812e+03 8.564860e+03 8.591081e+03
1.5 8.568270e+03 8.531654e+03 8.564446e+03 8.601062e+03
2.5 8.585239e+03 8.540740e+03 8.562781e+03 8.607280e+03
3.5 8.590522e+03 8.557742e+03 8.558734e+03 8.591514e+03
4.5 8.567611e+03 8.578834e+03 8.552658e+03 8.541434e+03
5.5 8.574616e+03 8.598987e+03 8.545901e+03 8.521531e+03
6.5 8.566732e+03 8.615171e+03 8.539740e+03 8.491301e+03
7.5 8.583835e+03 8.626625e+03 8.534861e+03 8.492072e+03
8.5 8.617467e+03 8.633898e+03 8.531406e+03 8.514975e+03
9.5 8.613693e+03 8.637963e+03 8.529203e+03 8.504933e+03
10.5 8.632738e+03 8.639531e+03 8.527977e+03 8.521184e+03
11.5 8.636064e+03 8.637518e+03 8.527646e+03 8.526193e+03
12.5 8.652974e+03 8.628072e+03 8.529121e+03 8.554023e+03
13.5 8.645992e+03 8.609963e+03 8.533350e+03 8.569379e+03
14.5 8.644157e+03 8.587365e+03 8.539838e+03 8.596630e+03
15.5 8.625277e+03 8.565568e+03 8.547123e+03 8.606832e+03
16.5 8.577605e+03 8.547789e+03 8.553847e+03 8.583663e+03
17.5 8.576422e+03 8.534910e+03 8.559264e+03 8.600776e+03
18.5 8.597100e+03 8.526441e+03 8.563198e+03 8.633857e+03
19.5 8.609775e+03 8.521426e+03 8.565803e+03 8.654152e+03
20.5 8.583482e+03 8.518930e+03 8.567349e+03 8.631901e+03
21.5 8.534185e+03 8.518199e+03 8.568108e+03 8.584094e+03
22.5 8.513542e+03 8.518656e+03 8.568308e+03 8.563194e+03
23.5 8.498225e+03 8.519856e+03 8.568132e+03 8.546501e+03
24.5 8.524410e+03 8.521455e+03 8.567724e+03 8.570678e+03
25.5 8.551053e+03 8.523191e+03 8.567194e+03 8.595055e+03
26.5 8.563044e+03 8.524876e+03 8.566626e+03 8.604795e+03
27.5 8.549821e+03 8.526390e+03 8.566080e+03 8.589511e+03
28.5 8.532193e+03 8.527673e+03 8.565590e+03 8.570110e+03
29.5 8.511999e+03 8.528710e+03 8.565175e+03 8.548463e+03
30.5 8.532536e+03 8.529880e+03 8.564838e+03 8.567495e+03
31.5 8.545332e+03 8.533779e+03 8.564574e+03 8.576126e+03
32.5 8.531315e+03 8.544371e+03 8.564373e+03 8.551316e+03
33.5 8.565101e+03 8.560796e+03 8.564223e+03 8.568528e+03
34.5 8.556177e+03 8.577515e+03 8.564111e+03 8.542774e+03
35.5 8.581817e+03 8.590241e+03 8.564029e+03 8.555605e+03
36.5 8.591480e+03 8.597954e+03 8.563967e+03 8.557494e+03
37.5 8.581949e+03 8.601644e+03 8.563919e+03 8.544225e+03
38.5 8.616391e+03 8.602761e+03 8.563881e+03 8.577511e+03
39.5 8.596256e+03 8.602445e+03 8.563848e+03 8.557659e+03
40.5 8.614550e+03 8.601029e+03 8.563818e+03 8.577340e+03
41.5 8.612083e+03 8.596325e+03 8.563791e+03 8.579550e+03
42.5 8.612155e+03 8.584623e+03 8.563765e+03 8.591297e+03
43.5 8.588442e+03 8.566962e+03 8.563739e+03 8.585219e+03
44.5 8.564879e+03 8.549020e+03 8.563713e+03 8.579572e+03
45.5 8.525046e+03 8.535184e+03 8.563687e+03 8.553549e+03
0.5 8.558506e+03 8.531587e+03 8.563243e+03 8.590162e+03
1.5 8.533151e+03 8.533998e+03 8.563025e+03 8.562179e+03
2.5 8.552639e+03 8.542743e+03 8.561494e+03 8.571390e+03
3.5 8.571754e+03 8.559483e+03 8.557530e+03 8.569802e+03
4.5 8.606940e+03 8.580376e+03 8.551498e+03 8.578063e+03
5.5 8.612619e+03 8.600377e+03 8.544758e+03 8.556999e+03
6.5 8.607606e+03 8.616428e+03 8.538592e+03 8.529770e+03
7.5 8.626989e+03 8.627760e+03 8.533694e+03 8.532923e+03
8.5 8.611563e+03 8.634946e+03 8.530210e+03 8.506828e+03
9.5 8.591927e+03 8.638933e+03 8.527972e+03 8.480967e+03
10.5 8.626766e+03 8.640430e+03 8.526709e+03 8.513045e+03
11.5 8.614859e+03 8.638349e+03 8.526338e+03 8.502848e+03
12.5 8.602294e+03 8.628838e+03 8.527772e+03 8.501228e+03
13.5 8.626804e+03 8.610669e+03 8.531959e+03 8.548094e+03
14.5 8.581143e+03 8.588018e+03 8.538405e+03 8.531530e+03
15.5 8.534824e+03 8.566176e+03 8.545648e+03 8.514297e+03
16.5 8.532464e+03 8.548357e+03 8.552331e+03 8.536439e+03
17.5 8.531030e+03 8.535442e+03 8.557707e+03 8.553294e+03
18.5 8.512200e+03 8.526939e+03 8.561600e+03 8.546860e+03
19.5 8.516503e+03 8.521890e+03 8.564163e+03 8.558776e+03
20.5 8.536656e+03 8.519359e+03 8.565668e+03 8.582965e+03
21.5 8.521294e+03 8.518592e+03 8.566386e+03 8.569088e+03
22.5 8.498485e+03 8.519011e+03 8.566545e+03 8.546020e+03
23.5 8.508975e+03 8.520172e+03 8.566328e+03 8.555131e+03
24.5 8.484002e+03 8.521731e+03 8.565878e+03 8.528149e+03
25.5 8.505033e+03 8.523424e+03 8.565307e+03 8.546917e+03
26.5 8.483266e+03 8.525064e+03 8.564698e+03 8.522900e+03
27.5 8.499854e+03 8.526533e+03 8.564110e+03 8.537431e+03
28.5 8.504286e+03 8.527768e+03 8.563577e+03 8.540095e+03
29.5 8.512181e+03 8.528756e+03 8.563119e+03 8.546544e+03
30.5 8.517273e+03 8.529875e+03 8.562739e+03 8.550136e+03
31.5 8.515055e+03 8.533723e+03 8.562431e+03 8.543763e+03
32.5 8.547588e+03 8.544261e+03 8.562185e+03 8.565512e+03
33.5 8.588607e+03 8.560625e+03 8.561989e+03 8.589971e+03
34.5 8.579552e+03 8.577275e+03 8.561832e+03 8.564109e+03
35.5 8.608065e+03 8.589920e+03 8.561702e+03 8.579847e+03
36.5 8.587451e+03 8.597543e+03 8.561592e+03 8.551500e+03
37.5 8.606617e+03 8.601136e+03 8.561494e+03 8.566975e+03
38.5 8.596705e+03 8.602151e+03 8.561405e+03 8.555958e+03
39.5 8.598323e+03 8.601733e+03 8.561320e+03 8.557910e+03
40.5 8.581306e+03 8.601205e+03 8.561238e+03 8.541340e+03
