0.5 9.930003e+03 9.851557e+03 9.991613e+03 1.007006e+04
1.5 9.972024e+03 9.862842e+03 9.989468e+03 1.009865e+04
2.5 1.007908e+04 9.889731e+03 9.973235e+03 1.016258e+04
3.5 9.903898e+03 9.926331e+03 9.930912e+03 9.908480e+03
4.5 1.002649e+04 9.957502e+03 9.866397e+03 9.935387e+03
5.5 1.019846e+04 9.974809e+03 9.794274e+03 1.001793e+04
6.5 1.021432e+04 9.979178e+03 9.728303e+03 9.963440e+03
7.5 9.902443e+03 9.975641e+03 9.675937e+03 9.602740e+03
8.5 9.766856e+03 9.968892e+03 9.638731e+03 9.436695e+03
9.5 9.832875e+03 9.961758e+03 9.614889e+03 9.486006e+03
10.5 9.822645e+03 9.954374e+03 9.601499e+03 9.469769e+03
11.5 9.963690e+03 9.940025e+03 9.597691e+03 9.621356e+03
12.5 9.744392e+03 9.910615e+03 9.613277e+03 9.447054e+03
13.5 9.875583e+03 9.872146e+03 9.658395e+03 9.661832e+03
14.5 9.938396e+03 9.839758e+03 9.727737e+03 9.826376e+03
15.5 9.871143e+03 9.821878e+03 9.805638e+03 9.854903e+03
16.5 9.875520e+03 9.817521e+03 9.877537e+03 9.935535e+03
17.5 9.881372e+03 9.821561e+03 9.935431e+03 9.995242e+03
18.5 9.950402e+03 9.829174e+03 9.977436e+03 1.009866e+04
19.5 9.839153e+03 9.837401e+03 1.000520e+04 1.000695e+04
20.5 9.724247e+03 9.844927e+03 1.002162e+04 9.900942e+03
21.5 9.867437e+03 9.851366e+03 1.002962e+04 1.004569e+04
22.5 9.929825e+03 9.856699e+03 1.003164e+04 1.010477e+04
23.5 9.929063e+03 9.860999e+03 1.002965e+04 1.009771e+04
24.5 9.857127e+03 9.864344e+03 1.002517e+04 1.001795e+04
25.5 9.976095e+03 9.866823e+03 1.001941e+04 1.012868e+04
26.5 9.899215e+03 9.868549e+03 1.001325e+04 1.004392e+04
27.5 9.852426e+03 9.869664e+03 1.000734e+04 9.990100e+03
28.5 1.000527e+04 9.870321e+03 1.000205e+04 1.013699e+04
29.5 9.757865e+03 9.870669e+03 9.997566e+03 9.884762e+03
30.5 9.845658e+03 9.871469e+03 9.993940e+03 9.968129e+03
31.5 9.921354e+03 9.878314e+03 9.991111e+03 1.003415e+04
32.5 9.894297e+03 9.904474e+03 9.988972e+03 9.978794e+03
33.5 9.913553e+03 9.954757e+03 9.987392e+03 9.946188e+03
34.5 1.011670e+04 1.001744e+04 9.986246e+03 1.008551e+04
35.5 1.014115e+04 1.007732e+04 9.985423e+03 1.004925e+04
36.5 1.022269e+04 1.012535e+04 9.984833e+03 1.008217e+04
37.5 1.025119e+04 1.015928e+04 9.984407e+03 1.007631e+04
38.5 1.053503e+04 1.018080e+04 9.984095e+03 1.033833e+04
39.5 1.035886e+04 1.019280e+04 9.983860e+03 1.014991e+04
40.5 1.028538e+04 1.019741e+04 9.983677e+03 1.007165e+04
41.5 1.038069e+04 1.019125e+04 9.983531e+03 1.017297e+04
42.5 1.012468e+04 1.016273e+04 9.983410e+03 9.945358e+03
43.5 1.014740e+04 1.010827e+04 9.983308e+03 1.002244e+04
44.5 9.904646e+03 1.004056e+04 9.983220e+03 9.847312e+03
45.5 9.784402e+03 9.975462e+03 9.983145e+03 9.792086e+03
0.5 9.890943e+03 9.876428e+03 9.989056e+03 1.000357e+04
1.5 9.808708e+03 9.887454e+03 9.987396e+03 9.908650e+03
2.5 9.868382e+03 9.914130e+03 9.971667e+03 9.925919e+03
3.5 9.889104e+03 9.950500e+03 9.929871e+03 9.868476e+03
4.5 9.856258e+03 9.981396e+03 9.865908e+03 9.740770e+03
5.5 9.960603e+03 9.998378e+03 9.794363e+03 9.756587e+03
6.5 9.863178e+03 1.000238e+04 9.728991e+03 9.589785e+03
7.5 9.883955e+03 9.998452e+03 9.677241e+03 9.562744e+03
8.5 9.787490e+03 9.991293e+03 9.640666e+03 9.436863e+03
9.5 9.952672e+03 9.983743e+03 9.617465e+03 9.586394e+03
10.5 1.003033e+04 9.975947e+03 9.604724e+03 9.659108e+03
11.5 1.010982e+04 9.961223e+03 9.601573e+03 9.750174e+03
12.5 1.007153e+04 9.931456e+03 9.617782e+03 9.757857e+03
13.5 1.004546e+04 9.892613e+03 9.663532e+03 9.816382e+03
14.5 9.843102e+03 9.859867e+03 9.733513e+03 9.716748e+03
15.5 9.807935e+03 9.841649e+03 9.812062e+03 9.778348e+03
16.5 9.642893e+03 9.836973e+03 9.884617e+03 9.690537e+03
17.5 9.781612e+03 9.840710e+03 9.943175e+03 9.884077e+03
18.5 9.970975e+03 9.848037e+03 9.985850e+03 1.010879e+04
19.5 9.872216e+03 9.855995e+03 1.001429e+04 1.003051e+04
20.5 9.955325e+03 9.863268e+03 1.003140e+04 1.012345e+04
21.5 9.931146e+03 9.869470e+03 1.004008e+04 1.010176e+04
22.5 9.914068e+03 9.874582e+03 1.004280e+04 1.008229e+04
23.5 9.821849e+03 9.878676e+03 1.004150e+04 9.984677e+03
24.5 9.727921e+03 9.881828e+03 1.003773e+04 9.883826e+03
25.5 9.787915e+03 9.884127e+03 1.003268e+04 9.936470e+03
26.5 9.768241e+03 9.885685e+03 1.002725e+04 9.909801e+03
27.5 9.843323e+03 9.886645e+03 1.002205e+04 9.978730e+03
28.5 1.010051e+04 9.887158e+03 1.001749e+04 1.023084e+04
29.5 9.955392e+03 9.887374e+03 1.001374e+04 1.008176e+04
30.5 9.872170e+03 9.888051e+03 1.001085e+04 9.994967e+03
31.5 9.718875e+03 9.894783e+03 1.000876e+04 9.832853e+03
32.5 9.883712e+03 9.920841e+03 1.000737e+04 9.970239e+03
33.5 1.003093e+04 9.971029e+03 1.000654e+04 1.006644e+04
34.5 1.007056e+04 1.003362e+04 1.000615e+04 1.004309e+04
35.5 1.012123e+04 1.009343e+04 1.000609e+04 1.003389e+04
36.5 1.016129e+04 1.014134e+04 1.000627e+04 1.002621e+04
37.5 1.014575e+04 1.017512e+04 1.000662e+04 9.977245e+03
38.5 1.004708e+04 1.019653e+04 1.000709e+04 9.857638e+03
39.5 1.012292e+04 1.020844e+04 1.000764e+04 9.922126e+03
40.5 1.012059e+04 1.021294e+04 1.000826e+04 9.915909e+03
41.5 1.026209e+04 1.020669e+04 1.000891e+04 1.006431e+04
42.5 1.024514e+04 1.017808e+04 1.000960e+04 1.007667e+04
43.5 9.906716e+03 1.012355e+04 1.001032e+04 9.793485e+03
44.5 9.982539e+03 1.005578e+04 1.001106e+04 9.937819e+03
45.5 9.798798e+03 9.990666e+03 1.001182e+04 9.819957e+03
0.5 9.915406e+03 9.887446e+03 1.002598e+04 1.005393e+04
1.5 1.011624e+04 9.898555e+03 1.002515e+04 1.024284e+04
2.5 9.975719e+03 9.925315e+03 1.001029e+04 1.006069e+04
3.5 1.001124e+04 9.961760e+03 9.969393e+03 1.001887e+04
4.5 1.011304e+04 9.992719e+03 9.906376e+03 1.002670e+04
5.5 1.007174e+04 1.000975e+04 9.835839e+03 9.897823e+03
6.5 1.009485e+04 1.001380e+04 9.771545e+03 9.852600e+03
7.5 1.000050e+04 1.000991e+04 9.720945e+03 9.711535e+03
8.5 1.001326e+04 1.000280e+04 9.685586e+03 9.696045e+03
9.5 1.008131e+04 9.995310e+03 9.663665e+03 9.749668e+03
10.5 1.008278e+04 9.990126e+03 9.652260e+03 9.744914e+03
