0.5 6.481022e+03 6.387920e+03 6.447124e+03 6.540226e+03
1.5 6.485015e+03 6.377109e+03 6.447280e+03 6.555186e+03
2.5 6.380423e+03 6.352570e+03 6.450166e+03 6.478019e+03
3.5 6.360743e+03 6.327667e+03 6.458107e+03 6.491182e+03
4.5 6.376626e+03 6.319880e+03 6.470348e+03 6.527095e+03
5.5 6.363691e+03 6.333092e+03 6.484071e+03 6.514671e+03
6.5 6.310674e+03 6.359682e+03 6.496613e+03 6.447606e+03
7.5 6.328493e+03 6.389796e+03 6.506532e+03 6.445229e+03
8.5 6.416926e+03 6.416774e+03 6.513525e+03 6.513677e+03
9.5 6.353916e+03 6.437896e+03 6.517939e+03 6.433959e+03
10.5 6.388919e+03 6.453027e+03 6.520339e+03 6.456231e+03
11.5 6.386105e+03 6.463128e+03 6.521271e+03 6.444248e+03
12.5 6.439411e+03 6.469356e+03 6.521187e+03 6.491242e+03
13.5 6.441846e+03 6.472703e+03 6.520437e+03 6.489580e+03
14.5 6.567211e+03 6.473954e+03 6.519295e+03 6.612552e+03
15.5 6.547975e+03 6.473734e+03 6.517968e+03 6.592209e+03
16.5 6.524819e+03 6.472564e+03 6.516613e+03 6.568868e+03
17.5 6.585348e+03 6.470874e+03 6.515337e+03 6.629810e+03
18.5 6.588426e+03 6.469006e+03 6.514203e+03 6.633624e+03
19.5 6.529640e+03 6.467219e+03 6.513243e+03 6.575663e+03
20.5 6.485593e+03 6.468590e+03 6.512456e+03 6.529459e+03
21.5 6.562400e+03 6.493098e+03 6.511450e+03 6.580752e+03
22.5 6.670475e+03 6.567715e+03 6.507860e+03 6.610619e+03
23.5 6.726676e+03 6.680652e+03 6.499337e+03 6.545361e+03
24.5 6.845766e+03 6.788556e+03 6.486610e+03 6.543820e+03
25.5 6.944909e+03 6.862219e+03 6.472477e+03 6.555167e+03
26.5 6.982217e+03 6.898452e+03 6.459583e+03 6.543348e+03
27.5 6.852249e+03 6.907884e+03 6.449354e+03 6.393720e+03
28.5 6.887549e+03 6.902644e+03 6.442082e+03 6.426987e+03
29.5 6.864613e+03 6.891123e+03 6.437411e+03 6.410901e+03
30.5 6.846421e+03 6.874830e+03 6.434773e+03 6.406363e+03
31.5 6.861431e+03 6.835742e+03 6.433997e+03 6.459685e+03
32.5 6.737814e+03 6.747753e+03 6.436976e+03 6.427037e+03
33.5 6.742977e+03 6.623186e+03 6.445672e+03 6.565463e+03
34.5 6.629853e+03 6.505579e+03 6.459057e+03 6.583331e+03
35.5 6.511394e+03 6.424262e+03 6.474100e+03 6.561231e+03
36.5 6.335294e+03 6.382389e+03 6.487985e+03 6.440890e+03
37.5 6.180456e+03 6.369140e+03 6.499164e+03 6.310480e+03
38.5 6.245887e+03 6.372084e+03 6.507272e+03 6.381075e+03
39.5 6.145229e+03 6.382469e+03 6.512627e+03 6.275386e+03
40.5 6.092464e+03 6.395530e+03 6.515791e+03 6.212725e+03
41.5 6.283000e+03 6.409041e+03 6.517326e+03 6.391285e+03
42.5 6.261692e+03 6.421967e+03 6.517707e+03 6.357432e+03
43.5 6.221756e+03 6.433717e+03 6.517312e+03 6.305351e+03
44.5 6.300583e+03 6.443884e+03 6.516439e+03 6.373138e+03
45.5 6.395255e+03 6.452230e+03 6.515318e+03 6.458343e+03
46.5 6.300683e+03 6.458703e+03 6.514122e+03 6.356101e+03
47.5 6.483274e+03 6.463437e+03 6.512973e+03 6.532809e+03
48.5 6.457710e+03 6.466694e+03 6.511945e+03 6.502960e+03
49.5 6.381854e+03 6.468798e+03 6.511074e+03 6.424130e+03
50.5 6.546288e+03 6.470076e+03 6.510368e+03 6.586580e+03
51.5 6.601615e+03 6.470130e+03 6.509435e+03 6.640920e+03
52.5 6.592474e+03 6.464662e+03 6.505913e+03 6.633725e+03
53.5 6.510962e+03 6.449216e+03 6.497456e+03 6.559203e+03
54.5 6.467356e+03 6.425226e+03 6.484795e+03 6.526925e+03
55.5 6.471908e+03 6.398203e+03 6.470728e+03 6.544433e+03
0.5 6.846421e+03 6.874830e+03 6.434773e+03 6.406363e+03
1.5 6.861431e+03 6.835742e+03 6.433997e+03 6.459685e+03
2.5 6.737814e+03 6.747753e+03 6.436976e+03 6.427037e+03
3.5 6.742977e+03 6.623186e+03 6.445672e+03 6.565463e+03
4.5 6.629853e+03 6.505579e+03 6.459057e+03 6.583331e+03
5.5 6.511394e+03 6.424262e+03 6.474100e+03 6.561231e+03
6.5 6.335294e+03 6.382389e+03 6.487985e+03 6.440890e+03
7.5 6.180456e+03 6.369140e+03 6.499164e+03 6.310480e+03
8.5 6.245887e+03 6.372084e+03 6.507272e+03 6.381075e+03
9.5 6.145229e+03 6.382469e+03 6.512627e+03 6.275386e+03
10.5 6.092464e+03 6.395530e+03 6.515791e+03 6.212725e+03
11.5 6.283000e+03 6.409041e+03 6.517326e+03 6.391285e+03
12.5 6.261692e+03 6.421967e+03 6.517707e+03 6.357432e+03
13.5 6.221756e+03 6.433717e+03 6.517312e+03 6.305351e+03
14.5 6.300583e+03 6.443884e+03 6.516439e+03 6.373138e+03
15.5 6.395255e+03 6.452230e+03 6.515318e+03 6.458343e+03
16.5 6.300683e+03 6.458703e+03 6.514122e+03 6.356101e+03
17.5 6.483274e+03 6.463437e+03 6.512973e+03 6.532809e+03
18.5 6.457710e+03 6.466694e+03 6.511945e+03 6.502960e+03
19.5 6.381854e+03 6.468798e+03 6.511074e+03 6.424130e+03
20.5 6.546288e+03 6.470076e+03 6.510368e+03 6.586580e+03
21.5 6.601615e+03 6.470130e+03 6.509435e+03 6.640920e+03
22.5 6.592474e+03 6.464662e+03 6.505913e+03 6.633725e+03
23.5 6.510962e+03 6.449216e+03 6.497456e+03 6.559203e+03
24.5 6.467356e+03 6.425226e+03 6.484795e+03 6.526925e+03
25.5 6.471908e+03 6.398203e+03 6.470728e+03 6.544433e+03
26.5 6.500668e+03 6.373399e+03 6.457899e+03 6.585168e+03
27.5 6.353915e+03 6.353694e+03 6.447734e+03 6.447955e+03
28.5 6.291089e+03 6.339722e+03 6.440525e+03 6.391892e+03
29.5 6.452491e+03 6.330827e+03 6.435916e+03 6.557580e+03
30.5 6.446292e+03 6.325899e+03 6.433338e+03 6.553731e+03
31.5 6.408625e+03 6.324540e+03 6.432619e+03 6.516705e+03
32.5 6.467312e+03 6.330376e+03 6.435648e+03 6.572585e+03
33.5 6.456553e+03 6.347320e+03 6.444392e+03 6.553626e+03
34.5 6.395452e+03 6.373500e+03 6.457824e+03 6.479775e+03
35.5 6.321958e+03 6.403052e+03 6.472912e+03 6.391819e+03
36.5 6.333935e+03 6.430442e+03 6.486842e+03 6.390335e+03
37.5 6.288111e+03 6.452591e+03 6.498064e+03 6.333583e+03
38.5 6.307380e+03 6.468737e+03 6.506213e+03 6.344855e+03
39.5 6.257975e+03 6.479474e+03 6.511608e+03 6.290109e+03
40.5 6.403746e+03 6.485892e+03 6.514811e+03 6.432665e+03
41.5 6.623952e+03 6.489089e+03 6.516385e+03 6.651248e+03
42.5 6.467371e+03 6.489997e+03 6.516803e+03 6.494177e+03
43.5 6.543284e+03 6.489357e+03 6.516444e+03 6.570372e+03
44.5 6.617314e+03 6.487752e+03 6.515606e+03 6.645167e+03
45.5 6.608920e+03 6.485638e+03 6.514519e+03 6.637800e+03
46.5 6.416826e+03 6.483354e+03 6.513356e+03 6.446828e+03
47.5 6.504639e+03 6.481140e+03 6.512239e+03 6.535738e+03
48.5 6.716651e+03 6.479144e+03 6.511242e+03 6.748749e+03
49.5 6.496599e+03 6.477438e+03 6.510402e+03 6.529563e+03
50.5 6.586095e+03 6.476046e+03 6.509725e+03 6.619774e+03
51.5 6.481983e+03 6.474270e+03 6.508821e+03 6.516534e+03
52.5 6.511397e+03 6.467554e+03 6.505327e+03 6.549170e+03
53.5 6.516801e+03 6.451242e+03 6.496898e+03 6.562457e+03
54.5 6.419372e+03 6.426622e+03 6.484263e+03 6.477014e+03
55.5 6.375440e+03 6.399101e+03 6.470223e+03 6.446561e+03
0.5 6.446292e+03 6.325899e+03 6.433338e+03 6.553731e+03
1.5 6.408625e+03 6.324540e+03 6.432619e+03 6.516705e+03
2.5 6.467312e+03 6.330376e+03 6.435648e+03 6.572585e+03
3.5 6.456553e+03 6.347320e+03 6.444392e+03 6.553626e+03
4.5 6.395452e+03 6.373500e+03 6.457824e+03 6.479775e+03
5.5 6.321958e+03 6.403052e+03 6.472912e+03 6.391819e+03
6.5 6.333935e+03 6.430442e+03 6.486842e+03 6.390335e+03
7.5 6.288111e+03 6.452591e+03 6.498064e+03 6.333583e+03
8.5 6.307380e+03 6.468737e+03 6.506213e+03 6.344855e+03
9.5 6.257975e+03 6.479474e+03 6.511608e+03 6.290109e+03
10.5 6.403746e+03 6.485892e+03 6.514811e+03 6.432665e+03
11.5 6.623952e+03 6.489089e+03 6.516385e+03 6.651248e+03
12.5 6.467371e+03 6.489997e+03 6.516803e+03 6.494177e+03
13.5 6.543284e+03 6.489357e+03 6.516444e+03 6.570372e+03
14.5 6.617314e+03 6.487752e+03 6.515606e+03 6.645167e+03
15.5 6.608920e+03 6.485638e+03 6.514519e+03 6.637800e+03
16.5 6.416826e+03 6.483354e+03 6.513356e+03 6.446828e+03
17.5 6.504639e+03 6.481140e+03 6.512239e+03 6.535738e+03
18.5 6.716651e+03 6.479144e+03 6.511242e+03 6.748749e+03
19.5 6.496599e+03 6.477438e+03 6.510402e+03 6.529563e+03
20.5 6.586095e+03 6.476046e+03 6.509725e+03 6.619774e+03
21.5 6.481983e+03 6.474270e+03 6.508821e+03 6.516534e+03
22.5 6.511397e+03 6.467554e+03 6.505327e+03 6.549170e+03
23.5 6.516801e+03 6.451242e+03 6.496898e+03 6.562457e+03
24.5 6.419372e+03 6.426622e+03 6.484263e+03 6.477014e+03
25.5 6.375440e+03 6.399101e+03 6.470223e+03 6.446561e+03
26.5 6.293735e+03 6.373873e+03 6.457419e+03 6.377282e+03
27.5 6.192558e+03 6.353781e+03 6.447279e+03 6.286056e+03
28.5 6.258864e+03 6.339439e+03 6.440094e+03 6.359518e+03
29.5 6.343490e+03 6.330179e+03 6.435508e+03 6.448819e+03
30.5 6.238848e+03 6.324886e+03 6.432953e+03 6.346915e+03
31.5 6.360645e+03 6.323161e+03 6.432257e+03 6.469741e+03
32.5 6.403759e+03 6.328629e+03 6.435308e+03 6.510438e+03
33.5 6.345405e+03 6.345204e+03 6.444074e+03 6.444275e+03
34.5 6.396902e+03 6.371015e+03 6.457526e+03 6.483413e+03
35.5 6.405815e+03 6.400200e+03 6.472636e+03 6.478251e+03
36.5 6.411735e+03 6.427226e+03 6.486585e+03 6.471094e+03
37.5 6.421138e+03 6.449010e+03 6.497827e+03 6.469956e+03
38.5 6.367998e+03 6.464790e+03 6.505996e+03 6.409204e+03
39.5 6.553898e+03 6.475164e+03 6.511411e+03 6.590144e+03
40.5 6.515476e+03 6.481221e+03 6.514633e+03 6.548888e+03
41.5 6.604474e+03 6.484061e+03 6.516226e+03 6.636639e+03
42.5 6.565563e+03 6.484613e+03 6.516663e+03 6.597613e+03
43.5 6.608922e+03 6.483620e+03 6.516322e+03 6.641624e+03
44.5 6.570289e+03 6.481666e+03 6.515502e+03 6.604125e+03
45.5 6.657744e+03 6.479205e+03 6.514433e+03 6.692971e+03
46.5 6.566455e+03 6.476579e+03 6.513288e+03 6.603164e+03
47.5 6.667073e+03 6.474025e+03 6.512189e+03 6.705237e+03
48.5 6.568106e+03 6.471691e+03 6.511210e+03 6.607625e+03
49.5 6.567060e+03 6.469663e+03 6.510387e+03 6.607785e+03
50.5 6.579988e+03 6.470876e+03 6.509728e+03 6.618841e+03
51.5 6.594654e+03 6.495205e+03 6.508842e+03 6.608290e+03
52.5 6.732410e+03 6.569556e+03 6.505365e+03 6.668219e+03
53.5 6.798075e+03 6.682105e+03 6.496954e+03 6.612924e+03
54.5 6.767412e+03 6.789500e+03 6.484337e+03 6.462248e+03
55.5 6.725642e+03 6.862548e+03 6.470314e+03 6.333408e+03
0.5 6.238848e+03 6.324886e+03 6.432953e+03 6.346915e+03
1.5 6.360645e+03 6.323161e+03 6.432257e+03 6.469741e+03
2.5 6.403759e+03 6.328629e+03 6.435308e+03 6.510438e+03
3.5 6.345405e+03 6.345204e+03 6.444074e+03 6.444275e+03
4.5 6.396902e+03 6.371015e+03 6.457526e+03 6.483413e+03
5.5 6.405815e+03 6.400200e+03 6.472636e+03 6.478251e+03
6.5 6.411735e+03 6.427226e+03 6.486585e+03 6.471094e+03
7.5 6.421138e+03 6.449010e+03 6.497827e+03 6.469956e+03
8.5 6.367998e+03 6.464790e+03 6.505996e+03 6.409204e+03
9.5 6.553898e+03 6.475164e+03 6.511411e+03 6.590144e+03
10.5 6.515476e+03 6.481221e+03 6.514633e+03 6.548888e+03
11.5 6.604474e+03 6.484061e+03 6.516226e+03 6.636639e+03
12.5 6.565563e+03 6.484613e+03 6.516663e+03 6.597613e+03
13.5 6.608922e+03 6.483620e+03 6.516322e+03 6.641624e+03
14.5 6.570289e+03 6.481666e+03 6.515502e+03 6.604125e+03
15.5 6.657744e+03 6.479205e+03 6.514433e+03 6.692971e+03
16.5 6.566455e+03 6.476579e+03 6.513288e+03 6.603164e+03
17.5 6.667073e+03 6.474025e+03 6.512189e+03 6.705237e+03
18.5 6.568106e+03 6.471691e+03 6.511210e+03 6.607625e+03
19.5 6.567060e+03 6.469663e+03 6.510387e+03 6.607785e+03
20.5 6.579988e+03 6.470876e+03 6.509728e+03 6.618841e+03
21.5 6.594654e+03 6.495205e+03 6.508842e+03 6.608290e+03
22.5 6.732410e+03 6.569556e+03 6.505365e+03 6.668219e+03
23.5 6.798075e+03 6.682105e+03 6.496954e+03 6.612924e+03
24.5 6.767412e+03 6.789500e+03 6.484337e+03 6.462248e+03
25.5 6.725642e+03 6.862548e+03 6.470314e+03 6.333408e+03
26.5 6.934828e+03 6.898080e+03 6.457528e+03 6.494276e+03
27.5 6.710892e+03 6.906747e+03 6.447406e+03 6.251552e+03
28.5 6.773429e+03 6.900694e+03 6.440239e+03 6.312973e+03
29.5 6.885354e+03 6.888325e+03 6.435671e+03 6.432701e+03
30.5 6.916234e+03 6.871160e+03 6.433135e+03 6.478210e+03
31.5 6.894679e+03 6.831246e+03 6.432458e+03 6.495891e+03
32.5 6.944792e+03 6.742454e+03 6.435528e+03 6.637865e+03
33.5 6.767664e+03 6.616998e+03 6.444313e+03 6.594979e+03
34.5 6.688899e+03 6.498489e+03 6.457785e+03 6.648195e+03
35.5 6.480862e+03 6.416261e+03 6.472914e+03 6.537515e+03
36.5 6.304619e+03 6.373468e+03 6.486884e+03 6.418035e+03
37.5 6.134728e+03 6.359290e+03 6.498146e+03 6.273584e+03
38.5 6.142185e+03 6.361297e+03 6.506336e+03 6.287224e+03
39.5 6.135368e+03 6.370740e+03 6.511772e+03 6.276399e+03
40.5 6.287272e+03 6.382853e+03 6.515016e+03 6.419435e+03
41.5 6.402749e+03 6.395410e+03 6.516631e+03 6.523970e+03
42.5 6.449421e+03 6.407377e+03 6.517091e+03 6.559135e+03
43.5 6.474286e+03 6.418163e+03 6.516773e+03 6.572896e+03
44.5 6.490797e+03 6.427363e+03 6.515977e+03 6.579411e+03
45.5 6.516489e+03 6.434736e+03 6.514932e+03 6.596685e+03
46.5 6.403224e+03 6.440232e+03 6.513812e+03 6.476804e+03
47.5 6.458167e+03 6.443986e+03 6.512739e+03 6.526920e+03
48.5 6.418181e+03 6.446258e+03 6.511786e+03 6.483709e+03
49.5 6.530941e+03 6.447373e+03 6.510991e+03 6.594559e+03
50.5 6.490879e+03 6.447659e+03 6.510359e+03 6.553580e+03
51.5 6.303687e+03 6.446716e+03 6.509501e+03 6.366473e+03
52.5 6.341256e+03 6.440247e+03 6.506054e+03 6.407063e+03
53.5 6.235989e+03 6.423796e+03 6.497673e+03 6.309866e+03
54.5 6.294819e+03 6.398797e+03 6.485087e+03 6.381109e+03
55.5 6.332012e+03 6.370760e+03 6.471096e+03 6.432348e+03
0.5 6.916234e+03 6.871160e+03 6.433135e+03 6.478210e+03
1.5 6.894679e+03 6.831246e+03 6.432458e+03 6.495891e+03
2.5 6.944792e+03 6.742454e+03 6.435528e+03 6.637865e+03
3.5 6.767664e+03 6.616998e+03 6.444313e+03 6.594979e+03
4.5 6.688899e+03 6.498489e+03 6.457785e+03 6.648195e+03
5.5 6.480862e+03 6.416261e+03 6.472914e+03 6.537515e+03
6.5 6.304619e+03 6.373468e+03 6.486884e+03 6.418035e+03
7.5 6.134728e+03 6.359290e+03 6.498146e+03 6.273584e+03
8.5 6.142185e+03 6.361297e+03 6.506336e+03 6.287224e+03
9.5 6.135368e+03 6.370740e+03 6.511772e+03 6.276399e+03
10.5 6.287272e+03 6.382853e+03 6.515016e+03 6.419435e+03
11.5 6.402749e+03 6.395410e+03 6.516631e+03 6.523970e+03
12.5 6.449421e+03 6.407377e+03 6.517091e+03 6.559135e+03
13.5 6.474286e+03 6.418163e+03 6.516773e+03 6.572896e+03
14.5 6.490797e+03 6.427363e+03 6.515977e+03 6.579411e+03
15.5 6.516489e+03 6.434736e+03 6.514932e+03 6.596685e+03
16.5 6.403224e+03 6.440232e+03 6.513812e+03 6.476804e+03
17.5 6.458167e+03 6.443986e+03 6.512739e+03 6.526920e+03
18.5 6.418181e+03 6.446258e+03 6.511786e+03 6.483709e+03
19.5 6.530941e+03 6.447373e+03 6.510991e+03 6.594559e+03
20.5 6.490879e+03 6.447659e+03 6.510359e+03 6.553580e+03
21.5 6.303687e+03 6.446716e+03 6.509501e+03 6.366473e+03
22.5 6.341256e+03 6.440247e+03 6.506054e+03 6.407063e+03
23.5 6.235989e+03 6.423796e+03 6.497673e+03 6.309866e+03
24.5 6.294819e+03 6.398797e+03 6.485087e+03 6.381109e+03
25.5 6.332012e+03 6.370760e+03 6.471096e+03 6.432348e+03
26.5 6.343214e+03 6.344908e+03 6.458342e+03 6.456648e+03
27.5 6.222370e+03 6.324149e+03 6.448260e+03 6.346480e+03
28.5 6.206700e+03 6.309144e+03 6.441133e+03 6.338689e+03
29.5 6.234012e+03 6.299209e+03 6.436608e+03 6.371411e+03
30.5 6.216906e+03 6.293235e+03 6.434115e+03 6.357787e+03
31.5 6.298695e+03 6.290823e+03 6.433483e+03 6.441355e+03
32.5 6.380186e+03 6.295600e+03 6.436600e+03 6.521186e+03
33.5 6.309051e+03 6.311482e+03 6.445433e+03 6.443002e+03
34.5 6.394602e+03 6.336596e+03 6.458954e+03 6.516960e+03
35.5 6.437339e+03 6.365075e+03 6.474130e+03 6.546394e+03
36.5 6.278547e+03 6.391382e+03 6.488146e+03 6.375312e+03
37.5 6.319151e+03 6.412432e+03 6.499454e+03 6.406173e+03
38.5 6.453567e+03 6.427462e+03 6.507688e+03 6.533793e+03
39.5 6.495925e+03 6.437064e+03 6.513167e+03 6.572028e+03
40.5 6.513827e+03 6.442329e+03 6.516455e+03 6.587953e+03
41.5 6.411546e+03 6.444354e+03 6.518114e+03 6.485306e+03
42.5 6.473516e+03 6.444071e+03 6.518618e+03 6.548064e+03
43.5 6.378670e+03 6.442220e+03 6.518347e+03 6.454797e+03
44.5 6.245711e+03 6.439386e+03 6.517598e+03 6.323923e+03
45.5 6.331267e+03 6.436021e+03 6.516602e+03 6.411849e+03
46.5 6.351717e+03 6.432466e+03 6.515533e+03 6.434784e+03
47.5 6.458097e+03 6.428959e+03 6.514512e+03 6.543650e+03
48.5 6.381203e+03 6.425647e+03 6.513614e+03 6.469170e+03
49.5 6.443420e+03 6.422612e+03 6.512875e+03 6.533682e+03
50.5 6.515586e+03 6.422791e+03 6.512302e+03 6.605097e+03
51.5 6.508051e+03 6.446054e+03 6.511504e+03 6.573501e+03
52.5 6.614242e+03 6.519297e+03 6.508119e+03 6.603064e+03
53.5 6.644798e+03 6.630668e+03 6.499803e+03 6.513933e+03
54.5 6.810735e+03 6.736790e+03 6.487289e+03 6.561233e+03
55.5 6.812547e+03 6.808466e+03 6.473378e+03 6.477459e+03
0.5 6.216906e+03 6.293235e+03 6.434115e+03 6.357787e+03
1.5 6.298695e+03 6.290823e+03 6.433483e+03 6.441355e+03
2.5 6.380186e+03 6.295600e+03 6.436600e+03 6.521186e+03
3.5 6.309051e+03 6.311482e+03 6.445433e+03 6.443002e+03
4.5 6.394602e+03 6.336596e+03 6.458954e+03 6.516960e+03
5.5 6.437339e+03 6.365075e+03 6.474130e+03 6.546394e+03
6.5 6.278547e+03 6.391382e+03 6.488146e+03 6.375312e+03
7.5 6.319151e+03 6.412432e+03 6.499454e+03 6.406173e+03
8.5 6.453567e+03 6.427462e+03 6.507688e+03 6.533793e+03
9.5 6.495925e+03 6.437064e+03 6.513167e+03 6.572028e+03
10.5 6.513827e+03 6.442329e+03 6.516455e+03 6.587953e+03
11.5 6.411546e+03 6.444354e+03 6.518114e+03 6.485306e+03
12.5 6.473516e+03 6.444071e+03 6.518618e+03 6.548064e+03
13.5 6.378670e+03 6.442220e+03 6.518347e+03 6.454797e+03
14.5 6.245711e+03 6.439386e+03 6.517598e+03 6.323923e+03
15.5 6.331267e+03 6.436021e+03 6.516602e+03 6.411849e+03
16.5 6.351717e+03 6.432466e+03 6.515533e+03 6.434784e+03
17.5 6.458097e+03 6.428959e+03 6.514512e+03 6.543650e+03
18.5 6.381203e+03 6.425647e+03 6.513614e+03 6.469170e+03
19.5 6.443420e+03 6.422612e+03 6.512875e+03 6.533682e+03
20.5 6.515586e+03 6.422791e+03 6.512302e+03 6.605097e+03
21.5 6.508051e+03 6.446054e+03 6.511504e+03 6.573501e+03
22.5 6.614242e+03 6.519297e+03 6.508119e+03 6.603064e+03
23.5 6.644798e+03 6.630668e+03 6.499803e+03 6.513933e+03
24.5 6.810735e+03 6.736790e+03 6.487289e+03 6.561233e+03
25.5 6.812547e+03 6.808466e+03 6.473378e+03 6.477459e+03
26.5 6.808964e+03 6.842539e+03 6.460715e+03 6.427140e+03
27.5 6.719258e+03 6.849673e+03 6.450727e+03 6.320312e+03
28.5 6.823214e+03 6.842029e+03 6.443703e+03 6.424888e+03
29.5 6.655254e+03 6.828020e+03 6.439288e+03 6.266522e+03
30.5 6.743417e+03 6.810518e+03 6.436911e+03 6.369810e+03
