0.5 1.087339e+04 1.072409e+04 1.071777e+04 1.086707e+04
1.5 1.073190e+04 1.072319e+04 1.071867e+04 1.072738e+04
2.5 1.070254e+04 1.072660e+04 1.072997e+04 1.070592e+04
3.5 1.070689e+04 1.074243e+04 1.076055e+04 1.072501e+04
4.5 1.080855e+04 1.077182e+04 1.080751e+04 1.084424e+04
5.5 1.085131e+04 1.080843e+04 1.086010e+04 1.090298e+04
6.5 1.098445e+04 1.084431e+04 1.090814e+04 1.104828e+04
7.5 1.087346e+04 1.087419e+04 1.094615e+04 1.094542e+04
8.5 1.093402e+04 1.089620e+04 1.097297e+04 1.101079e+04
9.5 1.102913e+04 1.091075e+04 1.098994e+04 1.110832e+04
10.5 1.094540e+04 1.091946e+04 1.099921e+04 1.102515e+04
11.5 1.099004e+04 1.092427e+04 1.100141e+04 1.106718e+04
12.5 1.089688e+04 1.092143e+04 1.098934e+04 1.096480e+04
13.5 1.082678e+04 1.090389e+04 1.095548e+04 1.087837e+04
14.5 1.087968e+04 1.087139e+04 1.090375e+04 1.091205e+04
15.5 1.103461e+04 1.083092e+04 1.084571e+04 1.104941e+04
16.5 1.072374e+04 1.079091e+04 1.079212e+04 1.072495e+04
17.5 1.080733e+04 1.075700e+04 1.074888e+04 1.079921e+04
18.5 1.092618e+04 1.073129e+04 1.071739e+04 1.091229e+04
19.5 1.057557e+04 1.071349e+04 1.069643e+04 1.055851e+04
20.5 1.048119e+04 1.070224e+04 1.068386e+04 1.046281e+04
21.5 1.076841e+04 1.069599e+04 1.067753e+04 1.074994e+04
22.5 1.058787e+04 1.069336e+04 1.067562e+04 1.057012e+04
23.5 1.053143e+04 1.069323e+04 1.067669e+04 1.051489e+04
24.5 1.066890e+04 1.069472e+04 1.067962e+04 1.065380e+04
25.5 1.050383e+04 1.069713e+04 1.068351e+04 1.049021e+04
26.5 1.064320e+04 1.069993e+04 1.068770e+04 1.063097e+04
27.5 1.055988e+04 1.070274e+04 1.069173e+04 1.054888e+04
28.5 1.057133e+04 1.070530e+04 1.069532e+04 1.056135e+04
29.5 1.069150e+04 1.070748e+04 1.069833e+04 1.068234e+04
30.5 1.063250e+04 1.070901e+04 1.070073e+04 1.062422e+04
31.5 1.068625e+04 1.070948e+04 1.070401e+04 1.068078e+04
32.5 1.089896e+04 1.071403e+04 1.071719e+04 1.090212e+04
33.5 1.075214e+04 1.073080e+04 1.074923e+04 1.077057e+04
34.5 1.083141e+04 1.076096e+04 1.079733e+04 1.086778e+04
35.5 1.080384e+04 1.079820e+04 1.085082e+04 1.085646e+04
36.5 1.095133e+04 1.083461e+04 1.089960e+04 1.101632e+04
37.5 1.060307e+04 1.086495e+04 1.093822e+04 1.067635e+04
38.5 1.092970e+04 1.088736e+04 1.096558e+04 1.100791e+04
39.5 1.062022e+04 1.090227e+04 1.098302e+04 1.070097e+04
40.5 1.110460e+04 1.091131e+04 1.099272e+04 1.118601e+04
41.5 1.100314e+04 1.091643e+04 1.099534e+04 1.108205e+04
42.5 1.072273e+04 1.091387e+04 1.098367e+04 1.079252e+04
43.5 1.104572e+04 1.089662e+04 1.095019e+04 1.109928e+04
44.5 1.095192e+04 1.086439e+04 1.089883e+04 1.098636e+04
45.5 1.078453e+04 1.082419e+04 1.084115e+04 1.080149e+04
0.5 1.063250e+04 1.070901e+04 1.070073e+04 1.062422e+04
1.5 1.068625e+04 1.070948e+04 1.070401e+04 1.068078e+04
2.5 1.089896e+04 1.071403e+04 1.071719e+04 1.090212e+04
3.5 1.075214e+04 1.073080e+04 1.074923e+04 1.077057e+04
4.5 1.083141e+04 1.076096e+04 1.079733e+04 1.086778e+04
5.5 1.080384e+04 1.079820e+04 1.085082e+04 1.085646e+04
6.5 1.095133e+04 1.083461e+04 1.089960e+04 1.101632e+04
7.5 1.060307e+04 1.086495e+04 1.093822e+04 1.067635e+04
8.5 1.092970e+04 1.088736e+04 1.096558e+04 1.100791e+04
9.5 1.062022e+04 1.090227e+04 1.098302e+04 1.070097e+04
10.5 1.110460e+04 1.091131e+04 1.099272e+04 1.118601e+04
11.5 1.100314e+04 1.091643e+04 1.099534e+04 1.108205e+04
12.5 1.072273e+04 1.091387e+04 1.098367e+04 1.079252e+04
13.5 1.104572e+04 1.089662e+04 1.095019e+04 1.109928e+04
14.5 1.095192e+04 1.086439e+04 1.089883e+04 1.098636e+04
15.5 1.078453e+04 1.082419e+04 1.084115e+04 1.080149e+04
16.5 1.067197e+04 1.078444e+04 1.078792e+04 1.067544e+04
17.5 1.075293e+04 1.075078e+04 1.074503e+04 1.074717e+04
18.5 1.084988e+04 1.072532e+04 1.071388e+04 1.083845e+04
19.5 1.061993e+04 1.070776e+04 1.069326e+04 1.060544e+04
20.5 1.071362e+04 1.069675e+04 1.068102e+04 1.069790e+04
21.5 1.057746e+04 1.069073e+04 1.067502e+04 1.056175e+04
22.5 1.054540e+04 1.068832e+04 1.067343e+04 1.053051e+04
23.5 1.047722e+04 1.068841e+04 1.067482e+04 1.046364e+04
24.5 1.056691e+04 1.069011e+04 1.067806e+04 1.055486e+04
25.5 1.054032e+04 1.069273e+04 1.068225e+04 1.052984e+04
26.5 1.078747e+04 1.069573e+04 1.068674e+04 1.077849e+04
27.5 1.077775e+04 1.069873e+04 1.069107e+04 1.077009e+04
28.5 1.060238e+04 1.070149e+04 1.069495e+04 1.059584e+04
29.5 1.065311e+04 1.070386e+04 1.069824e+04 1.064748e+04
30.5 1.061104e+04 1.070616e+04 1.070090e+04 1.060578e+04
31.5 1.074167e+04 1.071122e+04 1.070299e+04 1.073345e+04
32.5 1.091433e+04 1.072455e+04 1.070459e+04 1.089437e+04
33.5 1.072087e+04 1.074685e+04 1.070578e+04 1.067980e+04
34.5 1.086645e+04 1.077212e+04 1.070665e+04 1.080098e+04
35.5 1.080260e+04 1.079425e+04 1.070731e+04 1.071566e+04
36.5 1.066315e+04 1.081049e+04 1.070780e+04 1.056046e+04
37.5 1.077004e+04 1.082091e+04 1.070818e+04 1.065731e+04
38.5 1.093950e+04 1.082679e+04 1.070848e+04 1.082120e+04
39.5 1.091128e+04 1.082950e+04 1.070874e+04 1.079053e+04
40.5 1.084610e+04 1.082976e+04 1.070897e+04 1.072532e+04
41.5 1.088000e+04 1.082550e+04 1.070919e+04 1.076370e+04
42.5 1.081777e+04 1.081177e+04 1.070940e+04 1.071541e+04
43.5 1.091761e+04 1.078831e+04 1.070960e+04 1.083890e+04
44.5 1.086192e+04 1.076148e+04 1.070981e+04 1.081025e+04
45.5 1.064123e+04 1.073767e+04 1.071001e+04 1.061358e+04
0.5 1.078465e+04 1.070914e+04 1.071353e+04 1.078904e+04
1.5 1.080722e+04 1.070881e+04 1.071525e+04 1.081367e+04
2.5 1.080374e+04 1.071276e+04 1.072738e+04 1.081836e+04
3.5 1.072687e+04 1.072913e+04 1.075876e+04 1.075650e+04
4.5 1.093959e+04 1.075904e+04 1.080651e+04 1.098706e+04
5.5 1.076296e+04 1.079615e+04 1.085987e+04 1.082668e+04
6.5 1.073601e+04 1.083249e+04 1.090869e+04 1.081221e+04
7.5 1.096147e+04 1.086282e+04 1.094746e+04 1.104611e+04
8.5 1.069718e+04 1.088531e+04 1.097504e+04 1.078692e+04
9.5 1.074764e+04 1.090032e+04 1.099276e+04 1.084009e+04
10.5 1.071099e+04 1.090947e+04 1.100276e+04 1.080428e+04
11.5 1.086455e+04 1.091471e+04 1.100570e+04 1.095554e+04
12.5 1.081091e+04 1.091229e+04 1.099435e+04 1.089296e+04
13.5 1.090719e+04 1.089518e+04 1.096120e+04 1.097321e+04
14.5 1.085349e+04 1.086308e+04 1.091017e+04 1.090058e+04
15.5 1.085388e+04 1.082301e+04 1.085282e+04 1.088369e+04
16.5 1.075903e+04 1.078340e+04 1.079992e+04 1.077554e+04
17.5 1.086577e+04 1.074986e+04 1.075736e+04 1.087327e+04
18.5 1.059736e+04 1.072451e+04 1.072654e+04 1.059939e+04
19.5 1.079469e+04 1.070705e+04 1.070625e+04 1.079389e+04
20.5 1.071831e+04 1.069612e+04 1.069433e+04 1.071652e+04
21.5 1.064302e+04 1.069018e+04 1.068865e+04 1.064149e+04
22.5 1.079705e+04 1.068784e+04 1.068739e+04 1.079660e+04
23.5 1.063796e+04 1.068798e+04 1.068910e+04 1.063909e+04
24.5 1.055477e+04 1.068973e+04 1.069267e+04 1.055770e+04
25.5 1.062515e+04 1.069239e+04 1.069719e+04 1.062995e+04
26.5 1.067457e+04 1.069543e+04 1.070201e+04 1.068115e+04
27.5 1.051972e+04 1.069846e+04 1.070667e+04 1.052793e+04
28.5 1.069475e+04 1.070124e+04 1.071088e+04 1.070440e+04
29.5 1.073839e+04 1.070363e+04 1.071451e+04 1.074927e+04
30.5 1.062801e+04 1.070594e+04 1.071752e+04 1.063958e+04
31.5 1.080972e+04 1.071101e+04 1.071996e+04 1.081867e+04
32.5 1.072581e+04 1.072435e+04 1.072191e+04 1.072337e+04
33.5 1.074471e+04 1.074664e+04 1.072346e+04 1.072153e+04
34.5 1.080877e+04 1.077188e+04 1.072470e+04 1.076159e+04
35.5 1.103542e+04 1.079397e+04 1.072573e+04 1.096718e+04
36.5 1.084730e+04 1.081015e+04 1.072660e+04 1.076376e+04
37.5 1.094982e+04 1.082050e+04 1.072737e+04 1.085670e+04
38.5 1.096083e+04 1.082628e+04 1.072808e+04 1.086263e+04
39.5 1.090993e+04 1.082890e+04 1.072875e+04 1.080978e+04
40.5 1.083181e+04 1.083078e+04 1.072940e+04 1.073043e+04
