0.5 8.855894e+03 8.789882e+03 8.851549e+03 8.917561e+03
1.5 8.456891e+03 8.789058e+03 8.850494e+03 8.518327e+03
2.5 8.635967e+03 8.791273e+03 8.837235e+03 8.681928e+03
3.5 8.732752e+03 8.804796e+03 8.801380e+03 8.729336e+03
4.5 8.709929e+03 8.832005e+03 8.746309e+03 8.624232e+03
5.5 8.798902e+03 8.867426e+03 8.684647e+03 8.616124e+03
6.5 8.947438e+03 8.903231e+03 8.628307e+03 8.672515e+03
7.5 8.747055e+03 8.933836e+03 8.583738e+03 8.396957e+03
8.5 8.812598e+03 8.956991e+03 8.552283e+03 8.407890e+03
9.5 8.959110e+03 8.972850e+03 8.532385e+03 8.518646e+03
10.5 8.863449e+03 8.982990e+03 8.521520e+03 8.401979e+03
11.5 8.981191e+03 8.989921e+03 8.518933e+03 8.510203e+03
12.5 9.065062e+03 8.990737e+03 8.533086e+03 8.607411e+03
13.5 8.641947e+03 8.978053e+03 8.572793e+03 8.236687e+03
14.5 9.004661e+03 8.950210e+03 8.633457e+03 8.687909e+03
15.5 8.949304e+03 8.913272e+03 8.701516e+03 8.737547e+03
16.5 8.841879e+03 8.875539e+03 8.764361e+03 8.730701e+03
17.5 9.037829e+03 8.842951e+03 8.815063e+03 9.009941e+03
18.5 9.152373e+03 8.818005e+03 8.851990e+03 9.186358e+03
19.5 8.873849e+03 8.800691e+03 8.876566e+03 8.949724e+03
20.5 9.128045e+03 8.789810e+03 8.891310e+03 9.229545e+03
21.5 8.824268e+03 8.783884e+03 8.898738e+03 8.939122e+03
22.5 8.731937e+03 8.781570e+03 8.900974e+03 8.851341e+03
23.5 8.762088e+03 8.781773e+03 8.899713e+03 8.880028e+03
24.5 8.619285e+03 8.783625e+03 8.896284e+03 8.731945e+03
25.5 8.353473e+03 8.786444e+03 8.891724e+03 8.458753e+03
26.5 8.770642e+03 8.789703e+03 8.886808e+03 8.867746e+03
27.5 8.534494e+03 8.793017e+03 8.882078e+03 8.623554e+03
28.5 8.317007e+03 8.796128e+03 8.877868e+03 8.398746e+03
29.5 8.770139e+03 8.798888e+03 8.874343e+03 8.845594e+03
30.5 8.896183e+03 8.800917e+03 8.871531e+03 8.966796e+03
31.5 8.695729e+03 8.801189e+03 8.867684e+03 8.762225e+03
32.5 8.920336e+03 8.803955e+03 8.852226e+03 8.968608e+03
33.5 9.023314e+03 8.817697e+03 8.814658e+03 9.020275e+03
34.5 8.630480e+03 8.844947e+03 8.758247e+03 8.543781e+03
35.5 9.117002e+03 8.880324e+03 8.695525e+03 8.932203e+03
36.5 8.969406e+03 8.916059e+03 8.638324e+03 8.691671e+03
37.5 9.062656e+03 8.946591e+03 8.593034e+03 8.709099e+03
38.5 9.224833e+03 8.969687e+03 8.560956e+03 8.816102e+03
39.5 9.272631e+03 8.985507e+03 8.540501e+03 8.827625e+03
40.5 8.746949e+03 8.995627e+03 8.529122e+03 8.280444e+03
41.5 9.138223e+03 9.002557e+03 8.526052e+03 8.661718e+03
42.5 9.082531e+03 9.003387e+03 8.539743e+03 8.618887e+03
43.5 8.827055e+03 8.990730e+03 8.579002e+03 8.415327e+03
44.5 9.237230e+03 8.962924e+03 8.639230e+03 8.913536e+03
45.5 9.059315e+03 8.926032e+03 8.706862e+03 8.840145e+03
0.5 8.896183e+03 8.800917e+03 8.871531e+03 8.966796e+03
1.5 8.695729e+03 8.801189e+03 8.867684e+03 8.762225e+03
2.5 8.920336e+03 8.803955e+03 8.852226e+03 8.968608e+03
3.5 9.023314e+03 8.817697e+03 8.814658e+03 9.020275e+03
4.5 8.630480e+03 8.844947e+03 8.758247e+03 8.543781e+03
5.5 9.117002e+03 8.880324e+03 8.695525e+03 8.932203e+03
6.5 8.969406e+03 8.916059e+03 8.638324e+03 8.691671e+03
7.5 9.062656e+03 8.946591e+03 8.593034e+03 8.709099e+03
8.5 9.224833e+03 8.969687e+03 8.560956e+03 8.816102e+03
9.5 9.272631e+03 8.985507e+03 8.540501e+03 8.827625e+03
10.5 8.746949e+03 8.995627e+03 8.529122e+03 8.280444e+03
11.5 9.138223e+03 9.002557e+03 8.526052e+03 8.661718e+03
12.5 9.082531e+03 9.003387e+03 8.539743e+03 8.618887e+03
13.5 8.827055e+03 8.990730e+03 8.579002e+03 8.415327e+03
14.5 9.237230e+03 8.962924e+03 8.639230e+03 8.913536e+03
15.5 9.059315e+03 8.926032e+03 8.706862e+03 8.840145e+03
16.5 8.626547e+03 8.888351e+03 8.769289e+03 8.507486e+03
17.5 9.264740e+03 8.855826e+03 8.819581e+03 9.228496e+03
18.5 8.879328e+03 8.830950e+03 8.856104e+03 8.904482e+03
19.5 8.739602e+03 8.813714e+03 8.880283e+03 8.806171e+03
20.5 8.961070e+03 8.802916e+03 8.894635e+03 9.052790e+03
21.5 8.811743e+03 8.797077e+03 8.901679e+03 8.916345e+03
22.5 8.533942e+03 8.794856e+03 8.903538e+03 8.642624e+03
23.5 9.116755e+03 8.795156e+03 8.901905e+03 9.223504e+03
24.5 8.860440e+03 8.797110e+03 8.898112e+03 8.961442e+03
25.5 8.698521e+03 8.800035e+03 8.893194e+03 8.791681e+03
26.5 8.822349e+03 8.803404e+03 8.887927e+03 8.906872e+03
27.5 8.798343e+03 8.806831e+03 8.882853e+03 8.874365e+03
28.5 8.518053e+03 8.810058e+03 8.878307e+03 8.586301e+03
29.5 8.939174e+03 8.812923e+03 8.874451e+03 9.000702e+03
30.5 8.454341e+03 8.811526e+03 8.871322e+03 8.514137e+03
31.5 8.646780e+03 8.780366e+03 8.868872e+03 8.735286e+03
32.5 8.693865e+03 8.688250e+03 8.867005e+03 8.872621e+03
33.5 8.347599e+03 8.554937e+03 8.865611e+03 8.658272e+03
34.5 8.435356e+03 8.436132e+03 8.864580e+03 8.863804e+03
35.5 8.725222e+03 8.365162e+03 8.863816e+03 9.223875e+03
36.5 8.367276e+03 8.341389e+03 8.863241e+03 8.889128e+03
37.5 8.745855e+03 8.348194e+03 8.862796e+03 9.260457e+03
38.5 8.592466e+03 8.369047e+03 8.862436e+03 9.085855e+03
39.5 8.409737e+03 8.393522e+03 8.862131e+03 8.878346e+03
40.5 8.517603e+03 8.420640e+03 8.861859e+03 8.958821e+03
41.5 8.524845e+03 8.474340e+03 8.861605e+03 8.912110e+03
42.5 8.550398e+03 8.585600e+03 8.861362e+03 8.826160e+03
43.5 8.461757e+03 8.734780e+03 8.861122e+03 8.588098e+03
44.5 8.933282e+03 8.866331e+03 8.860882e+03 8.927833e+03
45.5 8.612698e+03 8.947120e+03 8.860640e+03 8.526218e+03
0.5 8.522710e+03 8.836206e+03 8.856518e+03 8.543021e+03
1.5 9.006830e+03 8.835638e+03 8.854495e+03 9.025687e+03
2.5 8.837011e+03 8.838135e+03 8.840280e+03 8.839156e+03
3.5 8.816153e+03 8.851963e+03 8.803484e+03 8.767674e+03
4.5 9.270690e+03 8.879503e+03 8.747484e+03 9.138671e+03
5.5 8.915862e+03 8.915278e+03 8.684907e+03 8.685491e+03
6.5 8.928510e+03 8.951455e+03 8.627665e+03 8.604720e+03
7.5 8.950333e+03 8.982410e+03 8.582197e+03 8.550119e+03
8.5 8.894865e+03 9.005943e+03 8.549854e+03 8.438776e+03
9.5 9.040356e+03 9.022199e+03 8.529079e+03 8.547237e+03
10.5 9.330443e+03 9.032756e+03 8.517348e+03 8.815035e+03
11.5 8.834368e+03 9.040126e+03 8.513907e+03 8.308149e+03
12.5 8.975914e+03 9.041402e+03 8.527217e+03 8.461728e+03
13.5 9.172088e+03 9.029204e+03 8.566090e+03 8.708973e+03
14.5 8.650085e+03 9.001880e+03 8.625931e+03 8.274136e+03
15.5 8.815082e+03 8.965503e+03 8.693176e+03 8.542755e+03
16.5 8.940747e+03 8.928373e+03 8.755217e+03 8.767591e+03
17.5 8.840264e+03 8.896433e+03 8.805123e+03 8.748954e+03
18.5 8.878288e+03 8.872176e+03 8.841263e+03 8.847375e+03
19.5 9.034083e+03 8.855590e+03 8.865060e+03 9.043553e+03
20.5 8.861914e+03 8.845475e+03 8.879031e+03 8.895471e+03
21.5 8.649942e+03 8.840348e+03 8.885695e+03 8.695289e+03
22.5 9.012864e+03 8.838866e+03 8.887173e+03 9.061171e+03
23.5 8.929604e+03 8.839934e+03 8.885159e+03 8.974830e+03
24.5 8.801939e+03 8.842682e+03 8.880984e+03 8.840241e+03
25.5 9.311145e+03 8.846428e+03 8.875681e+03 9.340398e+03
26.5 8.957263e+03 8.850646e+03 8.870027e+03 8.976643e+03
27.5 8.925319e+03 8.854952e+03 8.864563e+03 8.934930e+03
28.5 9.066888e+03 8.859087e+03 8.859622e+03 9.067423e+03
29.5 8.854081e+03 8.862891e+03 8.855368e+03 8.846558e+03
30.5 8.550569e+03 8.862465e+03 8.851836e+03 8.539940e+03
31.5 8.813520e+03 8.832313e+03 8.848976e+03 8.830183e+03
32.5 8.687691e+03 8.741255e+03 8.846693e+03 8.793130e+03
33.5 8.396993e+03 8.609084e+03 8.844876e+03 8.632785e+03
34.5 8.612316e+03 8.491531e+03 8.843414e+03 8.964199e+03
35.5 8.144483e+03 8.421926e+03 8.842211e+03 8.564768e+03
36.5 8.148136e+03 8.399613e+03 8.841188e+03 8.589711e+03
37.5 8.637987e+03 8.407950e+03 8.840283e+03 9.070321e+03
38.5 8.312089e+03 8.430395e+03 8.839454e+03 8.721148e+03
39.5 8.570683e+03 8.456513e+03 8.838668e+03 8.952838e+03
40.5 8.638319e+03 8.485709e+03 8.837903e+03 8.990513e+03
