0.5 1.017928e+04 1.023452e+04 9.943008e+03 9.887777e+03
1.5 9.955956e+03 1.021351e+04 9.922307e+03 9.664750e+03
2.5 9.963657e+03 1.014469e+04 9.870736e+03 9.689706e+03
3.5 1.009554e+04 1.003427e+04 9.808944e+03 9.870217e+03
4.5 9.936907e+03 9.921035e+03 9.771051e+03 9.786923e+03
5.5 9.972740e+03 9.835054e+03 9.769619e+03 9.907305e+03
6.5 9.632217e+03 9.783584e+03 9.795389e+03 9.644022e+03
7.5 9.790469e+03 9.759845e+03 9.832633e+03 9.863257e+03
8.5 9.765452e+03 9.753824e+03 9.869463e+03 9.881091e+03
9.5 9.792370e+03 9.757634e+03 9.900141e+03 9.934877e+03
10.5 9.670349e+03 9.766462e+03 9.923357e+03 9.827243e+03
11.5 9.682766e+03 9.777689e+03 9.939886e+03 9.844963e+03
12.5 9.572616e+03 9.789837e+03 9.951049e+03 9.733828e+03
13.5 9.589289e+03 9.801925e+03 9.958044e+03 9.745408e+03
14.5 9.718372e+03 9.813224e+03 9.961830e+03 9.866979e+03
15.5 9.821907e+03 9.823218e+03 9.963188e+03 9.961878e+03
16.5 9.730854e+03 9.831625e+03 9.962801e+03 9.862030e+03
17.5 9.819976e+03 9.838388e+03 9.961275e+03 9.942863e+03
18.5 9.856055e+03 9.843625e+03 9.959131e+03 9.971561e+03
19.5 1.001460e+04 9.847569e+03 9.956788e+03 1.012382e+04
20.5 9.930003e+03 9.851557e+03 9.957058e+03 1.003550e+04
21.5 9.972024e+03 9.862842e+03 9.975636e+03 1.008482e+04
22.5 1.007908e+04 9.889731e+03 1.002540e+04 1.021475e+04
23.5 9.903898e+03 9.926331e+03 1.008571e+04 1.006328e+04
24.5 1.002649e+04 9.957502e+03 1.012244e+04 1.019143e+04
25.5 1.019846e+04 9.974809e+03 1.012297e+04 1.034662e+04
26.5 1.021432e+04 9.979178e+03 1.009653e+04 1.033166e+04
27.5 9.902443e+03 9.975641e+03 1.005879e+04 9.985588e+03
28.5 9.766856e+03 9.968892e+03 1.002159e+04 9.819553e+03
29.5 9.832875e+03 9.961758e+03 9.990627e+03 9.861744e+03
30.5 9.822645e+03 9.954374e+03 9.964660e+03 9.832930e+03
31.5 9.963690e+03 9.940025e+03 9.927331e+03 9.950997e+03
32.5 9.744392e+03 9.910615e+03 9.864563e+03 9.698339e+03
33.5 9.875583e+03 9.872146e+03 9.795834e+03 9.799271e+03
34.5 9.938396e+03 9.839758e+03 9.754238e+03 9.852876e+03
35.5 9.871143e+03 9.821878e+03 9.751527e+03 9.800792e+03
36.5 9.875520e+03 9.817521e+03 9.777748e+03 9.835747e+03
37.5 9.881372e+03 9.821561e+03 9.816564e+03 9.876375e+03
38.5 9.950402e+03 9.829174e+03 9.855564e+03 9.976792e+03
39.5 9.839153e+03 9.837401e+03 9.888606e+03 9.890358e+03
40.5 9.724247e+03 9.844927e+03 9.914093e+03 9.793413e+03
41.5 9.867437e+03 9.851366e+03 9.932631e+03 9.948703e+03
42.5 9.929825e+03 9.856699e+03 9.945463e+03 1.001859e+04
43.5 9.929063e+03 9.860999e+03 9.953778e+03 1.002184e+04
44.5 9.857127e+03 9.864344e+03 9.958566e+03 9.951348e+03
45.5 9.976095e+03 9.866823e+03 9.960659e+03 1.006993e+04
46.5 9.899215e+03 9.868549e+03 9.960795e+03 9.991461e+03
47.5 9.852426e+03 9.869664e+03 9.959635e+03 9.942397e+03
48.5 1.000527e+04 9.870321e+03 9.957742e+03 1.009269e+04
49.5 9.757865e+03 9.870669e+03 9.955571e+03 9.842767e+03
50.5 9.845658e+03 9.871469e+03 9.955958e+03 9.930148e+03
51.5 9.921354e+03 9.878314e+03 9.974614e+03 1.001765e+04
52.5 9.894297e+03 9.904474e+03 1.002442e+04 1.001425e+04
53.5 9.913553e+03 9.954757e+03 1.008476e+04 1.004355e+04
54.5 1.011670e+04 1.001744e+04 1.012149e+04 1.022075e+04
55.5 1.014115e+04 1.007732e+04 1.012203e+04 1.018586e+04
0.5 9.822645e+03 9.954374e+03 9.964660e+03 9.832930e+03
1.5 9.963690e+03 9.940025e+03 9.927331e+03 9.950997e+03
2.5 9.744392e+03 9.910615e+03 9.864563e+03 9.698339e+03
3.5 9.875583e+03 9.872146e+03 9.795834e+03 9.799271e+03
4.5 9.938396e+03 9.839758e+03 9.754238e+03 9.852876e+03
5.5 9.871143e+03 9.821878e+03 9.751527e+03 9.800792e+03
6.5 9.875520e+03 9.817521e+03 9.777748e+03 9.835747e+03
7.5 9.881372e+03 9.821561e+03 9.816564e+03 9.876375e+03
8.5 9.950402e+03 9.829174e+03 9.855564e+03 9.976792e+03
9.5 9.839153e+03 9.837401e+03 9.888606e+03 9.890358e+03
10.5 9.724247e+03 9.844927e+03 9.914093e+03 9.793413e+03
11.5 9.867437e+03 9.851366e+03 9.932631e+03 9.948703e+03
12.5 9.929825e+03 9.856699e+03 9.945463e+03 1.001859e+04
13.5 9.929063e+03 9.860999e+03 9.953778e+03 1.002184e+04
14.5 9.857127e+03 9.864344e+03 9.958566e+03 9.951348e+03
15.5 9.976095e+03 9.866823e+03 9.960659e+03 1.006993e+04
16.5 9.899215e+03 9.868549e+03 9.960795e+03 9.991461e+03
17.5 9.852426e+03 9.869664e+03 9.959635e+03 9.942397e+03
18.5 1.000527e+04 9.870321e+03 9.957742e+03 1.009269e+04
19.5 9.757865e+03 9.870669e+03 9.955571e+03 9.842767e+03
20.5 9.845658e+03 9.871469e+03 9.955958e+03 9.930148e+03
21.5 9.921354e+03 9.878314e+03 9.974614e+03 1.001765e+04
22.5 9.894297e+03 9.904474e+03 1.002442e+04 1.001425e+04
23.5 9.913553e+03 9.954757e+03 1.008476e+04 1.004355e+04
24.5 1.011670e+04 1.001744e+04 1.012149e+04 1.022075e+04
25.5 1.014115e+04 1.007732e+04 1.012203e+04 1.018586e+04
26.5 1.022269e+04 1.012535e+04 1.009560e+04 1.019294e+04
27.5 1.025119e+04 1.015928e+04 1.005787e+04 1.014978e+04
28.5 1.053503e+04 1.018080e+04 1.002070e+04 1.037493e+04
29.5 1.035886e+04 1.019280e+04 9.989759e+03 1.015581e+04
30.5 1.028538e+04 1.019741e+04 9.963820e+03 1.005180e+04
31.5 1.038069e+04 1.019125e+04 9.926562e+03 1.011601e+04
32.5 1.012468e+04 1.016273e+04 9.863861e+03 9.825809e+03
33.5 1.014740e+04 1.010827e+04 9.795152e+03 9.834282e+03
34.5 9.904646e+03 1.004056e+04 9.753576e+03 9.617667e+03
35.5 9.784402e+03 9.975462e+03 9.750884e+03 9.559825e+03
36.5 9.849499e+03 9.922554e+03 9.777124e+03 9.704070e+03
37.5 9.779368e+03 9.884372e+03 9.815958e+03 9.710955e+03
38.5 9.863660e+03 9.859377e+03 9.854976e+03 9.859260e+03
39.5 9.777756e+03 9.844673e+03 9.888035e+03 9.821118e+03
40.5 9.890052e+03 9.837457e+03 9.913539e+03 9.966133e+03
41.5 9.981532e+03 9.835477e+03 9.932093e+03 1.007815e+04
42.5 9.874586e+03 9.837013e+03 9.944941e+03 9.982514e+03
43.5 9.992323e+03 9.840746e+03 9.953271e+03 1.010485e+04
44.5 1.002194e+04 9.845652e+03 9.958073e+03 1.013436e+04
45.5 9.883593e+03 9.850949e+03 9.960180e+03 9.992824e+03
46.5 9.519348e+03 9.856082e+03 9.960330e+03 9.623596e+03
47.5 9.744500e+03 9.860697e+03 9.959184e+03 9.842986e+03
48.5 9.763905e+03 9.864617e+03 9.957304e+03 9.856592e+03
49.5 9.925991e+03 9.867799e+03 9.955145e+03 1.001334e+04
50.5 9.965618e+03 9.870924e+03 9.955544e+03 1.005024e+04
51.5 9.906595e+03 9.879585e+03 9.974211e+03 1.000122e+04
52.5 9.942282e+03 9.907104e+03 1.002403e+04 1.005921e+04
53.5 9.923980e+03 9.958360e+03 1.008438e+04 1.005000e+04
54.5 9.961141e+03 1.002171e+04 1.012112e+04 1.006055e+04
55.5 9.831947e+03 1.008204e+04 1.012167e+04 9.871581e+03
0.5 1.028538e+04 1.019741e+04 9.963820e+03 1.005180e+04
1.5 1.038069e+04 1.019125e+04 9.926562e+03 1.011601e+04
2.5 1.012468e+04 1.016273e+04 9.863861e+03 9.825809e+03
3.5 1.014740e+04 1.010827e+04 9.795152e+03 9.834282e+03
4.5 9.904646e+03 1.004056e+04 9.753576e+03 9.617667e+03
5.5 9.784402e+03 9.975462e+03 9.750884e+03 9.559825e+03
6.5 9.849499e+03 9.922554e+03 9.777124e+03 9.704070e+03
7.5 9.779368e+03 9.884372e+03 9.815958e+03 9.710955e+03
8.5 9.863660e+03 9.859377e+03 9.854976e+03 9.859260e+03
9.5 9.777756e+03 9.844673e+03 9.888035e+03 9.821118e+03
10.5 9.890052e+03 9.837457e+03 9.913539e+03 9.966133e+03
11.5 9.981532e+03 9.835477e+03 9.932093e+03 1.007815e+04
12.5 9.874586e+03 9.837013e+03 9.944941e+03 9.982514e+03
13.5 9.992323e+03 9.840746e+03 9.953271e+03 1.010485e+04
14.5 1.002194e+04 9.845652e+03 9.958073e+03 1.013436e+04
15.5 9.883593e+03 9.850949e+03 9.960180e+03 9.992824e+03
16.5 9.519348e+03 9.856082e+03 9.960330e+03 9.623596e+03
17.5 9.744500e+03 9.860697e+03 9.959184e+03 9.842986e+03
18.5 9.763905e+03 9.864617e+03 9.957304e+03 9.856592e+03
19.5 9.925991e+03 9.867799e+03 9.955145e+03 1.001334e+04
20.5 9.965618e+03 9.870924e+03 9.955544e+03 1.005024e+04
21.5 9.906595e+03 9.879585e+03 9.974211e+03 1.000122e+04
22.5 9.942282e+03 9.907104e+03 1.002403e+04 1.005921e+04
23.5 9.923980e+03 9.958360e+03 1.008438e+04 1.005000e+04
24.5 9.961141e+03 1.002171e+04 1.012112e+04 1.006055e+04
25.5 9.831947e+03 1.008204e+04 1.012167e+04 9.871581e+03
26.5 9.870999e+03 1.013034e+04 1.009525e+04 9.835907e+03
27.5 9.992310e+03 1.016443e+04 1.005753e+04 9.885408e+03
28.5 1.007809e+04 1.018603e+04 1.002036e+04 9.912424e+03
29.5 1.021983e+04 1.019807e+04 9.989433e+03 1.001120e+04
30.5 1.014679e+04 1.020268e+04 9.963502e+03 9.907619e+03
31.5 1.020180e+04 1.019651e+04 9.926252e+03 9.931544e+03
32.5 1.026606e+04 1.016796e+04 9.863557e+03 9.961650e+03
33.5 1.027039e+04 1.011348e+04 9.794856e+03 9.951763e+03
34.5 1.019608e+04 1.004574e+04 9.753285e+03 9.903627e+03
35.5 1.019995e+04 9.980617e+03 9.750600e+03 9.969936e+03
36.5 1.011220e+04 9.927685e+03 9.776846e+03 9.961361e+03
37.5 9.893618e+03 9.889482e+03 9.815685e+03 9.819821e+03
38.5 1.007133e+04 9.864468e+03 9.854708e+03 1.006157e+04
39.5 9.984999e+03 9.849749e+03 9.887771e+03 1.002302e+04
40.5 1.001693e+04 9.842522e+03 9.913279e+03 1.008769e+04
41.5 9.882102e+03 9.840532e+03 9.931838e+03 9.973407e+03
42.5 9.850068e+03 9.842062e+03 9.944689e+03 9.952695e+03
43.5 1.002408e+04 9.845792e+03 9.953023e+03 1.013131e+04
44.5 9.892039e+03 9.850695e+03 9.957828e+03 9.999172e+03
45.5 9.970368e+03 9.855993e+03 9.959938e+03 1.007431e+04
46.5 1.011227e+04 9.861128e+03 9.960090e+03 1.021123e+04
47.5 1.001352e+04 9.865747e+03 9.958945e+03 1.010672e+04
48.5 9.825954e+03 9.869672e+03 9.957067e+03 9.913349e+03
49.5 9.793671e+03 9.872862e+03 9.954910e+03 9.875719e+03
50.5 9.890943e+03 9.876428e+03 9.955310e+03 9.969825e+03
51.5 9.808708e+03 9.887454e+03 9.973978e+03 9.895232e+03
52.5 9.868382e+03 9.914130e+03 1.002380e+04 9.978051e+03
53.5 9.889104e+03 9.950500e+03 1.008414e+04 1.002275e+04
54.5 9.856258e+03 9.981396e+03 1.012088e+04 9.995747e+03
55.5 9.960603e+03 9.998378e+03 1.012144e+04 1.008366e+04
0.5 1.014679e+04 1.020268e+04 9.963502e+03 9.907619e+03
1.5 1.020180e+04 1.019651e+04 9.926252e+03 9.931544e+03
2.5 1.026606e+04 1.016796e+04 9.863557e+03 9.961650e+03
3.5 1.027039e+04 1.011348e+04 9.794856e+03 9.951763e+03
4.5 1.019608e+04 1.004574e+04 9.753285e+03 9.903627e+03
5.5 1.019995e+04 9.980617e+03 9.750600e+03 9.969936e+03
6.5 1.011220e+04 9.927685e+03 9.776846e+03 9.961361e+03
7.5 9.893618e+03 9.889482e+03 9.815685e+03 9.819821e+03
8.5 1.007133e+04 9.864468e+03 9.854708e+03 1.006157e+04
9.5 9.984999e+03 9.849749e+03 9.887771e+03 1.002302e+04
10.5 1.001693e+04 9.842522e+03 9.913279e+03 1.008769e+04
11.5 9.882102e+03 9.840532e+03 9.931838e+03 9.973407e+03
12.5 9.850068e+03 9.842062e+03 9.944689e+03 9.952695e+03
13.5 1.002408e+04 9.845792e+03 9.953023e+03 1.013131e+04
14.5 9.892039e+03 9.850695e+03 9.957828e+03 9.999172e+03
15.5 9.970368e+03 9.855993e+03 9.959938e+03 1.007431e+04
16.5 1.011227e+04 9.861128e+03 9.960090e+03 1.021123e+04
17.5 1.001352e+04 9.865747e+03 9.958945e+03 1.010672e+04
18.5 9.825954e+03 9.869672e+03 9.957067e+03 9.913349e+03
19.5 9.793671e+03 9.872862e+03 9.954910e+03 9.875719e+03
20.5 9.890943e+03 9.876428e+03 9.955310e+03 9.969825e+03
21.5 9.808708e+03 9.887454e+03 9.973978e+03 9.895232e+03
22.5 9.868382e+03 9.914130e+03 1.002380e+04 9.978051e+03
23.5 9.889104e+03 9.950500e+03 1.008414e+04 1.002275e+04
24.5 9.856258e+03 9.981396e+03 1.012088e+04 9.995747e+03
25.5 9.960603e+03 9.998378e+03 1.012144e+04 1.008366e+04
26.5 9.863178e+03 1.000238e+04 1.009501e+04 9.955809e+03
27.5 9.883955e+03 9.998452e+03 1.005730e+04 9.942799e+03
28.5 9.787490e+03 9.991293e+03 1.002013e+04 9.816324e+03
29.5 9.952672e+03 9.983743e+03 9.989196e+03 9.958125e+03
30.5 1.003033e+04 9.975947e+03 9.963263e+03 1.001765e+04
31.5 1.010982e+04 9.961223e+03 9.926010e+03 1.007461e+04
32.5 1.007153e+04 9.931456e+03 9.863313e+03 1.000339e+04
33.5 1.004546e+04 9.892613e+03 9.794608e+03 9.947458e+03
34.5 9.843102e+03 9.859867e+03 9.753034e+03 9.736269e+03
35.5 9.807935e+03 9.841649e+03 9.750345e+03 9.716631e+03
36.5 9.642893e+03 9.836973e+03 9.776588e+03 9.582507e+03
37.5 9.781612e+03 9.840710e+03 9.815422e+03 9.756325e+03
38.5 9.970975e+03 9.848037e+03 9.854441e+03 9.977379e+03
39.5 9.872216e+03 9.855995e+03 9.887499e+03 9.903720e+03
40.5 9.955325e+03 9.863268e+03 9.913003e+03 1.000506e+04
41.5 9.931146e+03 9.869470e+03 9.931556e+03 9.993232e+03
42.5 9.914068e+03 9.874582e+03 9.944401e+03 9.983887e+03
43.5 9.821849e+03 9.878676e+03 9.952728e+03 9.895901e+03
44.5 9.727921e+03 9.881828e+03 9.957527e+03 9.803620e+03
45.5 9.787915e+03 9.884127e+03 9.959630e+03 9.863418e+03
46.5 9.768241e+03 9.885685e+03 9.959775e+03 9.842331e+03
47.5 9.843323e+03 9.886645e+03 9.958623e+03 9.915301e+03
48.5 1.010051e+04 9.887158e+03 9.956737e+03 1.017009e+04
49.5 9.955392e+03 9.887374e+03 9.954571e+03 1.002259e+04
50.5 9.872170e+03 9.888051e+03 9.954962e+03 9.939081e+03
51.5 9.718875e+03 9.894783e+03 9.973621e+03 9.797713e+03
52.5 9.883712e+03 9.920841e+03 1.002343e+04 9.986303e+03
53.5 1.003093e+04 9.971029e+03 1.008377e+04 1.014367e+04
54.5 1.007056e+04 1.003362e+04 1.012050e+04 1.015744e+04
55.5 1.012123e+04 1.009343e+04 1.012104e+04 1.014884e+04
0.5 1.003033e+04 9.975947e+03 9.963263e+03 1.001765e+04
1.5 1.010982e+04 9.961223e+03 9.926010e+03 1.007461e+04
2.5 1.007153e+04 9.931456e+03 9.863313e+03 1.000339e+04
3.5 1.004546e+04 9.892613e+03 9.794608e+03 9.947458e+03
4.5 9.843102e+03 9.859867e+03 9.753034e+03 9.736269e+03
5.5 9.807935e+03 9.841649e+03 9.750345e+03 9.716631e+03
6.5 9.642893e+03 9.836973e+03 9.776588e+03 9.582507e+03
7.5 9.781612e+03 9.840710e+03 9.815422e+03 9.756325e+03
8.5 9.970975e+03 9.848037e+03 9.854441e+03 9.977379e+03
9.5 9.872216e+03 9.855995e+03 9.887499e+03 9.903720e+03
10.5 9.955325e+03 9.863268e+03 9.913003e+03 1.000506e+04
11.5 9.931146e+03 9.869470e+03 9.931556e+03 9.993232e+03
12.5 9.914068e+03 9.874582e+03 9.944401e+03 9.983887e+03
13.5 9.821849e+03 9.878676e+03 9.952728e+03 9.895901e+03
14.5 9.727921e+03 9.881828e+03 9.957527e+03 9.803620e+03
15.5 9.787915e+03 9.884127e+03 9.959630e+03 9.863418e+03
16.5 9.768241e+03 9.885685e+03 9.959775e+03 9.842331e+03
17.5 9.843323e+03 9.886645e+03 9.958623e+03 9.915301e+03
18.5 1.010051e+04 9.887158e+03 9.956737e+03 1.017009e+04
19.5 9.955392e+03 9.887374e+03 9.954571e+03 1.002259e+04
20.5 9.872170e+03 9.888051e+03 9.954962e+03 9.939081e+03
21.5 9.718875e+03 9.894783e+03 9.973621e+03 9.797713e+03
22.5 9.883712e+03 9.920841e+03 1.002343e+04 9.986303e+03
23.5 1.003093e+04 9.971029e+03 1.008377e+04 1.014367e+04
24.5 1.007056e+04 1.003362e+04 1.012050e+04 1.015744e+04
25.5 1.012123e+04 1.009343e+04 1.012104e+04 1.014884e+04
26.5 1.016129e+04 1.014134e+04 1.009457e+04 1.011451e+04
27.5 1.014575e+04 1.017512e+04 1.005680e+04 1.002743e+04
28.5 1.004708e+04 1.019653e+04 1.001961e+04 9.870162e+03
29.5 1.012292e+04 1.020844e+04 9.988664e+03 9.903147e+03
30.5 1.012059e+04 1.021294e+04 9.962711e+03 9.870364e+03
31.5 1.026209e+04 1.020669e+04 9.925440e+03 9.980835e+03
32.5 1.024514e+04 1.017808e+04 9.862727e+03 9.929790e+03
33.5 9.906716e+03 1.012355e+04 9.794015e+03 9.577179e+03
34.5 9.982539e+03 1.005578e+04 9.752446e+03 9.679203e+03
35.5 9.798798e+03 9.990666e+03 9.749772e+03 9.557904e+03
36.5 9.821465e+03 9.937760e+03 9.776033e+03 9.659738e+03
37.5 9.753216e+03 9.899599e+03 9.814885e+03 9.668501e+03
38.5 9.823100e+03 9.874639e+03 9.853915e+03 9.802375e+03
39.5 9.781024e+03 9.859980e+03 9.886978e+03 9.808022e+03
40.5 9.819868e+03 9.852817e+03 9.912480e+03 9.879531e+03
41.5 9.708701e+03 9.850895e+03 9.931026e+03 9.788833e+03
42.5 9.745465e+03 9.852493e+03 9.943860e+03 9.836832e+03
43.5 9.702289e+03 9.856292e+03 9.952172e+03 9.798170e+03
44.5 9.671891e+03 9.861265e+03 9.956953e+03 9.767578e+03
45.5 9.709387e+03 9.866634e+03 9.959036e+03 9.801789e+03
46.5 9.775072e+03 9.871840e+03 9.959160e+03 9.862392e+03
47.5 9.915147e+03 9.876532e+03 9.957985e+03 9.996600e+03
48.5 9.829377e+03 9.880532e+03 9.956076e+03 9.904920e+03
49.5 9.853501e+03 9.883800e+03 9.953887e+03 9.923588e+03
50.5 9.915406e+03 9.887446e+03 9.954255e+03 9.982215e+03
51.5 1.011624e+04 9.898555e+03 9.972890e+03 1.019058e+04
52.5 9.975719e+03 9.925315e+03 1.002267e+04 1.007307e+04
53.5 1.001124e+04 9.961760e+03 1.008294e+04 1.013242e+04
54.5 1.011304e+04 9.992719e+03 1.011958e+04 1.023990e+04
55.5 1.007174e+04 1.000975e+04 1.012000e+04 1.018199e+04
0.5 1.012059e+04 1.021294e+04 9.962711e+03 9.870364e+03
1.5 1.026209e+04 1.020669e+04 9.925440e+03 9.980835e+03
2.5 1.024514e+04 1.017808e+04 9.862727e+03 9.929790e+03
3.5 9.906716e+03 1.012355e+04 9.794015e+03 9.577179e+03
4.5 9.982539e+03 1.005578e+04 9.752446e+03 9.679203e+03
5.5 9.798798e+03 9.990666e+03 9.749772e+03 9.557904e+03
6.5 9.821465e+03 9.937760e+03 9.776033e+03 9.659738e+03
7.5 9.753216e+03 9.899599e+03 9.814885e+03 9.668501e+03
8.5 9.823100e+03 9.874639e+03 9.853915e+03 9.802375e+03
9.5 9.781024e+03 9.859980e+03 9.886978e+03 9.808022e+03
10.5 9.819868e+03 9.852817e+03 9.912480e+03 9.879531e+03
11.5 9.708701e+03 9.850895e+03 9.931026e+03 9.788833e+03
12.5 9.745465e+03 9.852493e+03 9.943860e+03 9.836832e+03
13.5 9.702289e+03 9.856292e+03 9.952172e+03 9.798170e+03
14.5 9.671891e+03 9.861265e+03 9.956953e+03 9.767578e+03
15.5 9.709387e+03 9.866634e+03 9.959036e+03 9.801789e+03
16.5 9.775072e+03 9.871840e+03 9.959160e+03 9.862392e+03
17.5 9.915147e+03 9.876532e+03 9.957985e+03 9.996600e+03
18.5 9.829377e+03 9.880532e+03 9.956076e+03 9.904920e+03
19.5 9.853501e+03 9.883800e+03 9.953887e+03 9.923588e+03
20.5 9.915406e+03 9.887446e+03 9.954255e+03 9.982215e+03
21.5 1.011624e+04 9.898555e+03 9.972890e+03 1.019058e+04
22.5 9.975719e+03 9.925315e+03 1.002267e+04 1.007307e+04
23.5 1.001124e+04 9.961760e+03 1.008294e+04 1.013242e+04
24.5 1.011304e+04 9.992719e+03 1.011958e+04 1.023990e+04
25.5 1.007174e+04 1.000975e+04 1.012000e+04 1.018199e+04
26.5 1.009485e+04 1.001380e+04 1.009344e+04 1.017450e+04
27.5 1.000050e+04 1.000991e+04 1.005559e+04 1.004618e+04
28.5 1.001326e+04 1.000280e+04 1.001830e+04 1.002876e+04
29.5 1.008131e+04 9.995310e+03 9.987275e+03 1.007328e+04
30.5 1.008278e+04 9.990126e+03 9.963793e+03 1.005645e+04
