0.5 8.725414e+03 8.677903e+03 8.706600e+03 8.754111e+03
1.5 8.727622e+03 8.691587e+03 8.706569e+03 8.742604e+03
2.5 8.790923e+03 8.727485e+03 8.706332e+03 8.769770e+03
3.5 8.822436e+03 8.777567e+03 8.705716e+03 8.750584e+03
4.5 8.868148e+03 8.820891e+03 8.704775e+03 8.752032e+03
5.5 8.899502e+03 8.845539e+03 8.703724e+03 8.757687e+03
6.5 8.871913e+03 8.852459e+03 8.702762e+03 8.722216e+03
7.5 8.865816e+03 8.848362e+03 8.701999e+03 8.719453e+03
8.5 8.822766e+03 8.839626e+03 8.701457e+03 8.684597e+03
9.5 8.833002e+03 8.830138e+03 8.701109e+03 8.703973e+03
10.5 8.753121e+03 8.820135e+03 8.700914e+03 8.633899e+03
11.5 8.749259e+03 8.800440e+03 8.700858e+03 8.649677e+03
12.5 8.765274e+03 8.759768e+03 8.701086e+03 8.706591e+03
13.5 8.709328e+03 8.706147e+03 8.701743e+03 8.704924e+03
14.5 8.692732e+03 8.660410e+03 8.702754e+03 8.735076e+03
15.5 8.686747e+03 8.634393e+03 8.703889e+03 8.756244e+03
16.5 8.598714e+03 8.627017e+03 8.704937e+03 8.676634e+03
17.5 8.585701e+03 8.631409e+03 8.705781e+03 8.660073e+03
18.5 8.596999e+03 8.640999e+03 8.706394e+03 8.662394e+03
19.5 8.592281e+03 8.651707e+03 8.706798e+03 8.647372e+03
20.5 8.572009e+03 8.661676e+03 8.707038e+03 8.617370e+03
21.5 8.607018e+03 8.670322e+03 8.707154e+03 8.643850e+03
22.5 8.600909e+03 8.677574e+03 8.707184e+03 8.630518e+03
23.5 8.594882e+03 8.683494e+03 8.707155e+03 8.618543e+03
24.5 8.593843e+03 8.688158e+03 8.707089e+03 8.612775e+03
25.5 8.633107e+03 8.691664e+03 8.707005e+03 8.648448e+03
26.5 8.594661e+03 8.694152e+03 8.706916e+03 8.607425e+03
27.5 8.644547e+03 8.695802e+03 8.706830e+03 8.655575e+03
28.5 8.629384e+03 8.696816e+03 8.706752e+03 8.639320e+03
29.5 8.679913e+03 8.697392e+03 8.706687e+03 8.689208e+03
30.5 8.724646e+03 8.697863e+03 8.706634e+03 8.733418e+03
31.5 8.745830e+03 8.699075e+03 8.706593e+03 8.753349e+03
32.5 8.752295e+03 8.700060e+03 8.706562e+03 8.758798e+03
33.5 8.757350e+03 8.697624e+03 8.706539e+03 8.766265e+03
34.5 8.716360e+03 8.690157e+03 8.706522e+03 8.732725e+03
35.5 8.680955e+03 8.679130e+03 8.706510e+03 8.708335e+03
36.5 8.682345e+03 8.667313e+03 8.706501e+03 8.721534e+03
37.5 8.654439e+03 8.656905e+03 8.706495e+03 8.704030e+03
38.5 8.676969e+03 8.648926e+03 8.706491e+03 8.734534e+03
39.5 8.713660e+03 8.643463e+03 8.706487e+03 8.776684e+03
40.5 8.698298e+03 8.639974e+03 8.706485e+03 8.764809e+03
41.5 8.690777e+03 8.637239e+03 8.706483e+03 8.760020e+03
42.5 8.687903e+03 8.635859e+03 8.706481e+03 8.758525e+03
43.5 8.679093e+03 8.638712e+03 8.706479e+03 8.746860e+03
44.5 8.679603e+03 8.647151e+03 8.706478e+03 8.738930e+03
45.5 8.634563e+03 8.659490e+03 8.706477e+03 8.681550e+03
0.5 8.766990e+03 8.706431e+03 8.706563e+03 8.767122e+03
1.5 8.732027e+03 8.718321e+03 8.706539e+03 8.720245e+03
2.5 8.773968e+03 8.752690e+03 8.706310e+03 8.727588e+03
3.5 8.798382e+03 8.801436e+03 8.705700e+03 8.702646e+03
4.5 8.798703e+03 8.843565e+03 8.704768e+03 8.659907e+03
5.5 8.846399e+03 8.867116e+03 8.703725e+03 8.683008e+03
6.5 8.831385e+03 8.873012e+03 8.702772e+03 8.661144e+03
7.5 8.790265e+03 8.867943e+03 8.702018e+03 8.624340e+03
8.5 8.881358e+03 8.858272e+03 8.701485e+03 8.724570e+03
9.5 8.869599e+03 8.847878e+03 8.701147e+03 8.722867e+03
10.5 8.883695e+03 8.836991e+03 8.700961e+03 8.747665e+03
11.5 8.905858e+03 8.816461e+03 8.700915e+03 8.790312e+03
12.5 8.846347e+03 8.774985e+03 8.701151e+03 8.772513e+03
13.5 8.786682e+03 8.720535e+03 8.701818e+03 8.767965e+03
14.5 8.742369e+03 8.673981e+03 8.702838e+03 8.771226e+03
15.5 8.662174e+03 8.647156e+03 8.703983e+03 8.719001e+03
16.5 8.608421e+03 8.638984e+03 8.705041e+03 8.674478e+03
17.5 8.598633e+03 8.642589e+03 8.705894e+03 8.661938e+03
18.5 8.579680e+03 8.651401e+03 8.706516e+03 8.634796e+03
19.5 8.618613e+03 8.661340e+03 8.706931e+03 8.664204e+03
20.5 8.716419e+03 8.670549e+03 8.707180e+03 8.753050e+03
21.5 8.725569e+03 8.678444e+03 8.707307e+03 8.754432e+03
22.5 8.747752e+03 8.684955e+03 8.707346e+03 8.770144e+03
23.5 8.763124e+03 8.690143e+03 8.707328e+03 8.780309e+03
24.5 8.706456e+03 8.694083e+03 8.707273e+03 8.719646e+03
25.5 8.676938e+03 8.696875e+03 8.707199e+03 8.687262e+03
26.5 8.677382e+03 8.698657e+03 8.707120e+03 8.685844e+03
27.5 8.681148e+03 8.699609e+03 8.707044e+03 8.688582e+03
28.5 8.660124e+03 8.699934e+03 8.706977e+03 8.667167e+03
29.5 8.729001e+03 8.699828e+03 8.706923e+03 8.736095e+03
30.5 8.733378e+03 8.699626e+03 8.706881e+03 8.740633e+03
31.5 8.694800e+03 8.700172e+03 8.706850e+03 8.701478e+03
32.5 8.671145e+03 8.700498e+03 8.706830e+03 8.677477e+03
33.5 8.664137e+03 8.697412e+03 8.706818e+03 8.673543e+03
34.5 8.627458e+03 8.689301e+03 8.706812e+03 8.644969e+03
35.5 8.650605e+03 8.677636e+03 8.706811e+03 8.679780e+03
36.5 8.636119e+03 8.665172e+03 8.706814e+03 8.677761e+03
37.5 8.628762e+03 8.654105e+03 8.706819e+03 8.681477e+03
38.5 8.582345e+03 8.645486e+03 8.706826e+03 8.643685e+03
39.5 8.585782e+03 8.639388e+03 8.706834e+03 8.653228e+03
40.5 8.580527e+03 8.635267e+03 8.706843e+03 8.652102e+03
41.5 8.581609e+03 8.631904e+03 8.706852e+03 8.656557e+03
42.5 8.608772e+03 8.629900e+03 8.706863e+03 8.685735e+03
43.5 8.655536e+03 8.632136e+03 8.706873e+03 8.730273e+03
44.5 8.667812e+03 8.639966e+03 8.706884e+03 8.734730e+03
45.5 8.682579e+03 8.651706e+03 8.706895e+03 8.737769e+03
0.5 8.700812e+03 8.690342e+03 8.707101e+03 8.717571e+03
1.5 8.711394e+03 8.701827e+03 8.707089e+03 8.716656e+03
2.5 8.742589e+03 8.735776e+03 8.706873e+03 8.713686e+03
3.5 8.794284e+03 8.784076e+03 8.706276e+03 8.716484e+03
4.5 8.860383e+03 8.825721e+03 8.705358e+03 8.740020e+03
5.5 8.881399e+03 8.848753e+03 8.704330e+03 8.736976e+03
6.5 8.886643e+03 8.854100e+03 8.703393e+03 8.735935e+03
7.5 8.803775e+03 8.848460e+03 8.702655e+03 8.657969e+03
8.5 8.769266e+03 8.838203e+03 8.702140e+03 8.633202e+03
9.5 8.754393e+03 8.827214e+03 8.701820e+03 8.628999e+03
10.5 8.741932e+03 8.816540e+03 8.701654e+03 8.627046e+03
