0.5 8.784682e+03 8.741977e+03 8.780885e+03 8.823590e+03
1.5 8.798089e+03 8.752480e+03 8.780859e+03 8.826469e+03
2.5 8.846294e+03 8.780995e+03 8.780663e+03 8.845963e+03
3.5 8.877696e+03 8.823338e+03 8.780153e+03 8.834512e+03
4.5 8.919073e+03 8.863755e+03 8.779376e+03 8.834694e+03
5.5 8.949154e+03 8.891595e+03 8.778506e+03 8.836065e+03
6.5 8.926672e+03 8.905679e+03 8.777711e+03 8.798705e+03
7.5 8.931749e+03 8.909875e+03 8.777080e+03 8.798953e+03
8.5 8.884790e+03 8.908617e+03 8.776631e+03 8.752804e+03
9.5 8.910546e+03 8.904982e+03 8.776344e+03 8.781908e+03
10.5 8.853763e+03 8.899540e+03 8.776182e+03 8.730406e+03
11.5 8.844452e+03 8.885734e+03 8.776136e+03 8.734855e+03
12.5 8.857809e+03 8.854017e+03 8.776324e+03 8.780117e+03
13.5 8.801367e+03 8.808842e+03 8.776868e+03 8.769393e+03
14.5 8.780982e+03 8.766094e+03 8.777704e+03 8.792592e+03
15.5 8.790121e+03 8.736523e+03 8.778643e+03 8.832241e+03
16.5 8.709018e+03 8.721333e+03 8.779510e+03 8.767194e+03
17.5 8.688093e+03 8.716617e+03 8.780208e+03 8.751683e+03
18.5 8.688409e+03 8.717853e+03 8.780714e+03 8.751271e+03
19.5 8.686219e+03 8.721846e+03 8.781049e+03 8.745422e+03
20.5 8.663751e+03 8.726849e+03 8.781247e+03 8.718149e+03
21.5 8.690143e+03 8.732039e+03 8.781343e+03 8.739447e+03
22.5 8.687315e+03 8.737032e+03 8.781367e+03 8.731651e+03
23.5 8.675407e+03 8.741603e+03 8.781343e+03 8.715147e+03
24.5 8.680904e+03 8.745599e+03 8.781289e+03 8.716595e+03
25.5 8.711813e+03 8.748928e+03 8.781220e+03 8.744105e+03
26.5 8.678169e+03 8.751569e+03 8.781146e+03 8.707746e+03
27.5 8.702996e+03 8.753567e+03 8.781075e+03 8.730503e+03
28.5 8.679587e+03 8.755018e+03 8.781011e+03 8.705579e+03
29.5 8.716681e+03 8.756040e+03 8.780957e+03 8.741598e+03
30.5 8.757361e+03 8.756984e+03 8.780913e+03 8.781290e+03
31.5 8.779334e+03 8.759465e+03 8.780879e+03 8.800748e+03
32.5 8.793489e+03 8.765169e+03 8.780853e+03 8.809173e+03
33.5 8.826616e+03 8.772647e+03 8.780834e+03 8.834803e+03
34.5 8.816012e+03 8.778625e+03 8.780820e+03 8.818208e+03
35.5 8.799216e+03 8.781456e+03 8.780810e+03 8.798571e+03
36.5 8.803722e+03 8.781538e+03 8.780803e+03 8.802987e+03
37.5 8.787188e+03 8.780083e+03 8.780798e+03 8.787903e+03
38.5 8.789600e+03 8.778144e+03 8.780794e+03 8.792251e+03
39.5 8.824562e+03 8.776316e+03 8.780792e+03 8.829037e+03
40.5 8.808111e+03 8.774585e+03 8.780789e+03 8.814316e+03
41.5 8.813332e+03 8.771462e+03 8.780788e+03 8.822658e+03
42.5 8.803212e+03 8.765296e+03 8.780786e+03 8.818703e+03
43.5 8.788117e+03 8.757544e+03 8.780785e+03 8.811357e+03
44.5 8.780687e+03 8.751475e+03 8.780784e+03 8.809997e+03
45.5 8.740263e+03 8.748720e+03 8.780783e+03 8.772325e+03
0.5 8.806547e+03 8.763592e+03 8.780854e+03 8.823809e+03
1.5 8.788914e+03 8.772817e+03 8.780834e+03 8.796931e+03
2.5 8.818693e+03 8.800232e+03 8.780645e+03 8.799105e+03
3.5 8.848521e+03 8.841601e+03 8.780141e+03 8.787061e+03
4.5 8.854044e+03 8.881133e+03 8.779370e+03 8.752281e+03
5.5 8.898609e+03 8.908150e+03 8.778507e+03 8.768966e+03
6.5 8.897029e+03 8.921455e+03 8.777719e+03 8.753293e+03
7.5 8.861562e+03 8.924905e+03 8.777095e+03 8.713753e+03
8.5 8.937227e+03 8.922925e+03 8.776655e+03 8.790956e+03
9.5 8.923043e+03 8.918586e+03 8.776375e+03 8.780832e+03
10.5 8.932169e+03 8.912455e+03 8.776221e+03 8.795935e+03
11.5 8.945714e+03 8.897997e+03 8.776183e+03 8.823900e+03
12.5 8.915460e+03 8.865654e+03 8.776379e+03 8.826185e+03
13.5 8.868538e+03 8.819836e+03 8.776930e+03 8.825632e+03
14.5 8.831055e+03 8.776454e+03 8.777774e+03 8.832374e+03
15.5 8.757690e+03 8.746257e+03 8.778721e+03 8.790154e+03
16.5 8.713336e+03 8.730449e+03 8.779595e+03 8.762482e+03
17.5 8.708729e+03 8.725122e+03 8.780301e+03 8.763908e+03
18.5 8.696103e+03 8.725753e+03 8.780815e+03 8.751165e+03
19.5 8.718444e+03 8.729149e+03 8.781158e+03 8.770452e+03
20.5 8.787765e+03 8.733563e+03 8.781365e+03 8.835567e+03
21.5 8.786702e+03 8.738171e+03 8.781469e+03 8.830000e+03
22.5 8.787552e+03 8.742587e+03 8.781502e+03 8.826467e+03
23.5 8.804147e+03 8.746589e+03 8.781486e+03 8.839044e+03
24.5 8.738153e+03 8.750023e+03 8.781441e+03 8.769571e+03
25.5 8.705094e+03 8.752796e+03 8.781380e+03 8.733678e+03
26.5 8.726814e+03 8.754887e+03 8.781314e+03 8.753242e+03
27.5 8.733796e+03 8.756343e+03 8.781252e+03 8.758705e+03
28.5 8.729965e+03 8.757256e+03 8.781197e+03 8.753906e+03
29.5 8.787716e+03 8.757745e+03 8.781152e+03 8.811123e+03
30.5 8.793684e+03 8.758163e+03 8.781117e+03 8.816637e+03
31.5 8.763290e+03 8.760123e+03 8.781092e+03 8.784259e+03
32.5 8.760616e+03 8.765311e+03 8.781075e+03 8.776379e+03
33.5 8.761931e+03 8.772278e+03 8.781065e+03 8.770718e+03
34.5 8.751070e+03 8.777749e+03 8.781060e+03 8.754381e+03
35.5 8.774094e+03 8.780078e+03 8.781060e+03 8.775076e+03
36.5 8.755856e+03 8.779648e+03 8.781062e+03 8.757270e+03
37.5 8.762732e+03 8.777668e+03 8.781066e+03 8.766130e+03
38.5 8.724928e+03 8.775219e+03 8.781072e+03 8.730780e+03
39.5 8.718959e+03 8.772883e+03 8.781078e+03 8.727154e+03
40.5 8.726638e+03 8.770646e+03 8.781086e+03 8.737078e+03
41.5 8.723996e+03 8.767018e+03 8.781094e+03 8.738072e+03
42.5 8.727272e+03 8.760349e+03 8.781102e+03 8.748024e+03
43.5 8.764765e+03 8.752100e+03 8.781110e+03 8.793776e+03
44.5 8.758723e+03 8.745540e+03 8.781119e+03 8.794302e+03
45.5 8.751342e+03 8.742303e+03 8.781129e+03 8.790168e+03
0.5 8.744967e+03 8.750370e+03 8.781299e+03 8.775896e+03
1.5 8.752545e+03 8.759245e+03 8.781289e+03 8.774590e+03
2.5 8.780359e+03 8.786297e+03 8.781110e+03 8.775172e+03
3.5 8.834150e+03 8.827281e+03 8.780617e+03 8.787486e+03
4.5 8.878860e+03 8.866397e+03 8.779857e+03 8.792321e+03
5.5 8.908911e+03 8.892965e+03 8.779007e+03 8.794954e+03
6.5 8.921298e+03 8.905791e+03 8.778232e+03 8.793739e+03
7.5 8.887751e+03 8.908741e+03 8.777622e+03 8.756633e+03
8.5 8.868401e+03 8.906241e+03 8.777196e+03 8.739357e+03
9.5 8.860213e+03 8.901370e+03 8.776932e+03 8.735775e+03
10.5 8.844848e+03 8.895467e+03 8.776794e+03 8.726176e+03
