0.5 6.485593e+03 6.468590e+03 6.429071e+03 6.446073e+03
1.5 6.562400e+03 6.493098e+03 6.431689e+03 6.500991e+03
2.5 6.670475e+03 6.567715e+03 6.451508e+03 6.554268e+03
3.5 6.726676e+03 6.680652e+03 6.503181e+03 6.549205e+03
4.5 6.845766e+03 6.788556e+03 6.581948e+03 6.639158e+03
5.5 6.944909e+03 6.862219e+03 6.670003e+03 6.752693e+03
6.5 6.982217e+03 6.898452e+03 6.750547e+03 6.834312e+03
7.5 6.852249e+03 6.907884e+03 6.814481e+03 6.758847e+03
8.5 6.887549e+03 6.902644e+03 6.859906e+03 6.844811e+03
9.5 6.864613e+03 6.891123e+03 6.889015e+03 6.862505e+03
10.5 6.846421e+03 6.874830e+03 6.905363e+03 6.876953e+03
11.5 6.861431e+03 6.835742e+03 6.910012e+03 6.935701e+03
12.5 6.737814e+03 6.747753e+03 6.890982e+03 6.881043e+03
13.5 6.742977e+03 6.623186e+03 6.835897e+03 6.955688e+03
14.5 6.629853e+03 6.505579e+03 6.751238e+03 6.875512e+03
15.5 6.511394e+03 6.424262e+03 6.656129e+03 6.743260e+03
16.5 6.335294e+03 6.382389e+03 6.568347e+03 6.521251e+03
17.5 6.180456e+03 6.369140e+03 6.497664e+03 6.308979e+03
18.5 6.245887e+03 6.372084e+03 6.446380e+03 6.320184e+03
19.5 6.145229e+03 6.382469e+03 6.412487e+03 6.175246e+03
20.5 6.092464e+03 6.395530e+03 6.392433e+03 6.089366e+03
21.5 6.283000e+03 6.409041e+03 6.382669e+03 6.256628e+03
22.5 6.261692e+03 6.421967e+03 6.380199e+03 6.219924e+03
23.5 6.221756e+03 6.433717e+03 6.382637e+03 6.170676e+03
24.5 6.300583e+03 6.443884e+03 6.388103e+03 6.244802e+03
25.5 6.395255e+03 6.452230e+03 6.395139e+03 6.338165e+03
26.5 6.300683e+03 6.458703e+03 6.402650e+03 6.244630e+03
27.5 6.483274e+03 6.463437e+03 6.409872e+03 6.429709e+03
28.5 6.457710e+03 6.466694e+03 6.416334e+03 6.407349e+03
29.5 6.381854e+03 6.468798e+03 6.421803e+03 6.334859e+03
30.5 6.546288e+03 6.470076e+03 6.426230e+03 6.502442e+03
31.5 6.601615e+03 6.470130e+03 6.429683e+03 6.561168e+03
32.5 6.592474e+03 6.464662e+03 6.432296e+03 6.560108e+03
33.5 6.510962e+03 6.449216e+03 6.434225e+03 6.495972e+03
34.5 6.467356e+03 6.425226e+03 6.435624e+03 6.477754e+03
35.5 6.471908e+03 6.398203e+03 6.436628e+03 6.510332e+03
36.5 6.500668e+03 6.373399e+03 6.437348e+03 6.564617e+03
37.5 6.353915e+03 6.353694e+03 6.437869e+03 6.438090e+03
38.5 6.291089e+03 6.339722e+03 6.438250e+03 6.389618e+03
39.5 6.452491e+03 6.330827e+03 6.438537e+03 6.560202e+03
40.5 6.446292e+03 6.325899e+03 6.438760e+03 6.559153e+03
41.5 6.408625e+03 6.324540e+03 6.438939e+03 6.523024e+03
42.5 6.467312e+03 6.330376e+03 6.439086e+03 6.576023e+03
43.5 6.456553e+03 6.347320e+03 6.439211e+03 6.548444e+03
44.5 6.395452e+03 6.373500e+03 6.439318e+03 6.461269e+03
45.5 6.321958e+03 6.403052e+03 6.439410e+03 6.358316e+03
0.5 6.579988e+03 6.470876e+03 6.432193e+03 6.541306e+03
1.5 6.594654e+03 6.495205e+03 6.434220e+03 6.533669e+03
2.5 6.732410e+03 6.569556e+03 6.453423e+03 6.616277e+03
3.5 6.798075e+03 6.682105e+03 6.504452e+03 6.620422e+03
4.5 6.767412e+03 6.789500e+03 6.582544e+03 6.560456e+03
5.5 6.725642e+03 6.862548e+03 6.669895e+03 6.532989e+03
6.5 6.934828e+03 6.898080e+03 6.749707e+03 6.786456e+03
7.5 6.710892e+03 6.906747e+03 6.812888e+03 6.617034e+03
8.5 6.773429e+03 6.900694e+03 6.857544e+03 6.730278e+03
9.5 6.885354e+03 6.888325e+03 6.885869e+03 6.882899e+03
10.5 6.916234e+03 6.871160e+03 6.901425e+03 6.946499e+03
11.5 6.894679e+03 6.831246e+03 6.905273e+03 6.968706e+03
12.5 6.944792e+03 6.742454e+03 6.885482e+03 7.087820e+03
13.5 6.767664e+03 6.616998e+03 6.829627e+03 6.980293e+03
14.5 6.688899e+03 6.498489e+03 6.744186e+03 6.934596e+03
15.5 6.480862e+03 6.416261e+03 6.648285e+03 6.712886e+03
16.5 6.304619e+03 6.373468e+03 6.559702e+03 6.490854e+03
17.5 6.134728e+03 6.359290e+03 6.488209e+03 6.263647e+03
18.5 6.142185e+03 6.361297e+03 6.436108e+03 6.216995e+03
19.5 6.135368e+03 6.370740e+03 6.401388e+03 6.166015e+03
20.5 6.287272e+03 6.382853e+03 6.380500e+03 6.284919e+03
21.5 6.402749e+03 6.395410e+03 6.369895e+03 6.377234e+03
22.5 6.449421e+03 6.407377e+03 6.366577e+03 6.408621e+03
23.5 6.474286e+03 6.418163e+03 6.368159e+03 6.424281e+03
24.5 6.490797e+03 6.427363e+03 6.372763e+03 6.436197e+03
25.5 6.516489e+03 6.434736e+03 6.378931e+03 6.460684e+03
26.5 6.403224e+03 6.440232e+03 6.385567e+03 6.348559e+03
27.5 6.458167e+03 6.443986e+03 6.391908e+03 6.406089e+03
28.5 6.418181e+03 6.446258e+03 6.397482e+03 6.369406e+03
29.5 6.530941e+03 6.447373e+03 6.402059e+03 6.485627e+03
30.5 6.490879e+03 6.447659e+03 6.405587e+03 6.448807e+03
31.5 6.303687e+03 6.446716e+03 6.408135e+03 6.265106e+03
32.5 6.341256e+03 6.440247e+03 6.409835e+03 6.310844e+03
33.5 6.235989e+03 6.423796e+03 6.410846e+03 6.223040e+03
34.5 6.294819e+03 6.398797e+03 6.411321e+03 6.307343e+03
35.5 6.332012e+03 6.370760e+03 6.411394e+03 6.372646e+03
36.5 6.343214e+03 6.344908e+03 6.411176e+03 6.409482e+03
37.5 6.222370e+03 6.324149e+03 6.410750e+03 6.308970e+03
38.5 6.206700e+03 6.309144e+03 6.410176e+03 6.307732e+03
39.5 6.234012e+03 6.299209e+03 6.409500e+03 6.344303e+03
40.5 6.216906e+03 6.293235e+03 6.408751e+03 6.332423e+03
41.5 6.298695e+03 6.290823e+03 6.407949e+03 6.415821e+03
42.5 6.380186e+03 6.295600e+03 6.407106e+03 6.491692e+03
43.5 6.309051e+03 6.311482e+03 6.406230e+03 6.403799e+03
44.5 6.394602e+03 6.336596e+03 6.405325e+03 6.463331e+03
45.5 6.437339e+03 6.365075e+03 6.404394e+03 6.476658e+03
0.5 6.515586e+03 6.422791e+03 6.387118e+03 6.479913e+03
1.5 6.508051e+03 6.446054e+03 6.388120e+03 6.450117e+03
2.5 6.614242e+03 6.519297e+03 6.406267e+03 6.501213e+03
3.5 6.644798e+03 6.630668e+03 6.456200e+03 6.470330e+03
4.5 6.810735e+03 6.736790e+03 6.533137e+03 6.607081e+03
5.5 6.812547e+03 6.808466e+03 6.619256e+03 6.623337e+03
6.5 6.808964e+03 6.842539e+03 6.697753e+03 6.664178e+03
7.5 6.719258e+03 6.849673e+03 6.759531e+03 6.629116e+03
8.5 6.823214e+03 6.842029e+03 6.802701e+03 6.783886e+03
9.5 6.655254e+03 6.828020e+03 6.829464e+03 6.656698e+03
10.5 6.743417e+03 6.810518e+03 6.843388e+03 6.776287e+03
