0.5 8.757361e+03 8.756984e+03 8.801365e+03 8.801742e+03
1.5 8.779334e+03 8.759465e+03 8.800938e+03 8.820808e+03
2.5 8.793489e+03 8.765169e+03 8.795570e+03 8.823890e+03
3.5 8.826616e+03 8.772647e+03 8.781056e+03 8.835025e+03
4.5 8.816012e+03 8.778625e+03 8.758761e+03 8.796149e+03
5.5 8.799216e+03 8.781456e+03 8.733799e+03 8.751559e+03
6.5 8.803722e+03 8.781538e+03 8.710991e+03 8.733175e+03
7.5 8.787188e+03 8.780083e+03 8.692948e+03 8.700053e+03
8.5 8.789600e+03 8.778144e+03 8.680214e+03 8.691671e+03
9.5 8.824562e+03 8.776316e+03 8.672159e+03 8.720405e+03
10.5 8.808111e+03 8.774585e+03 8.667760e+03 8.701287e+03
11.5 8.813332e+03 8.771462e+03 8.666713e+03 8.708584e+03
12.5 8.803212e+03 8.765296e+03 8.672443e+03 8.710360e+03
13.5 8.788117e+03 8.757544e+03 8.688517e+03 8.719090e+03
14.5 8.780687e+03 8.751475e+03 8.713076e+03 8.742289e+03
15.5 8.740263e+03 8.748720e+03 8.740628e+03 8.732170e+03
16.5 8.697699e+03 8.748857e+03 8.766069e+03 8.714911e+03
17.5 8.702617e+03 8.750641e+03 8.786595e+03 8.738570e+03
18.5 8.671361e+03 8.752983e+03 8.801544e+03 8.719922e+03
19.5 8.653808e+03 8.755253e+03 8.811493e+03 8.710048e+03
20.5 8.699833e+03 8.757204e+03 8.817462e+03 8.760091e+03
21.5 8.738897e+03 8.758790e+03 8.820469e+03 8.800576e+03
22.5 8.766406e+03 8.760043e+03 8.821374e+03 8.827736e+03
23.5 8.781453e+03 8.761007e+03 8.820863e+03 8.841309e+03
24.5 8.800680e+03 8.761721e+03 8.819475e+03 8.858434e+03
25.5 8.802158e+03 8.762222e+03 8.817629e+03 8.857565e+03
26.5 8.749733e+03 8.762546e+03 8.815639e+03 8.802826e+03
27.5 8.807123e+03 8.762735e+03 8.813724e+03 8.858112e+03
28.5 8.864300e+03 8.762827e+03 8.812020e+03 8.913493e+03
29.5 8.817675e+03 8.762858e+03 8.810593e+03 8.865410e+03
30.5 8.848015e+03 8.763092e+03 8.809454e+03 8.894378e+03
31.5 8.818753e+03 8.765059e+03 8.807897e+03 8.861590e+03
32.5 8.817824e+03 8.770382e+03 8.801639e+03 8.849081e+03
33.5 8.813676e+03 8.777558e+03 8.786431e+03 8.822549e+03
34.5 8.792308e+03 8.783280e+03 8.763594e+03 8.772622e+03
35.5 8.781814e+03 8.785879e+03 8.738202e+03 8.734138e+03
36.5 8.757666e+03 8.785740e+03 8.715046e+03 8.686972e+03
37.5 8.731094e+03 8.784070e+03 8.696711e+03 8.643736e+03
38.5 8.746975e+03 8.781918e+03 8.683725e+03 8.648783e+03
39.5 8.750646e+03 8.779878e+03 8.675444e+03 8.646213e+03
40.5 8.781714e+03 8.777935e+03 8.670838e+03 8.674617e+03
41.5 8.794301e+03 8.774601e+03 8.669595e+03 8.689295e+03
42.5 8.821156e+03 8.768226e+03 8.675138e+03 8.728067e+03
43.5 8.796468e+03 8.760268e+03 8.691031e+03 8.727231e+03
44.5 8.773034e+03 8.753995e+03 8.715413e+03 8.734452e+03
45.5 8.770604e+03 8.751039e+03 8.742792e+03 8.762356e+03
0.5 8.848015e+03 8.763092e+03 8.809454e+03 8.894378e+03
1.5 8.818753e+03 8.765059e+03 8.807897e+03 8.861590e+03
2.5 8.817824e+03 8.770382e+03 8.801639e+03 8.849081e+03
3.5 8.813676e+03 8.777558e+03 8.786431e+03 8.822549e+03
4.5 8.792308e+03 8.783280e+03 8.763594e+03 8.772622e+03
5.5 8.781814e+03 8.785879e+03 8.738202e+03 8.734138e+03
6.5 8.757666e+03 8.785740e+03 8.715046e+03 8.686972e+03
7.5 8.731094e+03 8.784070e+03 8.696711e+03 8.643736e+03
8.5 8.746975e+03 8.781918e+03 8.683725e+03 8.648783e+03
9.5 8.750646e+03 8.779878e+03 8.675444e+03 8.646213e+03
10.5 8.781714e+03 8.777935e+03 8.670838e+03 8.674617e+03
11.5 8.794301e+03 8.774601e+03 8.669595e+03 8.689295e+03
12.5 8.821156e+03 8.768226e+03 8.675138e+03 8.728067e+03
13.5 8.796468e+03 8.760268e+03 8.691031e+03 8.727231e+03
14.5 8.773034e+03 8.753995e+03 8.715413e+03 8.734452e+03
15.5 8.770604e+03 8.751039e+03 8.742792e+03 8.762356e+03
16.5 8.747235e+03 8.750979e+03 8.768064e+03 8.764321e+03
17.5 8.761471e+03 8.752568e+03 8.788424e+03 8.797327e+03
18.5 8.772421e+03 8.754717e+03 8.803209e+03 8.820913e+03
19.5 8.785824e+03 8.756798e+03 8.812997e+03 8.842023e+03
20.5 8.793197e+03 8.758562e+03 8.818808e+03 8.853442e+03
21.5 8.781024e+03 8.759965e+03 8.821659e+03 8.842718e+03
22.5 8.785983e+03 8.761039e+03 8.822412e+03 8.847356e+03
23.5 8.759475e+03 8.761826e+03 8.821751e+03 8.819400e+03
24.5 8.763255e+03 8.762366e+03 8.820215e+03 8.821104e+03
25.5 8.756718e+03 8.762696e+03 8.818224e+03 8.812247e+03
26.5 8.764685e+03 8.762852e+03 8.816092e+03 8.817925e+03
27.5 8.774749e+03 8.762875e+03 8.814038e+03 8.825911e+03
28.5 8.782735e+03 8.762805e+03 8.812198e+03 8.832127e+03
29.5 8.764247e+03 8.762680e+03 8.810637e+03 8.812203e+03
30.5 8.806547e+03 8.763592e+03 8.809370e+03 8.852325e+03
31.5 8.788914e+03 8.772817e+03 8.808378e+03 8.824475e+03
32.5 8.818693e+03 8.800232e+03 8.807622e+03 8.826083e+03
33.5 8.848521e+03 8.841601e+03 8.807058e+03 8.813978e+03
34.5 8.854044e+03 8.881133e+03 8.806640e+03 8.779551e+03
35.5 8.898609e+03 8.908150e+03 8.806331e+03 8.796790e+03
36.5 8.897029e+03 8.921455e+03 8.806099e+03 8.781673e+03
37.5 8.861562e+03 8.924905e+03 8.805918e+03 8.742575e+03
38.5 8.937227e+03 8.922925e+03 8.805773e+03 8.820074e+03
39.5 8.923043e+03 8.918586e+03 8.805649e+03 8.810106e+03
40.5 8.932169e+03 8.912455e+03 8.805539e+03 8.825253e+03
41.5 8.945714e+03 8.897997e+03 8.805436e+03 8.853153e+03
42.5 8.915460e+03 8.865654e+03 8.805338e+03 8.855144e+03
43.5 8.868538e+03 8.819836e+03 8.805241e+03 8.853942e+03
44.5 8.831055e+03 8.776454e+03 8.805143e+03 8.859744e+03
45.5 8.757690e+03 8.746257e+03 8.805046e+03 8.816479e+03
0.5 8.793684e+03 8.758163e+03 8.803377e+03 8.838897e+03
1.5 8.763290e+03 8.760123e+03 8.802558e+03 8.805725e+03
2.5 8.760616e+03 8.765311e+03 8.796803e+03 8.792107e+03
3.5 8.761931e+03 8.772278e+03 8.781907e+03 8.771560e+03
4.5 8.751070e+03 8.777749e+03 8.759237e+03 8.732558e+03
5.5 8.774094e+03 8.780078e+03 8.733904e+03 8.727920e+03
6.5 8.755856e+03 8.779648e+03 8.710731e+03 8.686939e+03
7.5 8.762732e+03 8.777668e+03 8.692324e+03 8.677388e+03
8.5 8.724928e+03 8.775219e+03 8.679231e+03 8.628939e+03
9.5 8.718959e+03 8.772883e+03 8.670821e+03 8.616896e+03
10.5 8.726638e+03 8.770646e+03 8.666072e+03 8.622064e+03
11.5 8.723996e+03 8.767018e+03 8.664679e+03 8.621657e+03
12.5 8.727272e+03 8.760349e+03 8.670067e+03 8.636989e+03
13.5 8.764765e+03 8.752100e+03 8.685804e+03 8.698469e+03
14.5 8.758723e+03 8.745540e+03 8.710029e+03 8.723212e+03
15.5 8.751342e+03 8.742303e+03 8.737252e+03 8.746291e+03
16.5 8.758363e+03 8.741964e+03 8.762367e+03 8.778767e+03
17.5 8.719649e+03 8.743277e+03 8.782571e+03 8.758942e+03
18.5 8.716757e+03 8.745152e+03 8.797201e+03 8.768806e+03
19.5 8.721052e+03 8.746956e+03 8.806835e+03 8.780930e+03
20.5 8.760322e+03 8.748440e+03 8.812491e+03 8.824372e+03
21.5 8.763692e+03 8.749560e+03 8.815188e+03 8.829320e+03
22.5 8.759073e+03 8.750346e+03 8.815787e+03 8.824514e+03
23.5 8.763434e+03 8.750840e+03 8.814971e+03 8.827566e+03
24.5 8.736124e+03 8.751081e+03 8.813281e+03 8.798324e+03
25.5 8.712348e+03 8.751105e+03 8.811135e+03 8.772377e+03
26.5 8.704459e+03 8.750950e+03 8.808846e+03 8.762355e+03
27.5 8.707235e+03 8.750654e+03 8.806634e+03 8.763214e+03
28.5 8.724242e+03 8.750258e+03 8.804634e+03 8.778618e+03
29.5 8.730597e+03 8.749800e+03 8.802911e+03 8.783709e+03
30.5 8.744967e+03 8.750370e+03 8.801481e+03 8.796079e+03
31.5 8.752545e+03 8.759245e+03 8.800324e+03 8.793624e+03
32.5 8.780359e+03 8.786297e+03 8.799400e+03 8.793461e+03
33.5 8.834150e+03 8.827281e+03 8.798664e+03 8.805533e+03
34.5 8.878860e+03 8.866397e+03 8.798072e+03 8.810536e+03
35.5 8.908911e+03 8.892965e+03 8.797585e+03 8.813532e+03
36.5 8.921298e+03 8.905791e+03 8.797171e+03 8.812677e+03
37.5 8.887751e+03 8.908741e+03 8.796805e+03 8.775815e+03
38.5 8.868401e+03 8.906241e+03 8.796469e+03 8.758630e+03
39.5 8.860213e+03 8.901370e+03 8.796151e+03 8.754994e+03
40.5 8.844848e+03 8.895467e+03 8.795841e+03 8.745222e+03
