0.5 8.817878e+03 8.780837e+03 8.877342e+03 8.914383e+03
1.5 8.911440e+03 8.763616e+03 8.877393e+03 9.025218e+03
2.5 8.735222e+03 8.721142e+03 8.878349e+03 8.892428e+03
3.5 8.794468e+03 8.671735e+03 8.880977e+03 9.003710e+03
4.5 8.727300e+03 8.644126e+03 8.885029e+03 8.968203e+03
5.5 8.666442e+03 8.648038e+03 8.889572e+03 8.907976e+03
6.5 8.602944e+03 8.674705e+03 8.893723e+03 8.821962e+03
7.5 8.631306e+03 8.710276e+03 8.897006e+03 8.818036e+03
8.5 8.760821e+03 8.744544e+03 8.899321e+03 8.915598e+03
9.5 8.661633e+03 8.772750e+03 8.900782e+03 8.789666e+03
10.5 8.731979e+03 8.793965e+03 8.901577e+03 8.839592e+03
11.5 8.724642e+03 8.809031e+03 8.901885e+03 8.817496e+03
12.5 8.753721e+03 8.819218e+03 8.901857e+03 8.836360e+03
13.5 8.812562e+03 8.825663e+03 8.901609e+03 8.888509e+03
14.5 9.031808e+03 8.829268e+03 8.901231e+03 9.103771e+03
15.5 9.059537e+03 8.830766e+03 8.900792e+03 9.129563e+03
16.5 8.866091e+03 8.830788e+03 8.900344e+03 8.935647e+03
17.5 8.994853e+03 8.829883e+03 8.899921e+03 9.064891e+03
18.5 8.978271e+03 8.828514e+03 8.899546e+03 9.049303e+03
19.5 8.900453e+03 8.827054e+03 8.899228e+03 8.972627e+03
20.5 8.739253e+03 8.830244e+03 8.898968e+03 8.807977e+03
21.5 9.041251e+03 8.869523e+03 8.898635e+03 9.070363e+03
22.5 8.999068e+03 8.990666e+03 8.897446e+03 8.905848e+03
23.5 9.301496e+03 9.179788e+03 8.894625e+03 9.016333e+03
24.5 9.440102e+03 9.368868e+03 8.890412e+03 8.961645e+03
25.5 9.660317e+03 9.507881e+03 8.885734e+03 9.038171e+03
26.5 9.621018e+03 9.587105e+03 8.881466e+03 8.915379e+03
27.5 9.577606e+03 9.620284e+03 8.878080e+03 8.835402e+03
28.5 9.681332e+03 9.625541e+03 8.875673e+03 8.931463e+03
29.5 9.582390e+03 9.616418e+03 8.874126e+03 8.840098e+03
30.5 9.570342e+03 9.596268e+03 8.873253e+03 8.847327e+03
31.5 9.622271e+03 9.537674e+03 8.872996e+03 8.957592e+03
32.5 9.427195e+03 9.397039e+03 8.873983e+03 8.904139e+03
33.5 9.350947e+03 9.189759e+03 8.876861e+03 9.038049e+03
34.5 9.216850e+03 8.984663e+03 8.881292e+03 9.113478e+03
35.5 8.972327e+03 8.832372e+03 8.886271e+03 9.026226e+03
36.5 8.726619e+03 8.742854e+03 8.890867e+03 8.874633e+03
37.5 8.438102e+03 8.702279e+03 8.894568e+03 8.630390e+03
38.5 8.585898e+03 8.692189e+03 8.897252e+03 8.790961e+03
39.5 8.344446e+03 8.698548e+03 8.899024e+03 8.544922e+03
40.5 8.323223e+03 8.713001e+03 8.900071e+03 8.510293e+03
41.5 8.570037e+03 8.731103e+03 8.900580e+03 8.739513e+03
42.5 8.535178e+03 8.750402e+03 8.900706e+03 8.685481e+03
43.5 8.330932e+03 8.769300e+03 8.900575e+03 8.462206e+03
44.5 8.631619e+03 8.786633e+03 8.900286e+03 8.745272e+03
45.5 8.639873e+03 8.801610e+03 8.899915e+03 8.738178e+03
46.5 8.618922e+03 8.813841e+03 8.899519e+03 8.704599e+03
47.5 8.731729e+03 8.823311e+03 8.899138e+03 8.807557e+03
48.5 8.826548e+03 8.830286e+03 8.898798e+03 8.895060e+03
49.5 8.677457e+03 8.835197e+03 8.898510e+03 8.740770e+03
50.5 8.963346e+03 8.838316e+03 8.898276e+03 9.023306e+03
51.5 8.966578e+03 8.837902e+03 8.897967e+03 9.026644e+03
52.5 9.046197e+03 8.827521e+03 8.896801e+03 9.115478e+03
53.5 8.941987e+03 8.803407e+03 8.894002e+03 9.032583e+03
54.5 8.833053e+03 8.770375e+03 8.889811e+03 8.952489e+03
55.5 8.904471e+03 8.736520e+03 8.885155e+03 9.053106e+03
0.5 9.570342e+03 9.596268e+03 8.873253e+03 8.847327e+03
1.5 9.622271e+03 9.537674e+03 8.872996e+03 8.957592e+03
2.5 9.427195e+03 9.397039e+03 8.873983e+03 8.904139e+03
3.5 9.350947e+03 9.189759e+03 8.876861e+03 9.038049e+03
4.5 9.216850e+03 8.984663e+03 8.881292e+03 9.113478e+03
5.5 8.972327e+03 8.832372e+03 8.886271e+03 9.026226e+03
6.5 8.726619e+03 8.742854e+03 8.890867e+03 8.874633e+03
7.5 8.438102e+03 8.702279e+03 8.894568e+03 8.630390e+03
8.5 8.585898e+03 8.692189e+03 8.897252e+03 8.790961e+03
9.5 8.344446e+03 8.698548e+03 8.899024e+03 8.544922e+03
10.5 8.323223e+03 8.713001e+03 8.900071e+03 8.510293e+03
11.5 8.570037e+03 8.731103e+03 8.900580e+03 8.739513e+03
12.5 8.535178e+03 8.750402e+03 8.900706e+03 8.685481e+03
13.5 8.330932e+03 8.769300e+03 8.900575e+03 8.462206e+03
14.5 8.631619e+03 8.786633e+03 8.900286e+03 8.745272e+03
15.5 8.639873e+03 8.801610e+03 8.899915e+03 8.738178e+03
16.5 8.618922e+03 8.813841e+03 8.899519e+03 8.704599e+03
17.5 8.731729e+03 8.823311e+03 8.899138e+03 8.807557e+03
18.5 8.826548e+03 8.830286e+03 8.898798e+03 8.895060e+03
19.5 8.677457e+03 8.835197e+03 8.898510e+03 8.740770e+03
20.5 8.963346e+03 8.838316e+03 8.898276e+03 9.023306e+03
21.5 8.966578e+03 8.837902e+03 8.897967e+03 9.026644e+03
22.5 9.046197e+03 8.827521e+03 8.896801e+03 9.115478e+03
23.5 8.941987e+03 8.803407e+03 8.894002e+03 9.032583e+03
24.5 8.833053e+03 8.770375e+03 8.889811e+03 8.952489e+03
25.5 8.904471e+03 8.736520e+03 8.885155e+03 9.053106e+03
26.5 8.936938e+03 8.707722e+03 8.880908e+03 9.110124e+03
27.5 8.696648e+03 8.686293e+03 8.877544e+03 8.887900e+03
28.5 8.497294e+03 8.672031e+03 8.875157e+03 8.700420e+03
29.5 8.925972e+03 8.663628e+03 8.873631e+03 9.135975e+03
30.5 8.856116e+03 8.659794e+03 8.872778e+03 9.069101e+03
31.5 8.853952e+03 8.661431e+03 8.872540e+03 9.065062e+03
32.5 8.900004e+03 8.674336e+03 8.873543e+03 9.099211e+03
33.5 8.859357e+03 8.701785e+03 8.876437e+03 9.034010e+03
34.5 8.663875e+03 8.738563e+03 8.880883e+03 8.806195e+03
35.5 8.667914e+03 8.776249e+03 8.885878e+03 8.777543e+03
36.5 8.665369e+03 8.808709e+03 8.890489e+03 8.747149e+03
37.5 8.608291e+03 8.833456e+03 8.894203e+03 8.669038e+03
38.5 8.584535e+03 8.850595e+03 8.896901e+03 8.630841e+03
39.5 8.513914e+03 8.861403e+03 8.898687e+03 8.551197e+03
40.5 8.666509e+03 8.867396e+03 8.899747e+03 8.698860e+03
41.5 9.117548e+03 8.869910e+03 8.900268e+03 9.147906e+03
42.5 8.814381e+03 8.870013e+03 8.900406e+03 8.844775e+03
43.5 8.930337e+03 8.868540e+03 8.900288e+03 8.962085e+03
44.5 9.186098e+03 8.866145e+03 8.900010e+03 9.219963e+03
45.5 9.075809e+03 8.863329e+03 8.899650e+03 9.112130e+03
46.5 8.892835e+03 8.860460e+03 8.899265e+03 8.931640e+03
47.5 8.862984e+03 8.857784e+03 8.898896e+03 8.904096e+03
48.5 9.154146e+03 8.855437e+03 8.898566e+03 9.197275e+03
49.5 8.847843e+03 8.853474e+03 8.898288e+03 8.892657e+03
50.5 9.033989e+03 8.851681e+03 8.898064e+03 9.080372e+03
51.5 8.811519e+03 8.847824e+03 8.897764e+03 8.861459e+03
52.5 8.973437e+03 8.835040e+03 8.896608e+03 9.035004e+03
53.5 8.860361e+03 8.809220e+03 8.893817e+03 8.944959e+03
54.5 8.751170e+03 8.774924e+03 8.889635e+03 8.865882e+03
55.5 8.727744e+03 8.740067e+03 8.884988e+03 8.872664e+03
0.5 8.856116e+03 8.659794e+03 8.872778e+03 9.069101e+03
1.5 8.853952e+03 8.661431e+03 8.872540e+03 9.065062e+03
2.5 8.900004e+03 8.674336e+03 8.873543e+03 9.099211e+03
3.5 8.859357e+03 8.701785e+03 8.876437e+03 9.034010e+03
4.5 8.663875e+03 8.738563e+03 8.880883e+03 8.806195e+03
5.5 8.667914e+03 8.776249e+03 8.885878e+03 8.777543e+03
6.5 8.665369e+03 8.808709e+03 8.890489e+03 8.747149e+03
7.5 8.608291e+03 8.833456e+03 8.894203e+03 8.669038e+03
8.5 8.584535e+03 8.850595e+03 8.896901e+03 8.630841e+03
9.5 8.513914e+03 8.861403e+03 8.898687e+03 8.551197e+03
10.5 8.666509e+03 8.867396e+03 8.899747e+03 8.698860e+03
11.5 9.117548e+03 8.869910e+03 8.900268e+03 9.147906e+03
12.5 8.814381e+03 8.870013e+03 8.900406e+03 8.844775e+03
13.5 8.930337e+03 8.868540e+03 8.900288e+03 8.962085e+03
14.5 9.186098e+03 8.866145e+03 8.900010e+03 9.219963e+03
15.5 9.075809e+03 8.863329e+03 8.899650e+03 9.112130e+03
16.5 8.892835e+03 8.860460e+03 8.899265e+03 8.931640e+03
17.5 8.862984e+03 8.857784e+03 8.898896e+03 8.904096e+03
18.5 9.154146e+03 8.855437e+03 8.898566e+03 9.197275e+03
19.5 8.847843e+03 8.853474e+03 8.898288e+03 8.892657e+03
20.5 9.033989e+03 8.851681e+03 8.898064e+03 9.080372e+03
21.5 8.811519e+03 8.847824e+03 8.897764e+03 8.861459e+03
22.5 8.973437e+03 8.835040e+03 8.896608e+03 9.035004e+03
23.5 8.860361e+03 8.809220e+03 8.893817e+03 8.944959e+03
24.5 8.751170e+03 8.774924e+03 8.889635e+03 8.865882e+03
25.5 8.727744e+03 8.740067e+03 8.884988e+03 8.872664e+03
26.5 8.557552e+03 8.710418e+03 8.880749e+03 8.727883e+03
27.5 8.363794e+03 8.688223e+03 8.877393e+03 8.552964e+03
28.5 8.498669e+03 8.673240e+03 8.875014e+03 8.700443e+03
29.5 8.633313e+03 8.664135e+03 8.873496e+03 8.842675e+03
30.5 8.444690e+03 8.659605e+03 8.872651e+03 8.657736e+03
31.5 8.714988e+03 8.660551e+03 8.872420e+03 8.926858e+03
32.5 8.735836e+03 8.672766e+03 8.873430e+03 8.936501e+03
33.5 8.650681e+03 8.699525e+03 8.876332e+03 8.827488e+03
34.5 8.942498e+03 8.735615e+03 8.880785e+03 9.087668e+03
35.5 8.843941e+03 8.772619e+03 8.885786e+03 8.957109e+03
36.5 8.737314e+03 8.804403e+03 8.890404e+03 8.823316e+03
37.5 8.795004e+03 8.828474e+03 8.894125e+03 8.860655e+03
38.5 8.668455e+03 8.844938e+03 8.896829e+03 8.720346e+03
39.5 8.961584e+03 8.855077e+03 8.898622e+03 9.005129e+03
40.5 8.897841e+03 8.860405e+03 8.899688e+03 8.937124e+03
41.5 9.066284e+03 8.862259e+03 8.900215e+03 9.104240e+03
42.5 8.985842e+03 8.861708e+03 8.900360e+03 9.024493e+03
43.5 8.935804e+03 8.859588e+03 8.900247e+03 8.976463e+03
44.5 8.960420e+03 8.856551e+03 8.899976e+03 9.003845e+03
45.5 9.169129e+03 8.853099e+03 8.899622e+03 9.215651e+03
46.5 8.893282e+03 8.849601e+03 8.899243e+03 8.942924e+03
47.5 9.096713e+03 8.846301e+03 8.898879e+03 9.149291e+03
48.5 9.028646e+03 8.843337e+03 8.898555e+03 9.083864e+03
49.5 8.980924e+03 8.840781e+03 8.898283e+03 9.038425e+03
50.5 9.001281e+03 8.843120e+03 8.898065e+03 9.056225e+03
51.5 9.057267e+03 8.881605e+03 8.897771e+03 9.073433e+03
52.5 9.302456e+03 9.001875e+03 8.896620e+03 9.197202e+03
53.5 9.312891e+03 9.189973e+03 8.893836e+03 9.016753e+03
54.5 9.437630e+03 9.377863e+03 8.889660e+03 8.949427e+03
55.5 9.369249e+03 9.515532e+03 8.885018e+03 8.738735e+03
0.5 8.444690e+03 8.659605e+03 8.872651e+03 8.657736e+03
1.5 8.714988e+03 8.660551e+03 8.872420e+03 8.926858e+03
2.5 8.735836e+03 8.672766e+03 8.873430e+03 8.936501e+03
3.5 8.650681e+03 8.699525e+03 8.876332e+03 8.827488e+03
4.5 8.942498e+03 8.735615e+03 8.880785e+03 9.087668e+03
5.5 8.843941e+03 8.772619e+03 8.885786e+03 8.957109e+03
6.5 8.737314e+03 8.804403e+03 8.890404e+03 8.823316e+03
7.5 8.795004e+03 8.828474e+03 8.894125e+03 8.860655e+03
8.5 8.668455e+03 8.844938e+03 8.896829e+03 8.720346e+03
9.5 8.961584e+03 8.855077e+03 8.898622e+03 9.005129e+03
10.5 8.897841e+03 8.860405e+03 8.899688e+03 8.937124e+03
11.5 9.066284e+03 8.862259e+03 8.900215e+03 9.104240e+03
12.5 8.985842e+03 8.861708e+03 8.900360e+03 9.024493e+03
13.5 8.935804e+03 8.859588e+03 8.900247e+03 8.976463e+03
14.5 8.960420e+03 8.856551e+03 8.899976e+03 9.003845e+03
15.5 9.169129e+03 8.853099e+03 8.899622e+03 9.215651e+03
16.5 8.893282e+03 8.849601e+03 8.899243e+03 8.942924e+03
17.5 9.096713e+03 8.846301e+03 8.898879e+03 9.149291e+03
18.5 9.028646e+03 8.843337e+03 8.898555e+03 9.083864e+03
19.5 8.980924e+03 8.840781e+03 8.898283e+03 9.038425e+03
20.5 9.001281e+03 8.843120e+03 8.898065e+03 9.056225e+03
21.5 9.057267e+03 8.881605e+03 8.897771e+03 9.073433e+03
22.5 9.302456e+03 9.001875e+03 8.896620e+03 9.197202e+03
23.5 9.312891e+03 9.189973e+03 8.893836e+03 9.016753e+03
24.5 9.437630e+03 9.377863e+03 8.889660e+03 8.949427e+03
25.5 9.369249e+03 9.515532e+03 8.885018e+03 8.738735e+03
26.5 9.651797e+03 9.593287e+03 8.880785e+03 8.939296e+03
27.5 9.382812e+03 9.624902e+03 8.877435e+03 8.635345e+03
28.5 9.304463e+03 9.628523e+03 8.875063e+03 8.551002e+03
29.5 9.601473e+03 9.617714e+03 8.873551e+03 8.857309e+03
30.5 9.642962e+03 9.595843e+03 8.872711e+03 8.919830e+03
31.5 9.492735e+03 9.535606e+03 8.872487e+03 8.829616e+03
32.5 9.638515e+03 9.393381e+03 8.873503e+03 9.118637e+03
33.5 9.375864e+03 9.184377e+03 8.876411e+03 9.067898e+03
34.5 9.141409e+03 8.977541e+03 8.880870e+03 9.044739e+03
35.5 8.960230e+03 8.823498e+03 8.885878e+03 9.022611e+03
36.5 8.742521e+03 8.732217e+03 8.890503e+03 8.900808e+03
37.5 8.441822e+03 8.689867e+03 8.894231e+03 8.646186e+03
38.5 8.341472e+03 8.677994e+03 8.896942e+03 8.560419e+03
39.5 8.219628e+03 8.682562e+03 8.898741e+03 8.435807e+03
40.5 8.491829e+03 8.695217e+03 8.899815e+03 8.696427e+03
41.5 8.683734e+03 8.711516e+03 8.900349e+03 8.872567e+03
42.5 8.753112e+03 8.729007e+03 8.900502e+03 8.924607e+03
43.5 8.807358e+03 8.746091e+03 8.900397e+03 8.961664e+03
44.5 8.823029e+03 8.761604e+03 8.900133e+03 8.961558e+03
45.5 8.830219e+03 8.774758e+03 8.899787e+03 8.955248e+03
46.5 8.811836e+03 8.785161e+03 8.899416e+03 8.926091e+03
47.5 8.830075e+03 8.792798e+03 8.899061e+03 8.936338e+03
48.5 8.732201e+03 8.797937e+03 8.898746e+03 8.833010e+03
49.5 9.017892e+03 8.801007e+03 8.898482e+03 9.115367e+03
50.5 8.895464e+03 8.802281e+03 8.898273e+03 8.991457e+03
51.5 8.647522e+03 8.800016e+03 8.897989e+03 8.745496e+03
52.5 8.615611e+03 8.787779e+03 8.896848e+03 8.724681e+03
53.5 8.414531e+03 8.761804e+03 8.894074e+03 8.546801e+03
54.5 8.615879e+03 8.726906e+03 8.889908e+03 8.778880e+03
55.5 8.671994e+03 8.691178e+03 8.885277e+03 8.866093e+03
0.5 9.642962e+03 9.595843e+03 8.872711e+03 8.919830e+03
1.5 9.492735e+03 9.535606e+03 8.872487e+03 8.829616e+03
2.5 9.638515e+03 9.393381e+03 8.873503e+03 9.118637e+03
3.5 9.375864e+03 9.184377e+03 8.876411e+03 9.067898e+03
4.5 9.141409e+03 8.977541e+03 8.880870e+03 9.044739e+03
5.5 8.960230e+03 8.823498e+03 8.885878e+03 9.022611e+03
6.5 8.742521e+03 8.732217e+03 8.890503e+03 8.900808e+03
7.5 8.441822e+03 8.689867e+03 8.894231e+03 8.646186e+03
8.5 8.341472e+03 8.677994e+03 8.896942e+03 8.560419e+03
9.5 8.219628e+03 8.682562e+03 8.898741e+03 8.435807e+03
10.5 8.491829e+03 8.695217e+03 8.899815e+03 8.696427e+03
11.5 8.683734e+03 8.711516e+03 8.900349e+03 8.872567e+03
12.5 8.753112e+03 8.729007e+03 8.900502e+03 8.924607e+03
13.5 8.807358e+03 8.746091e+03 8.900397e+03 8.961664e+03
14.5 8.823029e+03 8.761604e+03 8.900133e+03 8.961558e+03
15.5 8.830219e+03 8.774758e+03 8.899787e+03 8.955248e+03
16.5 8.811836e+03 8.785161e+03 8.899416e+03 8.926091e+03
17.5 8.830075e+03 8.792798e+03 8.899061e+03 8.936338e+03
18.5 8.732201e+03 8.797937e+03 8.898746e+03 8.833010e+03
19.5 9.017892e+03 8.801007e+03 8.898482e+03 9.115367e+03
20.5 8.895464e+03 8.802281e+03 8.898273e+03 8.991457e+03
21.5 8.647522e+03 8.800016e+03 8.897989e+03 8.745496e+03
22.5 8.615611e+03 8.787779e+03 8.896848e+03 8.724681e+03
23.5 8.414531e+03 8.761804e+03 8.894074e+03 8.546801e+03
24.5 8.615879e+03 8.726906e+03 8.889908e+03 8.778880e+03
25.5 8.671994e+03 8.691178e+03 8.885277e+03 8.866093e+03
26.5 8.653720e+03 8.660454e+03 8.881055e+03 8.874321e+03
27.5 8.527065e+03 8.637082e+03 8.877718e+03 8.767701e+03
28.5 8.499162e+03 8.620910e+03 8.875359e+03 8.753611e+03
29.5 8.506408e+03 8.610587e+03 8.873861e+03 8.769682e+03
30.5 8.501279e+03 8.604821e+03 8.873035e+03 8.769493e+03
31.5 8.616235e+03 8.604516e+03 8.872826e+03 8.884545e+03
32.5 8.821254e+03 8.615469e+03 8.873858e+03 9.079643e+03
33.5 8.667146e+03 8.640960e+03 8.876782e+03 8.902969e+03
34.5 8.796692e+03 8.675774e+03 8.881257e+03 9.002176e+03
35.5 8.815848e+03 8.711488e+03 8.886281e+03 8.990640e+03
36.5 8.494642e+03 8.741960e+03 8.890921e+03 8.643602e+03
37.5 8.532188e+03 8.764699e+03 8.894664e+03 8.662154e+03
38.5 8.951273e+03 8.779802e+03 8.897389e+03 9.068860e+03
39.5 8.924207e+03 8.788547e+03 8.899203e+03 9.034862e+03
40.5 8.890523e+03 8.792447e+03 8.900291e+03 8.998367e+03
41.5 8.708526e+03 8.792837e+03 8.900840e+03 8.816529e+03
42.5 8.919362e+03 8.790785e+03 8.901007e+03 9.029585e+03
43.5 8.746343e+03 8.787124e+03 8.900917e+03 8.860136e+03
44.5 8.492780e+03 8.782508e+03 8.900669e+03 8.610942e+03
45.5 8.712613e+03 8.777436e+03 8.900340e+03 8.835517e+03
46.5 8.689952e+03 8.772275e+03 8.899986e+03 8.817663e+03
47.5 8.845740e+03 8.767267e+03 8.899648e+03 8.978121e+03
48.5 8.734379e+03 8.762549e+03 8.899351e+03 8.871180e+03
49.5 8.789116e+03 8.758191e+03 8.899106e+03 8.930031e+03
50.5 8.896750e+03 8.758678e+03 8.898916e+03 9.036989e+03
51.5 8.724603e+03 8.795254e+03 8.898652e+03 8.828000e+03
52.5 9.068689e+03 8.913543e+03 8.897532e+03 9.052678e+03
53.5 9.055654e+03 9.099543e+03 8.894779e+03 8.850891e+03
54.5 9.392978e+03 9.285174e+03 8.890637e+03 8.998440e+03
55.5 9.386281e+03 9.420411e+03 8.886032e+03 8.851902e+03
0.5 8.501279e+03 8.604821e+03 8.873035e+03 8.769493e+03
1.5 8.616235e+03 8.604516e+03 8.872826e+03 8.884545e+03
2.5 8.821254e+03 8.615469e+03 8.873858e+03 9.079643e+03
3.5 8.667146e+03 8.640960e+03 8.876782e+03 8.902969e+03
4.5 8.796692e+03 8.675774e+03 8.881257e+03 9.002176e+03
5.5 8.815848e+03 8.711488e+03 8.886281e+03 8.990640e+03
6.5 8.494642e+03 8.741960e+03 8.890921e+03 8.643602e+03
7.5 8.532188e+03 8.764699e+03 8.894664e+03 8.662154e+03
8.5 8.951273e+03 8.779802e+03 8.897389e+03 9.068860e+03
9.5 8.924207e+03 8.788547e+03 8.899203e+03 9.034862e+03
10.5 8.890523e+03 8.792447e+03 8.900291e+03 8.998367e+03
11.5 8.708526e+03 8.792837e+03 8.900840e+03 8.816529e+03
12.5 8.919362e+03 8.790785e+03 8.901007e+03 9.029585e+03
13.5 8.746343e+03 8.787124e+03 8.900917e+03 8.860136e+03
14.5 8.492780e+03 8.782508e+03 8.900669e+03 8.610942e+03
15.5 8.712613e+03 8.777436e+03 8.900340e+03 8.835517e+03
16.5 8.689952e+03 8.772275e+03 8.899986e+03 8.817663e+03
17.5 8.845740e+03 8.767267e+03 8.899648e+03 8.978121e+03
18.5 8.734379e+03 8.762549e+03 8.899351e+03 8.871180e+03
19.5 8.789116e+03 8.758191e+03 8.899106e+03 8.930031e+03
20.5 8.896750e+03 8.758678e+03 8.898916e+03 9.036989e+03
21.5 8.724603e+03 8.795254e+03 8.898652e+03 8.828000e+03
22.5 9.068689e+03 8.913543e+03 8.897532e+03 9.052678e+03
23.5 9.055654e+03 9.099543e+03 8.894779e+03 8.850891e+03
24.5 9.392978e+03 9.285174e+03 8.890637e+03 8.998440e+03
25.5 9.386281e+03 9.420411e+03 8.886032e+03 8.851902e+03
26.5 9.419810e+03 9.495577e+03 8.881840e+03 8.806073e+03
27.5 9.386106e+03 9.524467e+03 8.878534e+03 8.740173e+03
28.5 9.557233e+03 9.525250e+03 8.876209e+03 8.908193e+03
29.5 9.154147e+03 9.511510e+03 8.874748e+03 8.517385e+03
30.5 9.366132e+03 9.488764e+03 8.873961e+03 8.751328e+03
