0.5 6.714405e+03 6.678901e+03 6.693388e+03 6.728893e+03
1.5 6.677791e+03 6.679040e+03 6.693244e+03 6.691995e+03
2.5 6.659288e+03 6.681722e+03 6.691429e+03 6.668994e+03
3.5 6.675556e+03 6.688990e+03 6.686519e+03 6.673085e+03
4.5 6.698606e+03 6.700117e+03 6.678979e+03 6.677468e+03
5.5 6.701608e+03 6.712552e+03 6.670537e+03 6.659592e+03
6.5 6.716022e+03 6.723911e+03 6.662823e+03 6.654934e+03
7.5 6.740240e+03 6.732914e+03 6.656721e+03 6.664047e+03
8.5 6.729054e+03 6.739300e+03 6.652414e+03 6.642168e+03
9.5 6.779647e+03 6.743383e+03 6.649690e+03 6.685954e+03
10.5 6.725611e+03 6.745664e+03 6.648202e+03 6.628149e+03
11.5 6.735249e+03 6.746276e+03 6.647848e+03 6.636821e+03
12.5 6.717329e+03 6.743510e+03 6.649786e+03 6.623605e+03
13.5 6.711495e+03 6.735622e+03 6.655222e+03 6.631096e+03
14.5 6.679551e+03 6.723567e+03 6.663528e+03 6.619512e+03
15.5 6.682210e+03 6.710071e+03 6.672846e+03 6.644985e+03
16.5 6.664237e+03 6.697646e+03 6.681451e+03 6.648042e+03
17.5 6.656836e+03 6.687661e+03 6.688393e+03 6.657568e+03
18.5 6.673664e+03 6.680429e+03 6.693449e+03 6.686683e+03
19.5 6.630871e+03 6.675660e+03 6.696814e+03 6.652025e+03
20.5 6.665601e+03 6.672847e+03 6.698832e+03 6.691586e+03
21.5 6.704132e+03 6.671487e+03 6.699849e+03 6.732494e+03
22.5 6.654306e+03 6.671158e+03 6.700156e+03 6.683304e+03
23.5 6.627891e+03 6.671522e+03 6.699983e+03 6.656352e+03
24.5 6.654992e+03 6.672313e+03 6.699513e+03 6.682193e+03
25.5 6.619314e+03 6.673325e+03 6.698889e+03 6.644878e+03
26.5 6.636676e+03 6.674405e+03 6.698216e+03 6.660488e+03
27.5 6.659864e+03 6.675443e+03 6.697568e+03 6.681988e+03
28.5 6.646792e+03 6.676375e+03 6.696992e+03 6.667408e+03
29.5 6.686737e+03 6.677168e+03 6.696509e+03 6.706078e+03
30.5 6.676916e+03 6.677820e+03 6.696124e+03 6.695220e+03
31.5 6.667830e+03 6.678696e+03 6.695598e+03 6.684732e+03
32.5 6.695400e+03 6.681926e+03 6.693481e+03 6.706955e+03
33.5 6.728798e+03 6.689590e+03 6.688337e+03 6.727545e+03
34.5 6.667408e+03 6.700997e+03 6.680614e+03 6.647025e+03
35.5 6.718074e+03 6.713627e+03 6.672026e+03 6.676473e+03
36.5 6.690118e+03 6.725122e+03 6.664194e+03 6.629191e+03
37.5 6.703098e+03 6.734221e+03 6.657994e+03 6.626871e+03
38.5 6.750467e+03 6.740676e+03 6.653602e+03 6.663393e+03
39.5 6.767551e+03 6.744811e+03 6.650801e+03 6.673541e+03
40.5 6.727052e+03 6.747134e+03 6.649243e+03 6.629161e+03
41.5 6.781768e+03 6.747782e+03 6.648823e+03 6.682809e+03
42.5 6.743820e+03 6.745048e+03 6.650697e+03 6.649469e+03
43.5 6.731943e+03 6.737191e+03 6.656072e+03 6.650824e+03
44.5 6.786359e+03 6.725167e+03 6.664318e+03 6.725510e+03
45.5 6.774594e+03 6.711703e+03 6.673578e+03 6.736470e+03
0.5 6.676916e+03 6.677820e+03 6.696124e+03 6.695220e+03
1.5 6.667830e+03 6.678696e+03 6.695598e+03 6.684732e+03
2.5 6.695400e+03 6.681926e+03 6.693481e+03 6.706955e+03
3.5 6.728798e+03 6.689590e+03 6.688337e+03 6.727545e+03
4.5 6.667408e+03 6.700997e+03 6.680614e+03 6.647025e+03
5.5 6.718074e+03 6.713627e+03 6.672026e+03 6.676473e+03
6.5 6.690118e+03 6.725122e+03 6.664194e+03 6.629191e+03
7.5 6.703098e+03 6.734221e+03 6.657994e+03 6.626871e+03
8.5 6.750467e+03 6.740676e+03 6.653602e+03 6.663393e+03
9.5 6.767551e+03 6.744811e+03 6.650801e+03 6.673541e+03
10.5 6.727052e+03 6.747134e+03 6.649243e+03 6.629161e+03
11.5 6.781768e+03 6.747782e+03 6.648823e+03 6.682809e+03
12.5 6.743820e+03 6.745048e+03 6.650697e+03 6.649469e+03
13.5 6.731943e+03 6.737191e+03 6.656072e+03 6.650824e+03
14.5 6.786359e+03 6.725167e+03 6.664318e+03 6.725510e+03
15.5 6.774594e+03 6.711703e+03 6.673578e+03 6.736470e+03
16.5 6.722211e+03 6.699309e+03 6.682126e+03 6.705027e+03
17.5 6.751479e+03 6.689356e+03 6.689012e+03 6.751135e+03
18.5 6.728488e+03 6.682157e+03 6.694012e+03 6.740344e+03
19.5 6.746159e+03 6.677420e+03 6.697323e+03 6.766061e+03
20.5 6.729420e+03 6.674641e+03 6.699288e+03 6.754066e+03
21.5 6.686458e+03 6.673317e+03 6.700252e+03 6.713393e+03
22.5 6.643432e+03 6.673023e+03 6.700507e+03 6.670916e+03
23.5 6.683676e+03 6.673422e+03 6.700283e+03 6.710537e+03
24.5 6.659396e+03 6.674249e+03 6.699764e+03 6.684911e+03
25.5 6.696508e+03 6.675298e+03 6.699090e+03 6.720300e+03
26.5 6.711112e+03 6.676414e+03 6.698369e+03 6.733068e+03
27.5 6.712361e+03 6.677490e+03 6.697675e+03 6.732546e+03
28.5 6.663523e+03 6.678459e+03 6.697052e+03 6.682116e+03
29.5 6.688772e+03 6.679289e+03 6.696524e+03 6.706007e+03
30.5 6.654166e+03 6.679921e+03 6.696096e+03 6.670340e+03
31.5 6.681729e+03 6.679813e+03 6.695760e+03 6.697676e+03
32.5 6.666838e+03 6.677288e+03 6.695505e+03 6.685054e+03
33.5 6.661846e+03 6.671366e+03 6.695314e+03 6.685794e+03
34.5 6.650714e+03 6.663230e+03 6.695173e+03 6.682657e+03
35.5 6.657209e+03 6.654886e+03 6.695068e+03 6.697392e+03
36.5 6.675602e+03 6.647792e+03 6.694989e+03 6.722799e+03
37.5 6.662039e+03 6.642522e+03 6.694928e+03 6.714445e+03
38.5 6.640542e+03 6.639026e+03 6.694879e+03 6.696395e+03
39.5 6.639226e+03 6.636979e+03 6.694837e+03 6.697084e+03
40.5 6.655405e+03 6.636064e+03 6.694800e+03 6.714140e+03
41.5 6.634961e+03 6.636515e+03 6.694765e+03 6.693211e+03
42.5 6.658903e+03 6.639782e+03 6.694732e+03 6.713853e+03
43.5 6.602611e+03 6.646676e+03 6.694699e+03 6.650634e+03
44.5 6.656123e+03 6.655889e+03 6.694666e+03 6.694900e+03
45.5 6.641181e+03 6.665322e+03 6.694633e+03 6.670492e+03
0.5 6.696344e+03 6.685689e+03 6.694069e+03 6.704723e+03
1.5 6.680479e+03 6.685910e+03 6.693792e+03 6.688361e+03
2.5 6.715119e+03 6.688679e+03 6.691845e+03 6.718286e+03
3.5 6.696817e+03 6.696036e+03 6.686807e+03 6.687588e+03
4.5 6.754194e+03 6.707256e+03 6.679140e+03 6.726078e+03
5.5 6.743515e+03 6.719786e+03 6.670572e+03 6.694301e+03
6.5 6.744368e+03 6.731222e+03 6.662735e+03 6.675882e+03
7.5 6.744920e+03 6.740293e+03 6.656510e+03 6.661136e+03
8.5 6.737078e+03 6.746770e+03 6.652081e+03 6.642389e+03
9.5 6.737014e+03 6.750946e+03 6.649237e+03 6.635305e+03
10.5 6.775171e+03 6.753323e+03 6.647631e+03 6.669479e+03
11.5 6.750417e+03 6.754032e+03 6.647160e+03 6.643544e+03
12.5 6.760814e+03 6.751368e+03 6.648982e+03 6.658428e+03
13.5 6.754879e+03 6.743589e+03 6.654304e+03 6.665595e+03
14.5 6.707425e+03 6.731653e+03 6.662498e+03 6.638270e+03
15.5 6.691358e+03 6.718286e+03 6.671705e+03 6.644776e+03
16.5 6.659005e+03 6.706000e+03 6.680199e+03 6.633205e+03
17.5 6.691120e+03 6.696159e+03 6.687032e+03 6.681992e+03
18.5 6.690541e+03 6.689077e+03 6.691980e+03 6.693444e+03
19.5 6.708815e+03 6.684460e+03 6.695238e+03 6.719593e+03
20.5 6.691999e+03 6.681803e+03 6.697151e+03 6.707348e+03
21.5 6.654767e+03 6.680602e+03 6.698064e+03 6.672228e+03
22.5 6.695308e+03 6.680435e+03 6.698266e+03 6.713139e+03
23.5 6.652194e+03 6.680963e+03 6.697990e+03 6.669222e+03
24.5 6.624077e+03 6.681921e+03 6.697418e+03 6.639574e+03
25.5 6.698846e+03 6.683104e+03 6.696693e+03 6.712434e+03
26.5 6.667458e+03 6.684358e+03 6.695918e+03 6.679018e+03
27.5 6.686424e+03 6.685576e+03 6.695170e+03 6.696019e+03
28.5 6.672584e+03 6.686690e+03 6.694494e+03 6.680388e+03
29.5 6.680927e+03 6.687670e+03 6.693911e+03 6.687168e+03
30.5 6.681684e+03 6.688456e+03 6.693428e+03 6.686656e+03
31.5 6.663199e+03 6.688508e+03 6.693036e+03 6.667727e+03
32.5 6.702637e+03 6.686148e+03 6.692724e+03 6.709213e+03
33.5 6.693840e+03 6.680398e+03 6.692475e+03 6.705917e+03
34.5 6.688349e+03 6.672443e+03 6.692275e+03 6.708182e+03
35.5 6.652958e+03 6.664290e+03 6.692110e+03 6.680777e+03
36.5 6.597384e+03 6.657400e+03 6.691970e+03 6.631955e+03
37.5 6.640340e+03 6.652344e+03 6.691846e+03 6.679842e+03
38.5 6.644037e+03 6.649073e+03 6.691732e+03 6.686697e+03
39.5 6.625004e+03 6.647266e+03 6.691625e+03 6.669363e+03
40.5 6.656067e+03 6.647716e+03 6.691520e+03 6.699871e+03
