0.5 8.576345e+03 8.524036e+03 8.566822e+03 8.619130e+03
1.5 8.573782e+03 8.527821e+03 8.566375e+03 8.612336e+03
2.5 8.576605e+03 8.538325e+03 8.562994e+03 8.601273e+03
3.5 8.583798e+03 8.554708e+03 8.554178e+03 8.583268e+03
4.5 8.634858e+03 8.571436e+03 8.540740e+03 8.604163e+03
5.5 8.636939e+03 8.584215e+03 8.525718e+03 8.578441e+03
6.5 8.608480e+03 8.592017e+03 8.511977e+03 8.528440e+03
7.5 8.608964e+03 8.595823e+03 8.501069e+03 8.514211e+03
8.5 8.555275e+03 8.597074e+03 8.493320e+03 8.451521e+03
9.5 8.569478e+03 8.596903e+03 8.488354e+03 8.460929e+03
10.5 8.575863e+03 8.595636e+03 8.485565e+03 8.465791e+03
11.5 8.556352e+03 8.591073e+03 8.484772e+03 8.450051e+03
12.5 8.574180e+03 8.579506e+03 8.488018e+03 8.482692e+03
13.5 8.551750e+03 8.561990e+03 8.497416e+03 8.487175e+03
14.5 8.536345e+03 8.544189e+03 8.511859e+03 8.504015e+03
15.5 8.583439e+03 8.530491e+03 8.528085e+03 8.581033e+03
16.5 8.536396e+03 8.521977e+03 8.543061e+03 8.557480e+03
17.5 8.523255e+03 8.517681e+03 8.555119e+03 8.560694e+03
18.5 8.517865e+03 8.516146e+03 8.563869e+03 8.565588e+03
19.5 8.518125e+03 8.516205e+03 8.569651e+03 8.571571e+03
20.5 8.496083e+03 8.517130e+03 8.573072e+03 8.552026e+03
21.5 8.506829e+03 8.518504e+03 8.574738e+03 8.563062e+03
22.5 8.512545e+03 8.520085e+03 8.575159e+03 8.567619e+03
23.5 8.505298e+03 8.521707e+03 8.574743e+03 8.558334e+03
24.5 8.529243e+03 8.523245e+03 8.573811e+03 8.579809e+03
25.5 8.541746e+03 8.524615e+03 8.572610e+03 8.589741e+03
26.5 8.511672e+03 8.525768e+03 8.571329e+03 8.557233e+03
27.5 8.493281e+03 8.526691e+03 8.570097e+03 8.536687e+03
28.5 8.476883e+03 8.527398e+03 8.568995e+03 8.518480e+03
29.5 8.492458e+03 8.527922e+03 8.568062e+03 8.532597e+03
30.5 8.531880e+03 8.528509e+03 8.567306e+03 8.570677e+03
31.5 8.540089e+03 8.531005e+03 8.566717e+03 8.575801e+03
32.5 8.530890e+03 8.539833e+03 8.566271e+03 8.557328e+03
33.5 8.592517e+03 8.556654e+03 8.565942e+03 8.601805e+03
34.5 8.617542e+03 8.577626e+03 8.565704e+03 8.605620e+03
35.5 8.621716e+03 8.597705e+03 8.565532e+03 8.589543e+03
36.5 8.613944e+03 8.613851e+03 8.565409e+03 8.565502e+03
37.5 8.643130e+03 8.625290e+03 8.565321e+03 8.583160e+03
38.5 8.645903e+03 8.632565e+03 8.565256e+03 8.578593e+03
39.5 8.690755e+03 8.636642e+03 8.565207e+03 8.619320e+03
40.5 8.655165e+03 8.638229e+03 8.565169e+03 8.582104e+03
41.5 8.661692e+03 8.636238e+03 8.565138e+03 8.590592e+03
42.5 8.621100e+03 8.626816e+03 8.565113e+03 8.559397e+03
43.5 8.595559e+03 8.608733e+03 8.565092e+03 8.551918e+03
44.5 8.565136e+03 8.586159e+03 8.565073e+03 8.544051e+03
45.5 8.538367e+03 8.564386e+03 8.565058e+03 8.539039e+03
0.5 8.532536e+03 8.529880e+03 8.566289e+03 8.568946e+03
1.5 8.545332e+03 8.533779e+03 8.565943e+03 8.577495e+03
2.5 8.531315e+03 8.544371e+03 8.562667e+03 8.549611e+03
3.5 8.565101e+03 8.560796e+03 8.553961e+03 8.558266e+03
4.5 8.556177e+03 8.577515e+03 8.540639e+03 8.519301e+03
5.5 8.581817e+03 8.590241e+03 8.525736e+03 8.517312e+03
6.5 8.591480e+03 8.597954e+03 8.512120e+03 8.505647e+03
7.5 8.581949e+03 8.601644e+03 8.501341e+03 8.481647e+03
8.5 8.616391e+03 8.602761e+03 8.493723e+03 8.507353e+03
9.5 8.596256e+03 8.602445e+03 8.488890e+03 8.482701e+03
10.5 8.614550e+03 8.601029e+03 8.486237e+03 8.499758e+03
11.5 8.612083e+03 8.596325e+03 8.485580e+03 8.501339e+03
12.5 8.612155e+03 8.584623e+03 8.488956e+03 8.516488e+03
13.5 8.588442e+03 8.566962e+03 8.498486e+03 8.519965e+03
14.5 8.564879e+03 8.549020e+03 8.513062e+03 8.528921e+03
15.5 8.525046e+03 8.535184e+03 8.529423e+03 8.519285e+03
16.5 8.513033e+03 8.526537e+03 8.544535e+03 8.531032e+03
17.5 8.536112e+03 8.522111e+03 8.556732e+03 8.570733e+03
18.5 8.555225e+03 8.520451e+03 8.565621e+03 8.600395e+03
19.5 8.548261e+03 8.520389e+03 8.571544e+03 8.599416e+03
20.5 8.571900e+03 8.521197e+03 8.575108e+03 8.625812e+03
21.5 8.579391e+03 8.522458e+03 8.576917e+03 8.633851e+03
22.5 8.541210e+03 8.523930e+03 8.577483e+03 8.594763e+03
23.5 8.509418e+03 8.525445e+03 8.577213e+03 8.561187e+03
24.5 8.444955e+03 8.526881e+03 8.576428e+03 8.494503e+03
25.5 8.431524e+03 8.528151e+03 8.575376e+03 8.478749e+03
26.5 8.489596e+03 8.529207e+03 8.574243e+03 8.534633e+03
27.5 8.506544e+03 8.530036e+03 8.573162e+03 8.549670e+03
28.5 8.545066e+03 8.530651e+03 8.572211e+03 8.586625e+03
29.5 8.582027e+03 8.531087e+03 8.571430e+03 8.622370e+03
30.5 8.558506e+03 8.531587e+03 8.570828e+03 8.597747e+03
31.5 8.533151e+03 8.533998e+03 8.570393e+03 8.569547e+03
32.5 8.552639e+03 8.542743e+03 8.570103e+03 8.579999e+03
33.5 8.571754e+03 8.559483e+03 8.569931e+03 8.582202e+03
34.5 8.606940e+03 8.580376e+03 8.569850e+03 8.596414e+03
35.5 8.612619e+03 8.600377e+03 8.569837e+03 8.582079e+03
36.5 8.607606e+03 8.616428e+03 8.569875e+03 8.561053e+03
37.5 8.626989e+03 8.627760e+03 8.569947e+03 8.569176e+03
38.5 8.611563e+03 8.634946e+03 8.570045e+03 8.546663e+03
39.5 8.591927e+03 8.638933e+03 8.570160e+03 8.523155e+03
40.5 8.626766e+03 8.640430e+03 8.570288e+03 8.556624e+03
41.5 8.614859e+03 8.638349e+03 8.570425e+03 8.546935e+03
42.5 8.602294e+03 8.628838e+03 8.570569e+03 8.544025e+03
43.5 8.626804e+03 8.610669e+03 8.570718e+03 8.586853e+03
44.5 8.581143e+03 8.588018e+03 8.570873e+03 8.563998e+03
45.5 8.534824e+03 8.566176e+03 8.571031e+03 8.539680e+03
0.5 8.517273e+03 8.529875e+03 8.573979e+03 8.561376e+03
1.5 8.515055e+03 8.533723e+03 8.573808e+03 8.555140e+03
2.5 8.547588e+03 8.544261e+03 8.570712e+03 8.574039e+03
3.5 8.588607e+03 8.560625e+03 8.562193e+03 8.590175e+03
4.5 8.579552e+03 8.577275e+03 8.549068e+03 8.551345e+03
5.5 8.608065e+03 8.589920e+03 8.534375e+03 8.552521e+03
6.5 8.587451e+03 8.597543e+03 8.520984e+03 8.510892e+03
7.5 8.606617e+03 8.601136e+03 8.510444e+03 8.515925e+03
8.5 8.596705e+03 8.602151e+03 8.503079e+03 8.497632e+03
9.5 8.598323e+03 8.601733e+03 8.498513e+03 8.495103e+03
10.5 8.581306e+03 8.601205e+03 8.496138e+03 8.476239e+03
