0.5 8.739800e+03 8.773990e+03 8.775235e+03 8.741045e+03
1.5 8.759942e+03 8.767760e+03 8.774958e+03 8.767140e+03
2.5 8.717133e+03 8.746685e+03 8.769812e+03 8.740260e+03
3.5 8.687736e+03 8.713309e+03 8.755655e+03 8.730082e+03
4.5 8.698843e+03 8.680013e+03 8.733830e+03 8.752659e+03
5.5 8.670015e+03 8.655884e+03 8.709364e+03 8.723495e+03
6.5 8.656848e+03 8.642666e+03 8.687003e+03 8.701185e+03
7.5 8.664242e+03 8.637837e+03 8.669320e+03 8.695725e+03
8.5 8.629893e+03 8.638086e+03 8.656852e+03 8.648659e+03
9.5 8.615533e+03 8.640936e+03 8.648982e+03 8.623579e+03
10.5 8.644581e+03 8.644956e+03 8.644704e+03 8.644329e+03
11.5 8.620064e+03 8.649420e+03 8.643042e+03 8.613686e+03
12.5 8.622761e+03 8.653950e+03 8.643192e+03 8.612003e+03
13.5 8.635935e+03 8.658308e+03 8.644528e+03 8.622154e+03
14.5 8.638955e+03 8.662319e+03 8.646565e+03 8.623201e+03
15.5 8.636262e+03 8.665863e+03 8.648930e+03 8.619329e+03
16.5 8.690745e+03 8.668883e+03 8.651346e+03 8.673208e+03
17.5 8.722502e+03 8.671385e+03 8.653622e+03 8.704739e+03
18.5 8.739250e+03 8.673421e+03 8.655643e+03 8.721472e+03
19.5 8.732847e+03 8.675078e+03 8.657355e+03 8.715124e+03
20.5 8.725414e+03 8.677903e+03 8.658757e+03 8.706267e+03
21.5 8.727622e+03 8.691587e+03 8.660550e+03 8.696586e+03
22.5 8.790923e+03 8.727485e+03 8.666952e+03 8.730389e+03
23.5 8.822436e+03 8.777567e+03 8.682148e+03 8.727017e+03
24.5 8.868148e+03 8.820891e+03 8.704838e+03 8.752095e+03
25.5 8.899502e+03 8.845539e+03 8.730034e+03 8.783997e+03
26.5 8.871913e+03 8.852459e+03 8.753023e+03 8.772476e+03
27.5 8.865816e+03 8.848362e+03 8.771259e+03 8.788713e+03
28.5 8.822766e+03 8.839626e+03 8.784225e+03 8.767365e+03
29.5 8.833002e+03 8.830138e+03 8.792553e+03 8.795417e+03
30.5 8.753121e+03 8.820135e+03 8.797256e+03 8.730241e+03
31.5 8.749259e+03 8.800440e+03 8.798640e+03 8.747459e+03
32.5 8.765274e+03 8.759768e+03 8.793327e+03 8.798833e+03
33.5 8.709328e+03 8.706147e+03 8.777824e+03 8.781005e+03
34.5 8.692732e+03 8.660410e+03 8.753961e+03 8.786282e+03
35.5 8.686747e+03 8.634393e+03 8.727141e+03 8.779495e+03
36.5 8.598714e+03 8.627017e+03 8.702385e+03 8.674082e+03
37.5 8.585701e+03 8.631409e+03 8.682455e+03 8.636747e+03
38.5 8.596999e+03 8.640999e+03 8.668000e+03 8.624000e+03
39.5 8.592281e+03 8.651707e+03 8.658453e+03 8.599027e+03
40.5 8.572009e+03 8.661676e+03 8.652812e+03 8.563145e+03
41.5 8.607018e+03 8.670322e+03 8.650075e+03 8.586771e+03
42.5 8.600909e+03 8.677574e+03 8.649395e+03 8.572730e+03
43.5 8.594882e+03 8.683494e+03 8.650099e+03 8.561487e+03
44.5 8.593843e+03 8.688158e+03 8.651657e+03 8.557342e+03
45.5 8.633107e+03 8.691664e+03 8.653656e+03 8.595099e+03
46.5 8.594661e+03 8.694152e+03 8.655788e+03 8.556297e+03
47.5 8.644547e+03 8.695802e+03 8.657837e+03 8.606582e+03
48.5 8.629384e+03 8.696816e+03 8.659670e+03 8.592237e+03
49.5 8.679913e+03 8.697392e+03 8.661221e+03 8.643743e+03
50.5 8.724646e+03 8.697863e+03 8.662481e+03 8.689264e+03
51.5 8.745830e+03 8.699075e+03 8.664144e+03 8.710900e+03
52.5 8.752295e+03 8.700060e+03 8.670424e+03 8.722660e+03
53.5 8.757350e+03 8.697624e+03 8.685501e+03 8.745227e+03
54.5 8.716360e+03 8.690157e+03 8.708074e+03 8.734277e+03
55.5 8.680955e+03 8.679130e+03 8.733153e+03 8.734978e+03
0.5 8.753121e+03 8.820135e+03 8.797256e+03 8.730241e+03
1.5 8.749259e+03 8.800440e+03 8.798640e+03 8.747459e+03
2.5 8.765274e+03 8.759768e+03 8.793327e+03 8.798833e+03
3.5 8.709328e+03 8.706147e+03 8.777824e+03 8.781005e+03
4.5 8.692732e+03 8.660410e+03 8.753961e+03 8.786282e+03
5.5 8.686747e+03 8.634393e+03 8.727141e+03 8.779495e+03
6.5 8.598714e+03 8.627017e+03 8.702385e+03 8.674082e+03
7.5 8.585701e+03 8.631409e+03 8.682455e+03 8.636747e+03
8.5 8.596999e+03 8.640999e+03 8.668000e+03 8.624000e+03
9.5 8.592281e+03 8.651707e+03 8.658453e+03 8.599027e+03
10.5 8.572009e+03 8.661676e+03 8.652812e+03 8.563145e+03
11.5 8.607018e+03 8.670322e+03 8.650075e+03 8.586771e+03
12.5 8.600909e+03 8.677574e+03 8.649395e+03 8.572730e+03
13.5 8.594882e+03 8.683494e+03 8.650099e+03 8.561487e+03
14.5 8.593843e+03 8.688158e+03 8.651657e+03 8.557342e+03
15.5 8.633107e+03 8.691664e+03 8.653656e+03 8.595099e+03
16.5 8.594661e+03 8.694152e+03 8.655788e+03 8.556297e+03
17.5 8.644547e+03 8.695802e+03 8.657837e+03 8.606582e+03
18.5 8.629384e+03 8.696816e+03 8.659670e+03 8.592237e+03
19.5 8.679913e+03 8.697392e+03 8.661221e+03 8.643743e+03
20.5 8.724646e+03 8.697863e+03 8.662481e+03 8.689264e+03
21.5 8.745830e+03 8.699075e+03 8.664144e+03 8.710900e+03
22.5 8.752295e+03 8.700060e+03 8.670424e+03 8.722660e+03
23.5 8.757350e+03 8.697624e+03 8.685501e+03 8.745227e+03
24.5 8.716360e+03 8.690157e+03 8.708074e+03 8.734277e+03
25.5 8.680955e+03 8.679130e+03 8.733153e+03 8.734978e+03
26.5 8.682345e+03 8.667313e+03 8.756025e+03 8.771058e+03
27.5 8.654439e+03 8.656905e+03 8.774147e+03 8.771682e+03
28.5 8.676969e+03 8.648926e+03 8.787001e+03 8.815044e+03
29.5 8.713660e+03 8.643463e+03 8.795218e+03 8.865415e+03
30.5 8.698298e+03 8.639974e+03 8.799815e+03 8.858139e+03
31.5 8.690777e+03 8.637239e+03 8.801096e+03 8.854633e+03
32.5 8.687903e+03 8.635859e+03 8.795695e+03 8.847739e+03
33.5 8.679093e+03 8.638712e+03 8.780106e+03 8.820487e+03
34.5 8.679603e+03 8.647151e+03 8.756159e+03 8.788611e+03
35.5 8.634563e+03 8.659490e+03 8.729258e+03 8.704332e+03
36.5 8.608114e+03 8.672784e+03 8.704424e+03 8.639754e+03
37.5 8.617994e+03 8.684702e+03 8.684417e+03 8.617709e+03
38.5 8.594329e+03 8.694127e+03 8.669888e+03 8.570090e+03
39.5 8.596020e+03 8.700911e+03 8.660269e+03 8.555378e+03
40.5 8.662604e+03 8.705406e+03 8.654558e+03 8.611756e+03
41.5 8.707442e+03 8.708108e+03 8.651753e+03 8.651087e+03
42.5 8.735716e+03 8.709484e+03 8.651007e+03 8.677239e+03
43.5 8.762657e+03 8.709921e+03 8.651647e+03 8.704382e+03
44.5 8.779381e+03 8.709725e+03 8.653142e+03 8.722797e+03
45.5 8.801936e+03 8.709139e+03 8.655080e+03 8.747877e+03
46.5 8.726303e+03 8.708353e+03 8.657153e+03 8.675104e+03
47.5 8.788796e+03 8.707508e+03 8.659145e+03 8.740433e+03
48.5 8.860251e+03 8.706702e+03 8.660922e+03 8.814470e+03
49.5 8.787689e+03 8.705996e+03 8.662419e+03 8.744113e+03
50.5 8.805145e+03 8.705581e+03 8.663626e+03 8.763190e+03
51.5 8.749787e+03 8.706178e+03 8.665238e+03 8.708847e+03
52.5 8.738620e+03 8.706719e+03 8.671467e+03 8.703369e+03
53.5 8.732196e+03 8.703938e+03 8.686496e+03 8.714753e+03
54.5 8.702419e+03 8.696177e+03 8.709021e+03 8.715263e+03
55.5 8.673294e+03 8.684877e+03 8.734054e+03 8.722471e+03
0.5 8.698298e+03 8.639974e+03 8.799815e+03 8.858139e+03
1.5 8.690777e+03 8.637239e+03 8.801096e+03 8.854633e+03
2.5 8.687903e+03 8.635859e+03 8.795695e+03 8.847739e+03
3.5 8.679093e+03 8.638712e+03 8.780106e+03 8.820487e+03
4.5 8.679603e+03 8.647151e+03 8.756159e+03 8.788611e+03
5.5 8.634563e+03 8.659490e+03 8.729258e+03 8.704332e+03
6.5 8.608114e+03 8.672784e+03 8.704424e+03 8.639754e+03
7.5 8.617994e+03 8.684702e+03 8.684417e+03 8.617709e+03
8.5 8.594329e+03 8.694127e+03 8.669888e+03 8.570090e+03
9.5 8.596020e+03 8.700911e+03 8.660269e+03 8.555378e+03
10.5 8.662604e+03 8.705406e+03 8.654558e+03 8.611756e+03
11.5 8.707442e+03 8.708108e+03 8.651753e+03 8.651087e+03
12.5 8.735716e+03 8.709484e+03 8.651007e+03 8.677239e+03
13.5 8.762657e+03 8.709921e+03 8.651647e+03 8.704382e+03
14.5 8.779381e+03 8.709725e+03 8.653142e+03 8.722797e+03
15.5 8.801936e+03 8.709139e+03 8.655080e+03 8.747877e+03
16.5 8.726303e+03 8.708353e+03 8.657153e+03 8.675104e+03
17.5 8.788796e+03 8.707508e+03 8.659145e+03 8.740433e+03
18.5 8.860251e+03 8.706702e+03 8.660922e+03 8.814470e+03
19.5 8.787689e+03 8.705996e+03 8.662419e+03 8.744113e+03
20.5 8.805145e+03 8.705581e+03 8.663626e+03 8.763190e+03
21.5 8.749787e+03 8.706178e+03 8.665238e+03 8.708847e+03
22.5 8.738620e+03 8.706719e+03 8.671467e+03 8.703369e+03
23.5 8.732196e+03 8.703938e+03 8.686496e+03 8.714753e+03
24.5 8.702419e+03 8.696177e+03 8.709021e+03 8.715263e+03
25.5 8.673294e+03 8.684877e+03 8.734054e+03 8.722471e+03
26.5 8.646770e+03 8.672793e+03 8.756881e+03 8.730859e+03
27.5 8.605674e+03 8.662117e+03 8.774959e+03 8.718516e+03
28.5 8.615225e+03 8.653869e+03 8.787770e+03 8.749126e+03
29.5 8.631100e+03 8.648134e+03 8.795945e+03 8.778912e+03
30.5 8.661179e+03 8.644370e+03 8.800501e+03 8.817310e+03
31.5 8.679912e+03 8.641360e+03 8.801741e+03 8.840293e+03
32.5 8.707481e+03 8.639706e+03 8.796301e+03 8.864077e+03
33.5 8.676202e+03 8.642287e+03 8.780674e+03 8.814588e+03
34.5 8.639501e+03 8.650457e+03 8.756690e+03 8.745733e+03
35.5 8.653578e+03 8.662531e+03 8.729752e+03 8.720799e+03
36.5 8.650810e+03 8.675565e+03 8.704881e+03 8.680126e+03
37.5 8.668700e+03 8.687225e+03 8.684838e+03 8.666314e+03
38.5 8.682685e+03 8.696395e+03 8.670274e+03 8.656565e+03
39.5 8.700999e+03 8.702929e+03 8.660621e+03 8.658691e+03
40.5 8.717999e+03 8.707177e+03 8.654876e+03 8.665698e+03
41.5 8.733351e+03 8.709638e+03 8.652037e+03 8.675750e+03
42.5 8.751956e+03 8.710777e+03 8.651258e+03 8.692437e+03
43.5 8.723123e+03 8.710981e+03 8.651865e+03 8.664007e+03
44.5 8.718776e+03 8.710556e+03 8.653327e+03 8.661548e+03
45.5 8.706189e+03 8.709744e+03 8.655234e+03 8.651678e+03
46.5 8.704831e+03 8.708737e+03 8.657274e+03 8.653368e+03
47.5 8.729755e+03 8.707675e+03 8.659234e+03 8.681314e+03
48.5 8.743260e+03 8.706656e+03 8.660980e+03 8.697583e+03
49.5 8.720706e+03 8.705746e+03 8.662446e+03 8.677407e+03
50.5 8.766990e+03 8.706431e+03 8.663621e+03 8.724180e+03
51.5 8.732027e+03 8.718321e+03 8.665202e+03 8.678907e+03
52.5 8.773968e+03 8.752690e+03 8.671399e+03 8.692678e+03
53.5 8.798382e+03 8.801436e+03 8.686396e+03 8.683342e+03
54.5 8.798703e+03 8.843565e+03 8.708890e+03 8.664029e+03
55.5 8.846399e+03 8.867116e+03 8.733891e+03 8.713174e+03
0.5 8.661179e+03 8.644370e+03 8.800501e+03 8.817310e+03
1.5 8.679912e+03 8.641360e+03 8.801741e+03 8.840293e+03
2.5 8.707481e+03 8.639706e+03 8.796301e+03 8.864077e+03
3.5 8.676202e+03 8.642287e+03 8.780674e+03 8.814588e+03
4.5 8.639501e+03 8.650457e+03 8.756690e+03 8.745733e+03
5.5 8.653578e+03 8.662531e+03 8.729752e+03 8.720799e+03
6.5 8.650810e+03 8.675565e+03 8.704881e+03 8.680126e+03
7.5 8.668700e+03 8.687225e+03 8.684838e+03 8.666314e+03
8.5 8.682685e+03 8.696395e+03 8.670274e+03 8.656565e+03
9.5 8.700999e+03 8.702929e+03 8.660621e+03 8.658691e+03
10.5 8.717999e+03 8.707177e+03 8.654876e+03 8.665698e+03
11.5 8.733351e+03 8.709638e+03 8.652037e+03 8.675750e+03
12.5 8.751956e+03 8.710777e+03 8.651258e+03 8.692437e+03
13.5 8.723123e+03 8.710981e+03 8.651865e+03 8.664007e+03
14.5 8.718776e+03 8.710556e+03 8.653327e+03 8.661548e+03
15.5 8.706189e+03 8.709744e+03 8.655234e+03 8.651678e+03
16.5 8.704831e+03 8.708737e+03 8.657274e+03 8.653368e+03
17.5 8.729755e+03 8.707675e+03 8.659234e+03 8.681314e+03
18.5 8.743260e+03 8.706656e+03 8.660980e+03 8.697583e+03
19.5 8.720706e+03 8.705746e+03 8.662446e+03 8.677407e+03
20.5 8.766990e+03 8.706431e+03 8.663621e+03 8.724180e+03
21.5 8.732027e+03 8.718321e+03 8.665202e+03 8.678907e+03
22.5 8.773968e+03 8.752690e+03 8.671399e+03 8.692678e+03
23.5 8.798382e+03 8.801436e+03 8.686396e+03 8.683342e+03
24.5 8.798703e+03 8.843565e+03 8.708890e+03 8.664029e+03
25.5 8.846399e+03 8.867116e+03 8.733891e+03 8.713174e+03
26.5 8.831385e+03 8.873012e+03 8.756687e+03 8.715059e+03
27.5 8.790265e+03 8.867943e+03 8.774733e+03 8.697055e+03
28.5 8.881358e+03 8.858272e+03 8.787511e+03 8.810596e+03
29.5 8.869599e+03 8.847878e+03 8.795654e+03 8.817375e+03
30.5 8.883695e+03 8.836991e+03 8.800176e+03 8.846880e+03
31.5 8.905858e+03 8.816461e+03 8.801383e+03 8.890781e+03
32.5 8.846347e+03 8.774985e+03 8.795910e+03 8.867272e+03
33.5 8.786682e+03 8.720535e+03 8.780248e+03 8.846394e+03
34.5 8.742369e+03 8.673981e+03 8.756229e+03 8.824617e+03
35.5 8.662174e+03 8.647156e+03 8.729256e+03 8.744273e+03
36.5 8.608421e+03 8.638984e+03 8.704349e+03 8.673786e+03
37.5 8.598633e+03 8.642589e+03 8.684270e+03 8.640314e+03
38.5 8.579680e+03 8.651401e+03 8.669668e+03 8.597948e+03
39.5 8.618613e+03 8.661340e+03 8.659977e+03 8.617250e+03
40.5 8.716419e+03 8.670549e+03 8.654193e+03 8.700063e+03
41.5 8.725569e+03 8.678444e+03 8.651314e+03 8.698440e+03
42.5 8.747752e+03 8.684955e+03 8.650495e+03 8.713292e+03
43.5 8.763124e+03 8.690143e+03 8.651060e+03 8.724042e+03
44.5 8.706456e+03 8.694083e+03 8.652480e+03 8.664853e+03
45.5 8.676938e+03 8.696875e+03 8.654343e+03 8.634406e+03
46.5 8.677382e+03 8.698657e+03 8.656339e+03 8.635064e+03
47.5 8.681148e+03 8.699609e+03 8.658253e+03 8.639792e+03
48.5 8.660124e+03 8.699934e+03 8.659952e+03 8.620142e+03
49.5 8.729001e+03 8.699828e+03 8.661370e+03 8.690542e+03
50.5 8.733378e+03 8.699626e+03 8.662495e+03 8.696247e+03
51.5 8.694800e+03 8.700172e+03 8.664025e+03 8.658653e+03
52.5 8.671145e+03 8.700498e+03 8.670171e+03 8.640818e+03
53.5 8.664137e+03 8.697412e+03 8.685114e+03 8.651839e+03
54.5 8.627458e+03 8.689301e+03 8.707553e+03 8.645710e+03
55.5 8.650605e+03 8.677636e+03 8.732497e+03 8.705466e+03
0.5 8.883695e+03 8.836991e+03 8.800176e+03 8.846880e+03
1.5 8.905858e+03 8.816461e+03 8.801383e+03 8.890781e+03
2.5 8.846347e+03 8.774985e+03 8.795910e+03 8.867272e+03
3.5 8.786682e+03 8.720535e+03 8.780248e+03 8.846394e+03
4.5 8.742369e+03 8.673981e+03 8.756229e+03 8.824617e+03
5.5 8.662174e+03 8.647156e+03 8.729256e+03 8.744273e+03
6.5 8.608421e+03 8.638984e+03 8.704349e+03 8.673786e+03
7.5 8.598633e+03 8.642589e+03 8.684270e+03 8.640314e+03
8.5 8.579680e+03 8.651401e+03 8.669668e+03 8.597948e+03
9.5 8.618613e+03 8.661340e+03 8.659977e+03 8.617250e+03
10.5 8.716419e+03 8.670549e+03 8.654193e+03 8.700063e+03
11.5 8.725569e+03 8.678444e+03 8.651314e+03 8.698440e+03
12.5 8.747752e+03 8.684955e+03 8.650495e+03 8.713292e+03
13.5 8.763124e+03 8.690143e+03 8.651060e+03 8.724042e+03
14.5 8.706456e+03 8.694083e+03 8.652480e+03 8.664853e+03
15.5 8.676938e+03 8.696875e+03 8.654343e+03 8.634406e+03
16.5 8.677382e+03 8.698657e+03 8.656339e+03 8.635064e+03
17.5 8.681148e+03 8.699609e+03 8.658253e+03 8.639792e+03
18.5 8.660124e+03 8.699934e+03 8.659952e+03 8.620142e+03
19.5 8.729001e+03 8.699828e+03 8.661370e+03 8.690542e+03
20.5 8.733378e+03 8.699626e+03 8.662495e+03 8.696247e+03
21.5 8.694800e+03 8.700172e+03 8.664025e+03 8.658653e+03
22.5 8.671145e+03 8.700498e+03 8.670171e+03 8.640818e+03
23.5 8.664137e+03 8.697412e+03 8.685114e+03 8.651839e+03
24.5 8.627458e+03 8.689301e+03 8.707553e+03 8.645710e+03
25.5 8.650605e+03 8.677636e+03 8.732497e+03 8.705466e+03
26.5 8.636119e+03 8.665172e+03 8.755235e+03 8.726182e+03
27.5 8.628762e+03 8.654105e+03 8.773210e+03 8.747868e+03
28.5 8.582345e+03 8.645486e+03 8.785916e+03 8.722775e+03
29.5 8.585782e+03 8.639388e+03 8.793984e+03 8.740378e+03
30.5 8.580527e+03 8.635267e+03 8.798428e+03 8.743688e+03
31.5 8.581609e+03 8.631904e+03 8.799555e+03 8.749259e+03
32.5 8.608772e+03 8.629900e+03 8.793998e+03 8.772870e+03
33.5 8.655536e+03 8.632136e+03 8.778250e+03 8.801650e+03
34.5 8.667812e+03 8.639966e+03 8.754145e+03 8.781991e+03
35.5 8.682579e+03 8.651706e+03 8.727087e+03 8.757961e+03
36.5 8.684949e+03 8.664410e+03 8.702098e+03 8.722637e+03
37.5 8.646826e+03 8.675743e+03 8.681939e+03 8.653022e+03
38.5 8.645602e+03 8.684587e+03 8.667259e+03 8.628274e+03
39.5 8.651812e+03 8.690793e+03 8.657490e+03 8.618509e+03
40.5 8.700462e+03 8.694711e+03 8.651628e+03 8.657379e+03
41.5 8.710123e+03 8.696836e+03 8.648671e+03 8.661958e+03
42.5 8.713151e+03 8.697636e+03 8.647771e+03 8.663286e+03
43.5 8.711859e+03 8.697495e+03 8.648255e+03 8.662619e+03
44.5 8.682004e+03 8.696719e+03 8.649590e+03 8.634875e+03
45.5 8.636878e+03 8.695551e+03 8.651366e+03 8.592693e+03
46.5 8.634640e+03 8.694180e+03 8.653272e+03 8.593732e+03
47.5 8.643074e+03 8.692746e+03 8.655092e+03 8.605419e+03
48.5 8.661470e+03 8.691349e+03 8.656694e+03 8.626815e+03
49.5 8.674626e+03 8.690052e+03 8.658011e+03 8.642585e+03
50.5 8.700812e+03 8.690342e+03 8.659033e+03 8.669503e+03
51.5 8.711394e+03 8.701827e+03 8.660455e+03 8.670022e+03
52.5 8.742589e+03 8.735776e+03 8.666490e+03 8.673303e+03
53.5 8.794284e+03 8.784076e+03 8.681316e+03 8.691524e+03
54.5 8.860383e+03 8.825721e+03 8.703627e+03 8.738289e+03
55.5 8.881399e+03 8.848753e+03 8.728428e+03 8.761075e+03
0.5 8.580527e+03 8.635267e+03 8.798428e+03 8.743688e+03
1.5 8.581609e+03 8.631904e+03 8.799555e+03 8.749259e+03
2.5 8.608772e+03 8.629900e+03 8.793998e+03 8.772870e+03
3.5 8.655536e+03 8.632136e+03 8.778250e+03 8.801650e+03
4.5 8.667812e+03 8.639966e+03 8.754145e+03 8.781991e+03
5.5 8.682579e+03 8.651706e+03 8.727087e+03 8.757961e+03
6.5 8.684949e+03 8.664410e+03 8.702098e+03 8.722637e+03
7.5 8.646826e+03 8.675743e+03 8.681939e+03 8.653022e+03
8.5 8.645602e+03 8.684587e+03 8.667259e+03 8.628274e+03
9.5 8.651812e+03 8.690793e+03 8.657490e+03 8.618509e+03
10.5 8.700462e+03 8.694711e+03 8.651628e+03 8.657379e+03
11.5 8.710123e+03 8.696836e+03 8.648671e+03 8.661958e+03
12.5 8.713151e+03 8.697636e+03 8.647771e+03 8.663286e+03
13.5 8.711859e+03 8.697495e+03 8.648255e+03 8.662619e+03
14.5 8.682004e+03 8.696719e+03 8.649590e+03 8.634875e+03
15.5 8.636878e+03 8.695551e+03 8.651366e+03 8.592693e+03
16.5 8.634640e+03 8.694180e+03 8.653272e+03 8.593732e+03
17.5 8.643074e+03 8.692746e+03 8.655092e+03 8.605419e+03
18.5 8.661470e+03 8.691349e+03 8.656694e+03 8.626815e+03
19.5 8.674626e+03 8.690052e+03 8.658011e+03 8.642585e+03
20.5 8.700812e+03 8.690342e+03 8.659033e+03 8.669503e+03
21.5 8.711394e+03 8.701827e+03 8.660455e+03 8.670022e+03
22.5 8.742589e+03 8.735776e+03 8.666490e+03 8.673303e+03
23.5 8.794284e+03 8.784076e+03 8.681316e+03 8.691524e+03
24.5 8.860383e+03 8.825721e+03 8.703627e+03 8.738289e+03
25.5 8.881399e+03 8.848753e+03 8.728428e+03 8.761075e+03
26.5 8.886643e+03 8.854100e+03 8.751005e+03 8.783548e+03
27.5 8.803775e+03 8.848460e+03 8.768812e+03 8.724127e+03
28.5 8.769266e+03 8.838203e+03 8.781334e+03 8.712397e+03
29.5 8.754393e+03 8.827214e+03 8.789205e+03 8.716385e+03
30.5 8.741932e+03 8.816540e+03 8.793444e+03 8.718837e+03
