0.5 6.481022e+03 6.387920e+03 6.484947e+03 6.578049e+03
1.5 6.485015e+03 6.377109e+03 6.473880e+03 6.581786e+03
2.5 6.380423e+03 6.352570e+03 6.446310e+03 6.474163e+03
3.5 6.360743e+03 6.327667e+03 6.413276e+03 6.446352e+03
4.5 6.376626e+03 6.319880e+03 6.393019e+03 6.449765e+03
5.5 6.363691e+03 6.333092e+03 6.392253e+03 6.422852e+03
6.5 6.310674e+03 6.359682e+03 6.406030e+03 6.357022e+03
7.5 6.328493e+03 6.389796e+03 6.425940e+03 6.364638e+03
8.5 6.416926e+03 6.416774e+03 6.445630e+03 6.445781e+03
9.5 6.353916e+03 6.437896e+03 6.462030e+03 6.378050e+03
10.5 6.388919e+03 6.453027e+03 6.474441e+03 6.410333e+03
11.5 6.386105e+03 6.463128e+03 6.483278e+03 6.406255e+03
12.5 6.439411e+03 6.469356e+03 6.489245e+03 6.459300e+03
13.5 6.441846e+03 6.472703e+03 6.492985e+03 6.462128e+03
14.5 6.567211e+03 6.473954e+03 6.495009e+03 6.588267e+03
15.5 6.547975e+03 6.473734e+03 6.495735e+03 6.569977e+03
16.5 6.524819e+03 6.472564e+03 6.495528e+03 6.547784e+03
17.5 6.585348e+03 6.470874e+03 6.494713e+03 6.609187e+03
18.5 6.588426e+03 6.469006e+03 6.493566e+03 6.612987e+03
19.5 6.529640e+03 6.467219e+03 6.492314e+03 6.554735e+03
20.5 6.485593e+03 6.468590e+03 6.492458e+03 6.509460e+03
21.5 6.562400e+03 6.493098e+03 6.502390e+03 6.571692e+03
22.5 6.670475e+03 6.567715e+03 6.528993e+03 6.631753e+03
23.5 6.726676e+03 6.680652e+03 6.561237e+03 6.607261e+03
24.5 6.845766e+03 6.788556e+03 6.580869e+03 6.638079e+03
25.5 6.944909e+03 6.862219e+03 6.581155e+03 6.663845e+03
26.5 6.982217e+03 6.898452e+03 6.567018e+03 6.650783e+03
27.5 6.852249e+03 6.907884e+03 6.546842e+03 6.491207e+03
28.5 6.887549e+03 6.902644e+03 6.526956e+03 6.511861e+03
29.5 6.864613e+03 6.891123e+03 6.510404e+03 6.483894e+03
30.5 6.846421e+03 6.874830e+03 6.496522e+03 6.468112e+03
31.5 6.861431e+03 6.835742e+03 6.476566e+03 6.502255e+03
32.5 6.737814e+03 6.747753e+03 6.443010e+03 6.433071e+03
33.5 6.742977e+03 6.623186e+03 6.406268e+03 6.526058e+03
34.5 6.629853e+03 6.505579e+03 6.384030e+03 6.508304e+03
35.5 6.511394e+03 6.424262e+03 6.382581e+03 6.469712e+03
36.5 6.335294e+03 6.382389e+03 6.396599e+03 6.349503e+03
37.5 6.180456e+03 6.369140e+03 6.417350e+03 6.228665e+03
38.5 6.245887e+03 6.372084e+03 6.438199e+03 6.312002e+03
39.5 6.145229e+03 6.382469e+03 6.455863e+03 6.218623e+03
40.5 6.092464e+03 6.395530e+03 6.469489e+03 6.166423e+03
41.5 6.283000e+03 6.409041e+03 6.479400e+03 6.353359e+03
42.5 6.261692e+03 6.421967e+03 6.486259e+03 6.325984e+03
43.5 6.221756e+03 6.433717e+03 6.490705e+03 6.278744e+03
44.5 6.300583e+03 6.443884e+03 6.493264e+03 6.349963e+03
45.5 6.395255e+03 6.452230e+03 6.494383e+03 6.437408e+03
46.5 6.300683e+03 6.458703e+03 6.494456e+03 6.336435e+03
47.5 6.483274e+03 6.463437e+03 6.493836e+03 6.513672e+03
48.5 6.457710e+03 6.466694e+03 6.492824e+03 6.483839e+03
49.5 6.381854e+03 6.468798e+03 6.491663e+03 6.404720e+03
50.5 6.546288e+03 6.470076e+03 6.491870e+03 6.568082e+03
51.5 6.601615e+03 6.470130e+03 6.501844e+03 6.633329e+03
52.5 6.592474e+03 6.464662e+03 6.528471e+03 6.656284e+03
53.5 6.510962e+03 6.449216e+03 6.560726e+03 6.622473e+03
54.5 6.467356e+03 6.425226e+03 6.580363e+03 6.622493e+03
55.5 6.471908e+03 6.398203e+03 6.580653e+03 6.654357e+03
0.5 6.846421e+03 6.874830e+03 6.496522e+03 6.468112e+03
1.5 6.861431e+03 6.835742e+03 6.476566e+03 6.502255e+03
2.5 6.737814e+03 6.747753e+03 6.443010e+03 6.433071e+03
3.5 6.742977e+03 6.623186e+03 6.406268e+03 6.526058e+03
4.5 6.629853e+03 6.505579e+03 6.384030e+03 6.508304e+03
5.5 6.511394e+03 6.424262e+03 6.382581e+03 6.469712e+03
6.5 6.335294e+03 6.382389e+03 6.396599e+03 6.349503e+03
7.5 6.180456e+03 6.369140e+03 6.417350e+03 6.228665e+03
8.5 6.245887e+03 6.372084e+03 6.438199e+03 6.312002e+03
9.5 6.145229e+03 6.382469e+03 6.455863e+03 6.218623e+03
10.5 6.092464e+03 6.395530e+03 6.469489e+03 6.166423e+03
11.5 6.283000e+03 6.409041e+03 6.479400e+03 6.353359e+03
12.5 6.261692e+03 6.421967e+03 6.486259e+03 6.325984e+03
13.5 6.221756e+03 6.433717e+03 6.490705e+03 6.278744e+03
14.5 6.300583e+03 6.443884e+03 6.493264e+03 6.349963e+03
15.5 6.395255e+03 6.452230e+03 6.494383e+03 6.437408e+03
16.5 6.300683e+03 6.458703e+03 6.494456e+03 6.336435e+03
17.5 6.483274e+03 6.463437e+03 6.493836e+03 6.513672e+03
18.5 6.457710e+03 6.466694e+03 6.492824e+03 6.483839e+03
19.5 6.381854e+03 6.468798e+03 6.491663e+03 6.404720e+03
20.5 6.546288e+03 6.470076e+03 6.491870e+03 6.568082e+03
21.5 6.601615e+03 6.470130e+03 6.501844e+03 6.633329e+03
22.5 6.592474e+03 6.464662e+03 6.528471e+03 6.656284e+03
23.5 6.510962e+03 6.449216e+03 6.560726e+03 6.622473e+03
24.5 6.467356e+03 6.425226e+03 6.580363e+03 6.622493e+03
25.5 6.471908e+03 6.398203e+03 6.580653e+03 6.654357e+03
26.5 6.500668e+03 6.373399e+03 6.566523e+03 6.693791e+03
27.5 6.353915e+03 6.353694e+03 6.546354e+03 6.546575e+03
28.5 6.291089e+03 6.339722e+03 6.526480e+03 6.477847e+03
29.5 6.452491e+03 6.330827e+03 6.509940e+03 6.631605e+03
30.5 6.446292e+03 6.325899e+03 6.496073e+03 6.616466e+03
31.5 6.408625e+03 6.324540e+03 6.476155e+03 6.560241e+03
32.5 6.467312e+03 6.330376e+03 6.442635e+03 6.579571e+03
33.5 6.456553e+03 6.347320e+03 6.405903e+03 6.515136e+03
34.5 6.395452e+03 6.373500e+03 6.383676e+03 6.405627e+03
35.5 6.321958e+03 6.403052e+03 6.382237e+03 6.301144e+03
36.5 6.333935e+03 6.430442e+03 6.396265e+03 6.299758e+03
37.5 6.288111e+03 6.452591e+03 6.417026e+03 6.252545e+03
38.5 6.307380e+03 6.468737e+03 6.437885e+03 6.276527e+03
39.5 6.257975e+03 6.479474e+03 6.455558e+03 6.234059e+03
40.5 6.403746e+03 6.485892e+03 6.469193e+03 6.387046e+03
41.5 6.623952e+03 6.489089e+03 6.479112e+03 6.613975e+03
42.5 6.467371e+03 6.489997e+03 6.485980e+03 6.463354e+03
43.5 6.543284e+03 6.489357e+03 6.490434e+03 6.544361e+03
44.5 6.617314e+03 6.487752e+03 6.493001e+03 6.622562e+03
45.5 6.608920e+03 6.485638e+03 6.494127e+03 6.617409e+03
46.5 6.416826e+03 6.483354e+03 6.494208e+03 6.427680e+03
47.5 6.504639e+03 6.481140e+03 6.493594e+03 6.517093e+03
48.5 6.716651e+03 6.479144e+03 6.492589e+03 6.730097e+03
49.5 6.496599e+03 6.477438e+03 6.491435e+03 6.510597e+03
50.5 6.586095e+03 6.476046e+03 6.491648e+03 6.601697e+03
51.5 6.481983e+03 6.474270e+03 6.501628e+03 6.509341e+03
52.5 6.511397e+03 6.467554e+03 6.528262e+03 6.572105e+03
53.5 6.516801e+03 6.451242e+03 6.560522e+03 6.626082e+03
54.5 6.419372e+03 6.426622e+03 6.580164e+03 6.572915e+03
55.5 6.375440e+03 6.399101e+03 6.580460e+03 6.556799e+03
0.5 6.446292e+03 6.325899e+03 6.496073e+03 6.616466e+03
1.5 6.408625e+03 6.324540e+03 6.476155e+03 6.560241e+03
2.5 6.467312e+03 6.330376e+03 6.442635e+03 6.579571e+03
3.5 6.456553e+03 6.347320e+03 6.405903e+03 6.515136e+03
4.5 6.395452e+03 6.373500e+03 6.383676e+03 6.405627e+03
5.5 6.321958e+03 6.403052e+03 6.382237e+03 6.301144e+03
6.5 6.333935e+03 6.430442e+03 6.396265e+03 6.299758e+03
7.5 6.288111e+03 6.452591e+03 6.417026e+03 6.252545e+03
8.5 6.307380e+03 6.468737e+03 6.437885e+03 6.276527e+03
9.5 6.257975e+03 6.479474e+03 6.455558e+03 6.234059e+03
10.5 6.403746e+03 6.485892e+03 6.469193e+03 6.387046e+03
11.5 6.623952e+03 6.489089e+03 6.479112e+03 6.613975e+03
12.5 6.467371e+03 6.489997e+03 6.485980e+03 6.463354e+03
13.5 6.543284e+03 6.489357e+03 6.490434e+03 6.544361e+03
14.5 6.617314e+03 6.487752e+03 6.493001e+03 6.622562e+03
15.5 6.608920e+03 6.485638e+03 6.494127e+03 6.617409e+03
16.5 6.416826e+03 6.483354e+03 6.494208e+03 6.427680e+03
17.5 6.504639e+03 6.481140e+03 6.493594e+03 6.517093e+03
18.5 6.716651e+03 6.479144e+03 6.492589e+03 6.730097e+03
19.5 6.496599e+03 6.477438e+03 6.491435e+03 6.510597e+03
20.5 6.586095e+03 6.476046e+03 6.491648e+03 6.601697e+03
21.5 6.481983e+03 6.474270e+03 6.501628e+03 6.509341e+03
22.5 6.511397e+03 6.467554e+03 6.528262e+03 6.572105e+03
23.5 6.516801e+03 6.451242e+03 6.560522e+03 6.626082e+03
24.5 6.419372e+03 6.426622e+03 6.580164e+03 6.572915e+03
25.5 6.375440e+03 6.399101e+03 6.580460e+03 6.556799e+03
26.5 6.293735e+03 6.373873e+03 6.566335e+03 6.486197e+03
27.5 6.192558e+03 6.353781e+03 6.546171e+03 6.384948e+03
28.5 6.258864e+03 6.339439e+03 6.526301e+03 6.445726e+03
29.5 6.343490e+03 6.330179e+03 6.509766e+03 6.523077e+03
30.5 6.238848e+03 6.324886e+03 6.495903e+03 6.409865e+03
31.5 6.360645e+03 6.323161e+03 6.475989e+03 6.513473e+03
32.5 6.403759e+03 6.328629e+03 6.442473e+03 6.517603e+03
33.5 6.345405e+03 6.345204e+03 6.405744e+03 6.405946e+03
34.5 6.396902e+03 6.371015e+03 6.383521e+03 6.409407e+03
35.5 6.405815e+03 6.400200e+03 6.382085e+03 6.387701e+03
36.5 6.411735e+03 6.427226e+03 6.396116e+03 6.380625e+03
37.5 6.421138e+03 6.449010e+03 6.416880e+03 6.389008e+03
38.5 6.367998e+03 6.464790e+03 6.437741e+03 6.340949e+03
39.5 6.553898e+03 6.475164e+03 6.455417e+03 6.534151e+03
40.5 6.515476e+03 6.481221e+03 6.469054e+03 6.503309e+03
41.5 6.604474e+03 6.484061e+03 6.478976e+03 6.599389e+03
42.5 6.565563e+03 6.484613e+03 6.485846e+03 6.566796e+03
43.5 6.608922e+03 6.483620e+03 6.490301e+03 6.615602e+03
44.5 6.570289e+03 6.481666e+03 6.492870e+03 6.581492e+03
45.5 6.657744e+03 6.479205e+03 6.493998e+03 6.672536e+03
46.5 6.566455e+03 6.476579e+03 6.494079e+03 6.583956e+03
47.5 6.667073e+03 6.474025e+03 6.493467e+03 6.686516e+03
48.5 6.568106e+03 6.471691e+03 6.492463e+03 6.588878e+03
49.5 6.567060e+03 6.469663e+03 6.491310e+03 6.588707e+03
50.5 6.579988e+03 6.470876e+03 6.491523e+03 6.600636e+03
51.5 6.594654e+03 6.495205e+03 6.501504e+03 6.600952e+03
52.5 6.732410e+03 6.569556e+03 6.528138e+03 6.690992e+03
53.5 6.798075e+03 6.682105e+03 6.560398e+03 6.676368e+03
54.5 6.767412e+03 6.789500e+03 6.580040e+03 6.557952e+03
55.5 6.725642e+03 6.862548e+03 6.580335e+03 6.443429e+03
0.5 6.238848e+03 6.324886e+03 6.495903e+03 6.409865e+03
1.5 6.360645e+03 6.323161e+03 6.475989e+03 6.513473e+03
2.5 6.403759e+03 6.328629e+03 6.442473e+03 6.517603e+03
3.5 6.345405e+03 6.345204e+03 6.405744e+03 6.405946e+03
4.5 6.396902e+03 6.371015e+03 6.383521e+03 6.409407e+03
5.5 6.405815e+03 6.400200e+03 6.382085e+03 6.387701e+03
6.5 6.411735e+03 6.427226e+03 6.396116e+03 6.380625e+03
7.5 6.421138e+03 6.449010e+03 6.416880e+03 6.389008e+03
8.5 6.367998e+03 6.464790e+03 6.437741e+03 6.340949e+03
9.5 6.553898e+03 6.475164e+03 6.455417e+03 6.534151e+03
10.5 6.515476e+03 6.481221e+03 6.469054e+03 6.503309e+03
11.5 6.604474e+03 6.484061e+03 6.478976e+03 6.599389e+03
12.5 6.565563e+03 6.484613e+03 6.485846e+03 6.566796e+03
13.5 6.608922e+03 6.483620e+03 6.490301e+03 6.615602e+03
14.5 6.570289e+03 6.481666e+03 6.492870e+03 6.581492e+03
15.5 6.657744e+03 6.479205e+03 6.493998e+03 6.672536e+03
16.5 6.566455e+03 6.476579e+03 6.494079e+03 6.583956e+03
17.5 6.667073e+03 6.474025e+03 6.493467e+03 6.686516e+03
18.5 6.568106e+03 6.471691e+03 6.492463e+03 6.588878e+03
19.5 6.567060e+03 6.469663e+03 6.491310e+03 6.588707e+03
20.5 6.579988e+03 6.470876e+03 6.491523e+03 6.600636e+03
21.5 6.594654e+03 6.495205e+03 6.501504e+03 6.600952e+03
22.5 6.732410e+03 6.569556e+03 6.528138e+03 6.690992e+03
23.5 6.798075e+03 6.682105e+03 6.560398e+03 6.676368e+03
24.5 6.767412e+03 6.789500e+03 6.580040e+03 6.557952e+03
25.5 6.725642e+03 6.862548e+03 6.580335e+03 6.443429e+03
26.5 6.934828e+03 6.898080e+03 6.566210e+03 6.602958e+03
27.5 6.710892e+03 6.906747e+03 6.546045e+03 6.350191e+03
28.5 6.773429e+03 6.900694e+03 6.526175e+03 6.398909e+03
29.5 6.885354e+03 6.888325e+03 6.509639e+03 6.506668e+03
30.5 6.916234e+03 6.871160e+03 6.495775e+03 6.540850e+03
31.5 6.894679e+03 6.831246e+03 6.475860e+03 6.539293e+03
32.5 6.944792e+03 6.742454e+03 6.442342e+03 6.644679e+03
33.5 6.767664e+03 6.616998e+03 6.405612e+03 6.556278e+03
34.5 6.688899e+03 6.498489e+03 6.383387e+03 6.573797e+03
35.5 6.480862e+03 6.416261e+03 6.381949e+03 6.446550e+03
36.5 6.304619e+03 6.373468e+03 6.395978e+03 6.327130e+03
37.5 6.134728e+03 6.359290e+03 6.416740e+03 6.192178e+03
38.5 6.142185e+03 6.361297e+03 6.437599e+03 6.218486e+03
39.5 6.135368e+03 6.370740e+03 6.455272e+03 6.219899e+03
40.5 6.287272e+03 6.382853e+03 6.468906e+03 6.373325e+03
41.5 6.402749e+03 6.395410e+03 6.478825e+03 6.486164e+03
42.5 6.449421e+03 6.407377e+03 6.485692e+03 6.527736e+03
43.5 6.474286e+03 6.418163e+03 6.490144e+03 6.546266e+03
44.5 6.490797e+03 6.427363e+03 6.492709e+03 6.556143e+03
45.5 6.516489e+03 6.434736e+03 6.493833e+03 6.575586e+03
46.5 6.403224e+03 6.440232e+03 6.493911e+03 6.456902e+03
47.5 6.458167e+03 6.443986e+03 6.493295e+03 6.507476e+03
48.5 6.418181e+03 6.446258e+03 6.492286e+03 6.464209e+03
49.5 6.530941e+03 6.447373e+03 6.491129e+03 6.574696e+03
50.5 6.490879e+03 6.447659e+03 6.491338e+03 6.534558e+03
51.5 6.303687e+03 6.446716e+03 6.501313e+03 6.358284e+03
52.5 6.341256e+03 6.440247e+03 6.527942e+03 6.428951e+03
53.5 6.235989e+03 6.423796e+03 6.560197e+03 6.372391e+03
54.5 6.294819e+03 6.398797e+03 6.579834e+03 6.475856e+03
55.5 6.332012e+03 6.370760e+03 6.580123e+03 6.541375e+03
0.5 6.916234e+03 6.871160e+03 6.495775e+03 6.540850e+03
1.5 6.894679e+03 6.831246e+03 6.475860e+03 6.539293e+03
2.5 6.944792e+03 6.742454e+03 6.442342e+03 6.644679e+03
3.5 6.767664e+03 6.616998e+03 6.405612e+03 6.556278e+03
4.5 6.688899e+03 6.498489e+03 6.383387e+03 6.573797e+03
5.5 6.480862e+03 6.416261e+03 6.381949e+03 6.446550e+03
6.5 6.304619e+03 6.373468e+03 6.395978e+03 6.327130e+03
7.5 6.134728e+03 6.359290e+03 6.416740e+03 6.192178e+03
8.5 6.142185e+03 6.361297e+03 6.437599e+03 6.218486e+03
9.5 6.135368e+03 6.370740e+03 6.455272e+03 6.219899e+03
10.5 6.287272e+03 6.382853e+03 6.468906e+03 6.373325e+03
11.5 6.402749e+03 6.395410e+03 6.478825e+03 6.486164e+03
12.5 6.449421e+03 6.407377e+03 6.485692e+03 6.527736e+03
13.5 6.474286e+03 6.418163e+03 6.490144e+03 6.546266e+03
14.5 6.490797e+03 6.427363e+03 6.492709e+03 6.556143e+03
15.5 6.516489e+03 6.434736e+03 6.493833e+03 6.575586e+03
16.5 6.403224e+03 6.440232e+03 6.493911e+03 6.456902e+03
17.5 6.458167e+03 6.443986e+03 6.493295e+03 6.507476e+03
18.5 6.418181e+03 6.446258e+03 6.492286e+03 6.464209e+03
19.5 6.530941e+03 6.447373e+03 6.491129e+03 6.574696e+03
20.5 6.490879e+03 6.447659e+03 6.491338e+03 6.534558e+03
21.5 6.303687e+03 6.446716e+03 6.501313e+03 6.358284e+03
22.5 6.341256e+03 6.440247e+03 6.527942e+03 6.428951e+03
23.5 6.235989e+03 6.423796e+03 6.560197e+03 6.372391e+03
24.5 6.294819e+03 6.398797e+03 6.579834e+03 6.475856e+03
25.5 6.332012e+03 6.370760e+03 6.580123e+03 6.541375e+03
26.5 6.343214e+03 6.344908e+03 6.565972e+03 6.564278e+03
27.5 6.222370e+03 6.324149e+03 6.545781e+03 6.444001e+03
28.5 6.206700e+03 6.309144e+03 6.525900e+03 6.423456e+03
29.5 6.234012e+03 6.299209e+03 6.509354e+03 6.444157e+03
30.5 6.216906e+03 6.293235e+03 6.495480e+03 6.419152e+03
31.5 6.298695e+03 6.290823e+03 6.475555e+03 6.483427e+03
32.5 6.380186e+03 6.295600e+03 6.442028e+03 6.526614e+03
33.5 6.309051e+03 6.311482e+03 6.405295e+03 6.402864e+03
34.5 6.394602e+03 6.336596e+03 6.383073e+03 6.441079e+03
35.5 6.437339e+03 6.365075e+03 6.381643e+03 6.453906e+03
36.5 6.278547e+03 6.391382e+03 6.395682e+03 6.282847e+03
37.5 6.319151e+03 6.412432e+03 6.416452e+03 6.323171e+03
38.5 6.453567e+03 6.427462e+03 6.437318e+03 6.463422e+03
39.5 6.495925e+03 6.437064e+03 6.454993e+03 6.513854e+03
40.5 6.513827e+03 6.442329e+03 6.468627e+03 6.540125e+03
41.5 6.411546e+03 6.444354e+03 6.478541e+03 6.445733e+03
42.5 6.473516e+03 6.444071e+03 6.485402e+03 6.514848e+03
43.5 6.378670e+03 6.442220e+03 6.489846e+03 6.426297e+03
44.5 6.245711e+03 6.439386e+03 6.492402e+03 6.298727e+03
45.5 6.331267e+03 6.436021e+03 6.493516e+03 6.388762e+03
46.5 6.351717e+03 6.432466e+03 6.493582e+03 6.412832e+03
47.5 6.458097e+03 6.428959e+03 6.492954e+03 6.522091e+03
48.5 6.381203e+03 6.425647e+03 6.491933e+03 6.447489e+03
49.5 6.443420e+03 6.422612e+03 6.490763e+03 6.511570e+03
50.5 6.515586e+03 6.422791e+03 6.490959e+03 6.583754e+03
51.5 6.508051e+03 6.446054e+03 6.500922e+03 6.562919e+03
52.5 6.614242e+03 6.519297e+03 6.527533e+03 6.622478e+03
53.5 6.644798e+03 6.630668e+03 6.559756e+03 6.573886e+03
54.5 6.810735e+03 6.736790e+03 6.579343e+03 6.653287e+03
55.5 6.812547e+03 6.808466e+03 6.579569e+03 6.583649e+03
0.5 6.216906e+03 6.293235e+03 6.495480e+03 6.419152e+03
1.5 6.298695e+03 6.290823e+03 6.475555e+03 6.483427e+03
2.5 6.380186e+03 6.295600e+03 6.442028e+03 6.526614e+03
3.5 6.309051e+03 6.311482e+03 6.405295e+03 6.402864e+03
4.5 6.394602e+03 6.336596e+03 6.383073e+03 6.441079e+03
5.5 6.437339e+03 6.365075e+03 6.381643e+03 6.453906e+03
6.5 6.278547e+03 6.391382e+03 6.395682e+03 6.282847e+03
7.5 6.319151e+03 6.412432e+03 6.416452e+03 6.323171e+03
8.5 6.453567e+03 6.427462e+03 6.437318e+03 6.463422e+03
9.5 6.495925e+03 6.437064e+03 6.454993e+03 6.513854e+03
10.5 6.513827e+03 6.442329e+03 6.468627e+03 6.540125e+03
11.5 6.411546e+03 6.444354e+03 6.478541e+03 6.445733e+03
12.5 6.473516e+03 6.444071e+03 6.485402e+03 6.514848e+03
13.5 6.378670e+03 6.442220e+03 6.489846e+03 6.426297e+03
14.5 6.245711e+03 6.439386e+03 6.492402e+03 6.298727e+03
15.5 6.331267e+03 6.436021e+03 6.493516e+03 6.388762e+03
16.5 6.351717e+03 6.432466e+03 6.493582e+03 6.412832e+03
17.5 6.458097e+03 6.428959e+03 6.492954e+03 6.522091e+03
18.5 6.381203e+03 6.425647e+03 6.491933e+03 6.447489e+03
19.5 6.443420e+03 6.422612e+03 6.490763e+03 6.511570e+03
20.5 6.515586e+03 6.422791e+03 6.490959e+03 6.583754e+03
21.5 6.508051e+03 6.446054e+03 6.500922e+03 6.562919e+03
22.5 6.614242e+03 6.519297e+03 6.527533e+03 6.622478e+03
23.5 6.644798e+03 6.630668e+03 6.559756e+03 6.573886e+03
24.5 6.810735e+03 6.736790e+03 6.579343e+03 6.653287e+03
25.5 6.812547e+03 6.808466e+03 6.579569e+03 6.583649e+03
26.5 6.808964e+03 6.842539e+03 6.565369e+03 6.531794e+03
27.5 6.719258e+03 6.849673e+03 6.545133e+03 6.414718e+03
28.5 6.823214e+03 6.842029e+03 6.525198e+03 6.506383e+03
29.5 6.655254e+03 6.828020e+03 6.508612e+03 6.335846e+03
30.5 6.743417e+03 6.810518e+03 6.496059e+03 6.428957e+03
