0.5 8.784682e+03 8.741977e+03 8.780352e+03 8.823057e+03
1.5 8.798089e+03 8.752480e+03 8.782738e+03 8.828348e+03
2.5 8.846294e+03 8.780995e+03 8.788652e+03 8.853952e+03
3.5 8.877696e+03 8.823338e+03 8.795645e+03 8.850004e+03
4.5 8.919073e+03 8.863755e+03 8.799770e+03 8.855089e+03
5.5 8.949154e+03 8.891595e+03 8.799629e+03 8.857187e+03
6.5 8.926672e+03 8.905679e+03 8.796353e+03 8.817347e+03
7.5 8.931749e+03 8.909875e+03 8.791802e+03 8.813675e+03
8.5 8.884790e+03 8.908617e+03 8.787361e+03 8.763534e+03
9.5 8.910546e+03 8.904982e+03 8.783690e+03 8.789254e+03
10.5 8.853763e+03 8.899540e+03 8.780634e+03 8.734857e+03
11.5 8.844452e+03 8.885734e+03 8.776292e+03 8.735010e+03
12.5 8.857809e+03 8.854017e+03 8.769070e+03 8.772862e+03
13.5 8.801367e+03 8.808842e+03 8.761275e+03 8.753800e+03
14.5 8.780982e+03 8.766094e+03 8.756728e+03 8.771617e+03
15.5 8.790121e+03 8.736523e+03 8.756734e+03 8.810332e+03
16.5 8.709018e+03 8.721333e+03 8.760076e+03 8.747760e+03
17.5 8.688093e+03 8.716617e+03 8.764824e+03 8.736299e+03
18.5 8.688409e+03 8.717853e+03 8.769528e+03 8.740085e+03
19.5 8.686219e+03 8.721846e+03 8.773482e+03 8.737856e+03
20.5 8.663751e+03 8.726849e+03 8.776513e+03 8.713415e+03
21.5 8.690143e+03 8.732039e+03 8.778701e+03 8.736805e+03
22.5 8.687315e+03 8.737032e+03 8.780202e+03 8.730486e+03
23.5 8.675407e+03 8.741603e+03 8.781162e+03 8.714966e+03
24.5 8.680904e+03 8.745599e+03 8.781702e+03 8.717008e+03
25.5 8.711813e+03 8.748928e+03 8.781923e+03 8.744808e+03
26.5 8.678169e+03 8.751569e+03 8.781915e+03 8.708515e+03
27.5 8.702996e+03 8.753567e+03 8.781757e+03 8.731186e+03
28.5 8.679587e+03 8.755018e+03 8.781517e+03 8.706085e+03
29.5 8.716681e+03 8.756040e+03 8.781246e+03 8.741887e+03
30.5 8.757361e+03 8.756984e+03 8.780982e+03 8.781359e+03
31.5 8.779334e+03 8.759465e+03 8.780746e+03 8.800615e+03
32.5 8.793489e+03 8.765169e+03 8.780549e+03 8.808869e+03
33.5 8.826616e+03 8.772647e+03 8.780393e+03 8.834362e+03
34.5 8.816012e+03 8.778625e+03 8.780274e+03 8.817662e+03
35.5 8.799216e+03 8.781456e+03 8.780187e+03 8.797948e+03
36.5 8.803722e+03 8.781538e+03 8.780125e+03 8.802309e+03
37.5 8.787188e+03 8.780083e+03 8.780082e+03 8.787187e+03
38.5 8.789600e+03 8.778144e+03 8.780052e+03 8.791508e+03
39.5 8.824562e+03 8.776316e+03 8.780031e+03 8.828277e+03
40.5 8.808111e+03 8.774585e+03 8.780017e+03 8.813543e+03
41.5 8.813332e+03 8.771462e+03 8.780007e+03 8.821878e+03
42.5 8.803212e+03 8.765296e+03 8.780000e+03 8.817917e+03
43.5 8.788117e+03 8.757544e+03 8.779994e+03 8.810567e+03
44.5 8.780687e+03 8.751475e+03 8.779990e+03 8.809203e+03
45.5 8.740263e+03 8.748720e+03 8.779986e+03 8.771528e+03
0.5 8.806547e+03 8.763592e+03 8.780197e+03 8.823152e+03
1.5 8.788914e+03 8.772817e+03 8.782581e+03 8.798677e+03
2.5 8.818693e+03 8.800232e+03 8.788490e+03 8.806951e+03
3.5 8.848521e+03 8.841601e+03 8.795479e+03 8.802399e+03
4.5 8.854044e+03 8.881133e+03 8.799599e+03 8.772510e+03
5.5 8.898609e+03 8.908150e+03 8.799454e+03 8.789912e+03
6.5 8.897029e+03 8.921455e+03 8.796175e+03 8.771749e+03
7.5 8.861562e+03 8.924905e+03 8.791622e+03 8.728279e+03
8.5 8.937227e+03 8.922925e+03 8.787181e+03 8.801483e+03
9.5 8.923043e+03 8.918586e+03 8.783510e+03 8.787967e+03
10.5 8.932169e+03 8.912455e+03 8.780455e+03 8.800169e+03
11.5 8.945714e+03 8.897997e+03 8.776121e+03 8.823837e+03
12.5 8.915460e+03 8.865654e+03 8.768905e+03 8.818712e+03
13.5 8.868538e+03 8.819836e+03 8.761110e+03 8.809812e+03
14.5 8.831055e+03 8.776454e+03 8.756565e+03 8.811165e+03
15.5 8.757690e+03 8.746257e+03 8.756571e+03 8.768004e+03
16.5 8.713336e+03 8.730449e+03 8.759914e+03 8.742801e+03
17.5 8.708729e+03 8.725122e+03 8.764663e+03 8.748270e+03
18.5 8.696103e+03 8.725753e+03 8.769369e+03 8.739719e+03
19.5 8.718444e+03 8.729149e+03 8.773325e+03 8.762619e+03
20.5 8.787765e+03 8.733563e+03 8.776357e+03 8.830559e+03
21.5 8.786702e+03 8.738171e+03 8.778547e+03 8.827078e+03
22.5 8.787552e+03 8.742587e+03 8.780050e+03 8.825015e+03
23.5 8.804147e+03 8.746589e+03 8.781011e+03 8.838569e+03
24.5 8.738153e+03 8.750023e+03 8.781553e+03 8.769683e+03
25.5 8.705094e+03 8.752796e+03 8.781776e+03 8.734074e+03
26.5 8.726814e+03 8.754887e+03 8.781770e+03 8.753697e+03
27.5 8.733796e+03 8.756343e+03 8.781615e+03 8.759067e+03
28.5 8.729965e+03 8.757256e+03 8.781376e+03 8.754085e+03
29.5 8.787716e+03 8.757745e+03 8.781107e+03 8.811078e+03
30.5 8.793684e+03 8.758163e+03 8.780845e+03 8.816366e+03
31.5 8.763290e+03 8.760123e+03 8.780612e+03 8.783779e+03
32.5 8.760616e+03 8.765311e+03 8.780417e+03 8.775721e+03
33.5 8.761931e+03 8.772278e+03 8.780263e+03 8.769916e+03
34.5 8.751070e+03 8.777749e+03 8.780146e+03 8.753467e+03
35.5 8.774094e+03 8.780078e+03 8.780061e+03 8.774078e+03
36.5 8.755856e+03 8.779648e+03 8.780001e+03 8.756209e+03
37.5 8.762732e+03 8.777668e+03 8.779960e+03 8.765024e+03
38.5 8.724928e+03 8.775219e+03 8.779931e+03 8.729640e+03
39.5 8.718959e+03 8.772883e+03 8.779913e+03 8.725989e+03
40.5 8.726638e+03 8.770646e+03 8.779900e+03 8.735893e+03
41.5 8.723996e+03 8.767018e+03 8.779892e+03 8.736871e+03
42.5 8.727272e+03 8.760349e+03 8.779887e+03 8.746809e+03
43.5 8.764765e+03 8.752100e+03 8.779883e+03 8.792548e+03
44.5 8.758723e+03 8.745540e+03 8.779880e+03 8.793062e+03
45.5 8.751342e+03 8.742303e+03 8.779877e+03 8.788916e+03
0.5 8.744967e+03 8.750370e+03 8.780133e+03 8.774731e+03
1.5 8.752545e+03 8.759245e+03 8.782514e+03 8.775814e+03
2.5 8.780359e+03 8.786297e+03 8.788419e+03 8.782481e+03
3.5 8.834150e+03 8.827281e+03 8.795400e+03 8.802269e+03
4.5 8.878860e+03 8.866397e+03 8.799509e+03 8.811972e+03
5.5 8.908911e+03 8.892965e+03 8.799349e+03 8.815295e+03
6.5 8.921298e+03 8.905791e+03 8.796055e+03 8.811561e+03
7.5 8.887751e+03 8.908741e+03 8.791486e+03 8.770497e+03
8.5 8.868401e+03 8.906241e+03 8.787032e+03 8.749192e+03
9.5 8.860213e+03 8.901370e+03 8.783349e+03 8.742193e+03
10.5 8.844848e+03 8.895467e+03 8.780285e+03 8.729666e+03
