0.5 8.724646e+03 8.697863e+03 8.735938e+03 8.762721e+03
1.5 8.745830e+03 8.699075e+03 8.735329e+03 8.782085e+03
2.5 8.752295e+03 8.700060e+03 8.727672e+03 8.779907e+03
3.5 8.757350e+03 8.697624e+03 8.706966e+03 8.766692e+03
4.5 8.716360e+03 8.690157e+03 8.675162e+03 8.701365e+03
5.5 8.680955e+03 8.679130e+03 8.639553e+03 8.641378e+03
6.5 8.682345e+03 8.667313e+03 8.607017e+03 8.622049e+03
7.5 8.654439e+03 8.656905e+03 8.581279e+03 8.578813e+03
8.5 8.676969e+03 8.648926e+03 8.563114e+03 8.591157e+03
9.5 8.713660e+03 8.643463e+03 8.551622e+03 8.621819e+03
10.5 8.698298e+03 8.639974e+03 8.545348e+03 8.603672e+03
11.5 8.690777e+03 8.637239e+03 8.543854e+03 8.597392e+03
12.5 8.687903e+03 8.635859e+03 8.552027e+03 8.604071e+03
13.5 8.679093e+03 8.638712e+03 8.574958e+03 8.615339e+03
14.5 8.679603e+03 8.647151e+03 8.609991e+03 8.642443e+03
15.5 8.634563e+03 8.659490e+03 8.649295e+03 8.624368e+03
16.5 8.608114e+03 8.672784e+03 8.685588e+03 8.620917e+03
17.5 8.617994e+03 8.684702e+03 8.714868e+03 8.648160e+03
18.5 8.594329e+03 8.694127e+03 8.736193e+03 8.636395e+03
19.5 8.596020e+03 8.700911e+03 8.750385e+03 8.645494e+03
20.5 8.662604e+03 8.705406e+03 8.758900e+03 8.716098e+03
21.5 8.707442e+03 8.708108e+03 8.763189e+03 8.762523e+03
22.5 8.735716e+03 8.709484e+03 8.764481e+03 8.790713e+03
23.5 8.762657e+03 8.709921e+03 8.763752e+03 8.816488e+03
24.5 8.779381e+03 8.709725e+03 8.761772e+03 8.831428e+03
25.5 8.801936e+03 8.709139e+03 8.759139e+03 8.851936e+03
26.5 8.726303e+03 8.708353e+03 8.756300e+03 8.774250e+03
27.5 8.788796e+03 8.707508e+03 8.753568e+03 8.834856e+03
28.5 8.860251e+03 8.706702e+03 8.751137e+03 8.904686e+03
29.5 8.787689e+03 8.705996e+03 8.749101e+03 8.830795e+03
30.5 8.805145e+03 8.705581e+03 8.747478e+03 8.847042e+03
31.5 8.749787e+03 8.706178e+03 8.745256e+03 8.788865e+03
32.5 8.738620e+03 8.706719e+03 8.736329e+03 8.768231e+03
33.5 8.732196e+03 8.703938e+03 8.714633e+03 8.742891e+03
34.5 8.702419e+03 8.696177e+03 8.682056e+03 8.688298e+03
35.5 8.673294e+03 8.684877e+03 8.645835e+03 8.634252e+03
36.5 8.646770e+03 8.672793e+03 8.612801e+03 8.586779e+03
37.5 8.605674e+03 8.662117e+03 8.586647e+03 8.530204e+03
38.5 8.615225e+03 8.653869e+03 8.568122e+03 8.529478e+03
39.5 8.631100e+03 8.648134e+03 8.556309e+03 8.539275e+03
40.5 8.661179e+03 8.644370e+03 8.549738e+03 8.566547e+03
41.5 8.679912e+03 8.641360e+03 8.547965e+03 8.586517e+03
42.5 8.707481e+03 8.639706e+03 8.555871e+03 8.623647e+03
43.5 8.676202e+03 8.642287e+03 8.578543e+03 8.612458e+03
44.5 8.639501e+03 8.650457e+03 8.613325e+03 8.602368e+03
45.5 8.653578e+03 8.662531e+03 8.652382e+03 8.643429e+03
0.5 8.805145e+03 8.705581e+03 8.747478e+03 8.847042e+03
1.5 8.749787e+03 8.706178e+03 8.745256e+03 8.788865e+03
2.5 8.738620e+03 8.706719e+03 8.736329e+03 8.768231e+03
3.5 8.732196e+03 8.703938e+03 8.714633e+03 8.742891e+03
4.5 8.702419e+03 8.696177e+03 8.682056e+03 8.688298e+03
5.5 8.673294e+03 8.684877e+03 8.645835e+03 8.634252e+03
6.5 8.646770e+03 8.672793e+03 8.612801e+03 8.586779e+03
7.5 8.605674e+03 8.662117e+03 8.586647e+03 8.530204e+03
8.5 8.615225e+03 8.653869e+03 8.568122e+03 8.529478e+03
9.5 8.631100e+03 8.648134e+03 8.556309e+03 8.539275e+03
10.5 8.661179e+03 8.644370e+03 8.549738e+03 8.566547e+03
11.5 8.679912e+03 8.641360e+03 8.547965e+03 8.586517e+03
12.5 8.707481e+03 8.639706e+03 8.555871e+03 8.623647e+03
13.5 8.676202e+03 8.642287e+03 8.578543e+03 8.612458e+03
14.5 8.639501e+03 8.650457e+03 8.613325e+03 8.602368e+03
15.5 8.653578e+03 8.662531e+03 8.652382e+03 8.643429e+03
16.5 8.650810e+03 8.675565e+03 8.688433e+03 8.663678e+03
17.5 8.668700e+03 8.687225e+03 8.717477e+03 8.698953e+03
18.5 8.682685e+03 8.696395e+03 8.738568e+03 8.724859e+03
19.5 8.700999e+03 8.702929e+03 8.752532e+03 8.750602e+03
20.5 8.717999e+03 8.707177e+03 8.760820e+03 8.771642e+03
21.5 8.733351e+03 8.709638e+03 8.764888e+03 8.788601e+03
22.5 8.751956e+03 8.710777e+03 8.765961e+03 8.807140e+03
23.5 8.723123e+03 8.710981e+03 8.765018e+03 8.777161e+03
24.5 8.718776e+03 8.710556e+03 8.762828e+03 8.771048e+03
25.5 8.706189e+03 8.709744e+03 8.759988e+03 8.756433e+03
26.5 8.704831e+03 8.708737e+03 8.756946e+03 8.753040e+03
27.5 8.729755e+03 8.707675e+03 8.754016e+03 8.776096e+03
28.5 8.743260e+03 8.706656e+03 8.751391e+03 8.787994e+03
29.5 8.720706e+03 8.705746e+03 8.749164e+03 8.764125e+03
30.5 8.766990e+03 8.706431e+03 8.747357e+03 8.807916e+03
31.5 8.732027e+03 8.718321e+03 8.745942e+03 8.759648e+03
32.5 8.773968e+03 8.752690e+03 8.744864e+03 8.766142e+03
33.5 8.798382e+03 8.801436e+03 8.744059e+03 8.741004e+03
34.5 8.798703e+03 8.843565e+03 8.743463e+03 8.698602e+03
35.5 8.846399e+03 8.867116e+03 8.743022e+03 8.722305e+03
36.5 8.831385e+03 8.873012e+03 8.742690e+03 8.701062e+03
37.5 8.790265e+03 8.867943e+03 8.742433e+03 8.664755e+03
38.5 8.881358e+03 8.858272e+03 8.742225e+03 8.765311e+03
39.5 8.869599e+03 8.847878e+03 8.742049e+03 8.763770e+03
40.5 8.883695e+03 8.836991e+03 8.741892e+03 8.788596e+03
41.5 8.905858e+03 8.816461e+03 8.741746e+03 8.831143e+03
42.5 8.846347e+03 8.774985e+03 8.741605e+03 8.812967e+03
43.5 8.786682e+03 8.720535e+03 8.741466e+03 8.807613e+03
44.5 8.742369e+03 8.673981e+03 8.741328e+03 8.809716e+03
45.5 8.662174e+03 8.647156e+03 8.741188e+03 8.756206e+03
0.5 8.733378e+03 8.699626e+03 8.738807e+03 8.772559e+03
1.5 8.694800e+03 8.700172e+03 8.737639e+03 8.732267e+03
2.5 8.671145e+03 8.700498e+03 8.729430e+03 8.700077e+03
3.5 8.664137e+03 8.697412e+03 8.708180e+03 8.674905e+03
4.5 8.627458e+03 8.689301e+03 8.675841e+03 8.613998e+03
5.5 8.650605e+03 8.677636e+03 8.639703e+03 8.612672e+03
6.5 8.636119e+03 8.665172e+03 8.606646e+03 8.577593e+03
7.5 8.628762e+03 8.654105e+03 8.580388e+03 8.555046e+03
8.5 8.582345e+03 8.645486e+03 8.561710e+03 8.498569e+03
9.5 8.585782e+03 8.639388e+03 8.549713e+03 8.496107e+03
10.5 8.580527e+03 8.635267e+03 8.542939e+03 8.488198e+03
11.5 8.581609e+03 8.631904e+03 8.540951e+03 8.490656e+03
12.5 8.608772e+03 8.629900e+03 8.548638e+03 8.527510e+03
13.5 8.655536e+03 8.632136e+03 8.571087e+03 8.594487e+03
14.5 8.667812e+03 8.639966e+03 8.605645e+03 8.633491e+03
15.5 8.682579e+03 8.651706e+03 8.644478e+03 8.675352e+03
16.5 8.684949e+03 8.664410e+03 8.680307e+03 8.700846e+03
17.5 8.646826e+03 8.675743e+03 8.709127e+03 8.680210e+03
18.5 8.645602e+03 8.684587e+03 8.729998e+03 8.691013e+03
19.5 8.651812e+03 8.690793e+03 8.743740e+03 8.704760e+03
20.5 8.700462e+03 8.694711e+03 8.751809e+03 8.757560e+03
21.5 8.710123e+03 8.696836e+03 8.755657e+03 8.768944e+03
22.5 8.713151e+03 8.697636e+03 8.756511e+03 8.772025e+03
23.5 8.711859e+03 8.697495e+03 8.755348e+03 8.769712e+03
24.5 8.682004e+03 8.696719e+03 8.752936e+03 8.738221e+03
25.5 8.636878e+03 8.695551e+03 8.749874e+03 8.691201e+03
26.5 8.634640e+03 8.694180e+03 8.746609e+03 8.687070e+03
27.5 8.643074e+03 8.692746e+03 8.743454e+03 8.693781e+03
28.5 8.661470e+03 8.691349e+03 8.740600e+03 8.710722e+03
29.5 8.674626e+03 8.690052e+03 8.738144e+03 8.722718e+03
30.5 8.700812e+03 8.690342e+03 8.736104e+03 8.746574e+03
31.5 8.711394e+03 8.701827e+03 8.734452e+03 8.744019e+03
32.5 8.742589e+03 8.735776e+03 8.733134e+03 8.739947e+03
33.5 8.794284e+03 8.784076e+03 8.732084e+03 8.742292e+03
34.5 8.860383e+03 8.825721e+03 8.731240e+03 8.765902e+03
35.5 8.881399e+03 8.848753e+03 8.730546e+03 8.763192e+03
36.5 8.886643e+03 8.854100e+03 8.729954e+03 8.762497e+03
37.5 8.803775e+03 8.848460e+03 8.729432e+03 8.684746e+03
38.5 8.769266e+03 8.838203e+03 8.728953e+03 8.660016e+03
39.5 8.754393e+03 8.827214e+03 8.728500e+03 8.655679e+03
40.5 8.741932e+03 8.816540e+03 8.728058e+03 8.653450e+03
