0.5 8.551179e+03 8.751990e+03 8.910678e+03 8.709867e+03
1.5 8.755393e+03 8.723564e+03 8.905568e+03 8.937396e+03
2.5 8.201635e+03 8.633580e+03 8.866889e+03 8.434945e+03
3.5 8.511409e+03 8.501918e+03 8.766045e+03 8.775536e+03
4.5 8.385367e+03 8.384398e+03 8.612323e+03 8.613292e+03
5.5 7.995800e+03 8.314448e+03 8.440474e+03 8.121826e+03
6.5 8.168641e+03 8.291503e+03 8.283284e+03 8.160423e+03
7.5 8.272854e+03 8.298997e+03 8.158511e+03 8.132369e+03
8.5 8.185365e+03 8.320439e+03 8.069859e+03 7.934786e+03
9.5 8.387042e+03 8.345424e+03 8.013052e+03 8.054669e+03
10.5 8.503723e+03 8.372991e+03 7.981146e+03 8.111878e+03
11.5 8.532477e+03 8.427159e+03 7.972073e+03 8.077391e+03
12.5 8.517955e+03 8.538864e+03 8.009211e+03 7.988303e+03
13.5 8.420234e+03 8.688364e+03 8.116715e+03 7.848585e+03
14.5 8.682541e+03 8.820192e+03 8.281936e+03 8.144285e+03
15.5 8.991194e+03 8.901219e+03 8.467551e+03 8.557527e+03
16.5 8.876628e+03 8.932390e+03 8.638867e+03 8.583105e+03
17.5 8.971601e+03 8.930753e+03 8.776812e+03 8.817661e+03
18.5 9.037885e+03 8.913332e+03 8.876897e+03 9.001450e+03
19.5 8.761229e+03 8.891068e+03 8.943044e+03 8.813204e+03
20.5 9.044652e+03 8.869221e+03 8.982181e+03 9.157613e+03
21.5 9.119973e+03 8.849701e+03 9.001236e+03 9.271508e+03
22.5 8.842012e+03 8.833013e+03 9.006056e+03 9.015055e+03
23.5 8.826600e+03 8.819251e+03 9.001299e+03 9.008647e+03
24.5 8.902488e+03 8.808413e+03 8.990631e+03 9.084705e+03
25.5 8.706642e+03 8.800397e+03 8.976899e+03 8.883143e+03
26.5 8.846690e+03 8.794955e+03 8.962240e+03 9.013976e+03
27.5 8.781392e+03 8.791693e+03 8.948146e+03 8.937844e+03
28.5 8.569520e+03 8.790133e+03 8.935536e+03 8.714923e+03
29.5 8.689743e+03 8.789780e+03 8.924862e+03 8.824825e+03
30.5 8.855894e+03 8.789882e+03 8.916222e+03 8.982234e+03
31.5 8.456891e+03 8.789058e+03 8.909483e+03 8.577315e+03
32.5 8.635967e+03 8.791273e+03 8.904384e+03 8.749077e+03
33.5 8.732752e+03 8.804796e+03 8.900620e+03 8.828576e+03
34.5 8.709929e+03 8.832005e+03 8.897889e+03 8.775813e+03
35.5 8.798902e+03 8.867426e+03 8.895930e+03 8.827407e+03
36.5 8.947438e+03 8.903231e+03 8.894524e+03 8.938732e+03
37.5 8.747055e+03 8.933836e+03 8.893508e+03 8.706727e+03
38.5 8.812598e+03 8.956991e+03 8.892764e+03 8.748370e+03
39.5 8.959110e+03 8.972850e+03 8.892204e+03 8.878464e+03
40.5 8.863449e+03 8.982990e+03 8.891769e+03 8.772228e+03
41.5 8.981191e+03 8.989921e+03 8.891420e+03 8.882690e+03
42.5 9.065062e+03 8.990737e+03 8.891132e+03 8.965457e+03
43.5 8.641947e+03 8.978053e+03 8.890889e+03 8.554783e+03
44.5 9.004661e+03 8.950210e+03 8.890680e+03 8.945132e+03
45.5 8.949304e+03 8.913272e+03 8.890501e+03 8.926532e+03
0.5 8.454341e+03 8.811526e+03 8.904585e+03 8.547400e+03
1.5 8.646780e+03 8.780366e+03 8.900629e+03 8.767044e+03
2.5 8.693865e+03 8.688250e+03 8.863152e+03 8.868768e+03
3.5 8.347599e+03 8.554937e+03 8.763564e+03 8.556225e+03
4.5 8.435356e+03 8.436132e+03 8.611159e+03 8.610384e+03
5.5 8.725222e+03 8.365162e+03 8.440686e+03 8.800745e+03
6.5 8.367276e+03 8.341389e+03 8.284924e+03 8.310810e+03
7.5 8.745855e+03 8.348194e+03 8.161619e+03 8.559281e+03
8.5 8.592466e+03 8.369047e+03 8.074470e+03 8.297889e+03
9.5 8.409737e+03 8.393522e+03 8.019190e+03 8.035405e+03
10.5 8.517603e+03 8.420640e+03 7.988832e+03 8.085794e+03
11.5 8.524845e+03 8.474340e+03 7.981322e+03 8.031827e+03
12.5 8.550398e+03 8.585600e+03 8.019945e+03 7.984743e+03
13.5 8.461757e+03 8.734780e+03 8.128953e+03 7.855930e+03
14.5 8.933282e+03 8.866331e+03 8.295700e+03 8.362651e+03
15.5 8.612698e+03 8.947120e+03 8.482860e+03 8.148438e+03
16.5 9.006341e+03 8.978094e+03 8.655738e+03 8.683985e+03
17.5 9.269510e+03 8.976296e+03 8.795264e+03 9.088478e+03
18.5 8.970603e+03 8.958749e+03 8.896945e+03 8.908799e+03
19.5 8.906472e+03 8.936393e+03 8.964705e+03 8.934783e+03
20.5 9.041350e+03 8.914487e+03 9.005469e+03 9.132332e+03
21.5 8.826634e+03 8.894941e+03 9.026167e+03 8.957860e+03
22.5 8.905635e+03 8.878258e+03 9.032642e+03 9.060019e+03
23.5 8.964918e+03 8.864532e+03 9.029554e+03 9.129940e+03
24.5 8.535185e+03 8.853759e+03 9.020568e+03 8.701993e+03
25.5 8.682851e+03 8.845838e+03 9.008531e+03 8.845545e+03
26.5 9.104015e+03 8.840518e+03 8.995580e+03 9.259077e+03
27.5 8.796922e+03 8.837406e+03 8.983205e+03 8.942720e+03
28.5 9.081126e+03 8.836023e+03 8.972326e+03 9.217429e+03
29.5 9.008625e+03 8.835875e+03 8.963395e+03 9.136145e+03
30.5 8.522710e+03 8.836206e+03 8.956510e+03 8.643014e+03
31.5 9.006830e+03 8.835638e+03 8.951538e+03 9.122730e+03
32.5 8.837011e+03 8.838135e+03 8.948218e+03 8.947094e+03
33.5 8.816153e+03 8.851963e+03 8.946245e+03 8.910436e+03
34.5 9.270690e+03 8.879503e+03 8.945319e+03 9.336507e+03
35.5 8.915862e+03 8.915278e+03 8.945177e+03 8.945761e+03
36.5 8.928510e+03 8.951455e+03 8.945602e+03 8.922656e+03
37.5 8.950333e+03 8.982410e+03 8.946434e+03 8.914357e+03
38.5 8.894865e+03 9.005943e+03 8.947553e+03 8.836475e+03
39.5 9.040356e+03 9.022199e+03 8.948872e+03 8.967030e+03
40.5 9.330443e+03 9.032756e+03 8.950334e+03 9.248021e+03
41.5 8.834368e+03 9.040126e+03 8.951899e+03 8.746141e+03
42.5 8.975914e+03 9.041402e+03 8.953544e+03 8.888056e+03
43.5 9.172088e+03 9.029204e+03 8.955254e+03 9.098137e+03
44.5 8.650085e+03 9.001880e+03 8.957020e+03 8.605224e+03
45.5 8.815082e+03 8.965503e+03 8.958837e+03 8.808416e+03
0.5 8.550569e+03 8.862465e+03 8.992553e+03 8.680657e+03
1.5 8.813520e+03 8.832313e+03 8.990597e+03 8.971804e+03
2.5 8.687691e+03 8.741255e+03 8.955181e+03 8.901618e+03
3.5 8.396993e+03 8.609084e+03 8.857734e+03 8.645642e+03
4.5 8.612316e+03 8.491531e+03 8.707583e+03 8.828368e+03
5.5 8.144483e+03 8.421926e+03 8.539512e+03 8.262069e+03
6.5 8.148136e+03 8.399613e+03 8.386318e+03 8.134841e+03
7.5 8.637987e+03 8.407950e+03 8.265752e+03 8.495789e+03
8.5 8.312089e+03 8.430395e+03 8.181502e+03 8.063195e+03
9.5 8.570683e+03 8.456513e+03 8.129270e+03 8.243439e+03
10.5 8.638319e+03 8.485709e+03 8.102097e+03 8.254706e+03
