0.5 6.697646e+03 6.767326e+03 6.745547e+03 6.675867e+03
1.5 6.697957e+03 6.758200e+03 6.745310e+03 6.685068e+03
2.5 6.650891e+03 6.731342e+03 6.740910e+03 6.660459e+03
3.5 6.718629e+03 6.692290e+03 6.728803e+03 6.755142e+03
4.5 6.679222e+03 6.657190e+03 6.710139e+03 6.732170e+03
5.5 6.626177e+03 6.635855e+03 6.689216e+03 6.679538e+03
6.5 6.655629e+03 6.628268e+03 6.670094e+03 6.697455e+03
7.5 6.637277e+03 6.629710e+03 6.654972e+03 6.662539e+03
8.5 6.644777e+03 6.635414e+03 6.644310e+03 6.653673e+03
9.5 6.648720e+03 6.642331e+03 6.637580e+03 6.643968e+03
10.5 6.634859e+03 6.649026e+03 6.633921e+03 6.619754e+03
11.5 6.634125e+03 6.655007e+03 6.632499e+03 6.611618e+03
12.5 6.636974e+03 6.660168e+03 6.632628e+03 6.609434e+03
13.5 6.701978e+03 6.664502e+03 6.633770e+03 6.671246e+03
14.5 6.677436e+03 6.668016e+03 6.635512e+03 6.644933e+03
15.5 6.686239e+03 6.670736e+03 6.637535e+03 6.653038e+03
16.5 6.711751e+03 6.672725e+03 6.639601e+03 6.678627e+03
17.5 6.711413e+03 6.674087e+03 6.641547e+03 6.678873e+03
18.5 6.708112e+03 6.674953e+03 6.643275e+03 6.676435e+03
19.5 6.711464e+03 6.675457e+03 6.644740e+03 6.680747e+03
20.5 6.692550e+03 6.675671e+03 6.645939e+03 6.662818e+03
21.5 6.702842e+03 6.675141e+03 6.647472e+03 6.675173e+03
22.5 6.654654e+03 6.672241e+03 6.652947e+03 6.635360e+03
23.5 6.662784e+03 6.666014e+03 6.665942e+03 6.662712e+03
24.5 6.693787e+03 6.657647e+03 6.685346e+03 6.721487e+03
25.5 6.642628e+03 6.649138e+03 6.706893e+03 6.700383e+03
26.5 6.657938e+03 6.641933e+03 6.726552e+03 6.742557e+03
27.5 6.631957e+03 6.636593e+03 6.742147e+03 6.737511e+03
28.5 6.627473e+03 6.633055e+03 6.753236e+03 6.747653e+03
29.5 6.602093e+03 6.630985e+03 6.760357e+03 6.731465e+03
30.5 6.637269e+03 6.630057e+03 6.764379e+03 6.771591e+03
31.5 6.630742e+03 6.630496e+03 6.765562e+03 6.765808e+03
32.5 6.652551e+03 6.633757e+03 6.761020e+03 6.779813e+03
33.5 6.655598e+03 6.640648e+03 6.747761e+03 6.762711e+03
34.5 6.667667e+03 6.649855e+03 6.727354e+03 6.745166e+03
35.5 6.688484e+03 6.659277e+03 6.704419e+03 6.733625e+03
36.5 6.662275e+03 6.667390e+03 6.683248e+03 6.678133e+03
37.5 6.650776e+03 6.673581e+03 6.666204e+03 6.643399e+03
38.5 6.689635e+03 6.677879e+03 6.653843e+03 6.665599e+03
39.5 6.660086e+03 6.680604e+03 6.645679e+03 6.625161e+03
40.5 6.669011e+03 6.682135e+03 6.640855e+03 6.627730e+03
41.5 6.694431e+03 6.682805e+03 6.638514e+03 6.650140e+03
42.5 6.657101e+03 6.682878e+03 6.637933e+03 6.612156e+03
43.5 6.647664e+03 6.682564e+03 6.638535e+03 6.603635e+03
44.5 6.696278e+03 6.682024e+03 6.639867e+03 6.654121e+03
45.5 6.685370e+03 6.681383e+03 6.641576e+03 6.645563e+03
46.5 6.658737e+03 6.680733e+03 6.643400e+03 6.621403e+03
47.5 6.673341e+03 6.680135e+03 6.645152e+03 6.638357e+03
48.5 6.663992e+03 6.679623e+03 6.646719e+03 6.631088e+03
49.5 6.641605e+03 6.679211e+03 6.648046e+03 6.610440e+03
50.5 6.714405e+03 6.678901e+03 6.649123e+03 6.684628e+03
51.5 6.677791e+03 6.679040e+03 6.650546e+03 6.649297e+03
52.5 6.659288e+03 6.681722e+03 6.655916e+03 6.633482e+03
53.5 6.675556e+03 6.688990e+03 6.668809e+03 6.655375e+03
54.5 6.698606e+03 6.700117e+03 6.688113e+03 6.686602e+03
55.5 6.701608e+03 6.712552e+03 6.709560e+03 6.698615e+03
0.5 6.637269e+03 6.630057e+03 6.764379e+03 6.771591e+03
1.5 6.630742e+03 6.630496e+03 6.765562e+03 6.765808e+03
2.5 6.652551e+03 6.633757e+03 6.761020e+03 6.779813e+03
3.5 6.655598e+03 6.640648e+03 6.747761e+03 6.762711e+03
4.5 6.667667e+03 6.649855e+03 6.727354e+03 6.745166e+03
5.5 6.688484e+03 6.659277e+03 6.704419e+03 6.733625e+03
6.5 6.662275e+03 6.667390e+03 6.683248e+03 6.678133e+03
7.5 6.650776e+03 6.673581e+03 6.666204e+03 6.643399e+03
8.5 6.689635e+03 6.677879e+03 6.653843e+03 6.665599e+03
9.5 6.660086e+03 6.680604e+03 6.645679e+03 6.625161e+03
10.5 6.669011e+03 6.682135e+03 6.640855e+03 6.627730e+03
11.5 6.694431e+03 6.682805e+03 6.638514e+03 6.650140e+03
12.5 6.657101e+03 6.682878e+03 6.637933e+03 6.612156e+03
13.5 6.647664e+03 6.682564e+03 6.638535e+03 6.603635e+03
14.5 6.696278e+03 6.682024e+03 6.639867e+03 6.654121e+03
15.5 6.685370e+03 6.681383e+03 6.641576e+03 6.645563e+03
16.5 6.658737e+03 6.680733e+03 6.643400e+03 6.621403e+03
17.5 6.673341e+03 6.680135e+03 6.645152e+03 6.638357e+03
18.5 6.663992e+03 6.679623e+03 6.646719e+03 6.631088e+03
19.5 6.641605e+03 6.679211e+03 6.648046e+03 6.610440e+03
20.5 6.714405e+03 6.678901e+03 6.649123e+03 6.684628e+03
21.5 6.677791e+03 6.679040e+03 6.650546e+03 6.649297e+03
22.5 6.659288e+03 6.681722e+03 6.655916e+03 6.633482e+03
23.5 6.675556e+03 6.688990e+03 6.668809e+03 6.655375e+03
24.5 6.698606e+03 6.700117e+03 6.688113e+03 6.686602e+03
25.5 6.701608e+03 6.712552e+03 6.709560e+03 6.698615e+03
26.5 6.716022e+03 6.723911e+03 6.729120e+03 6.721231e+03
27.5 6.740240e+03 6.732914e+03 6.744617e+03 6.751943e+03
28.5 6.729054e+03 6.739300e+03 6.755609e+03 6.745363e+03
29.5 6.779647e+03 6.743383e+03 6.762637e+03 6.798901e+03
30.5 6.725611e+03 6.745664e+03 6.766567e+03 6.746514e+03
31.5 6.735249e+03 6.746276e+03 6.767663e+03 6.756636e+03
32.5 6.717329e+03 6.743510e+03 6.763044e+03 6.736864e+03
33.5 6.711495e+03 6.735622e+03 6.749713e+03 6.725586e+03
34.5 6.679551e+03 6.723567e+03 6.729234e+03 6.685218e+03
35.5 6.682210e+03 6.710071e+03 6.706229e+03 6.678368e+03
36.5 6.664237e+03 6.697646e+03 6.684992e+03 6.651583e+03
37.5 6.656836e+03 6.687661e+03 6.667883e+03 6.637058e+03
38.5 6.673664e+03 6.680429e+03 6.655458e+03 6.648692e+03
39.5 6.630871e+03 6.675660e+03 6.647232e+03 6.602443e+03
40.5 6.665601e+03 6.672847e+03 6.642348e+03 6.635102e+03
41.5 6.704132e+03 6.671487e+03 6.639949e+03 6.672593e+03
42.5 6.654306e+03 6.671158e+03 6.639311e+03 6.622459e+03
43.5 6.627891e+03 6.671522e+03 6.639858e+03 6.596227e+03
44.5 6.654992e+03 6.672313e+03 6.641137e+03 6.623816e+03
45.5 6.619314e+03 6.673325e+03 6.642795e+03 6.588783e+03
46.5 6.636676e+03 6.674405e+03 6.644567e+03 6.606839e+03
47.5 6.659864e+03 6.675443e+03 6.646270e+03 6.630690e+03
48.5 6.646792e+03 6.676375e+03 6.647790e+03 6.618206e+03
49.5 6.686737e+03 6.677168e+03 6.649071e+03 6.658639e+03
50.5 6.676916e+03 6.677820e+03 6.650103e+03 6.649199e+03
51.5 6.667830e+03 6.678696e+03 6.651481e+03 6.640615e+03
52.5 6.695400e+03 6.681926e+03 6.656808e+03 6.670282e+03
53.5 6.728798e+03 6.689590e+03 6.669660e+03 6.708868e+03
54.5 6.667408e+03 6.700997e+03 6.688923e+03 6.655335e+03
55.5 6.718074e+03 6.713627e+03 6.710330e+03 6.714777e+03
0.5 6.725611e+03 6.745664e+03 6.766567e+03 6.746514e+03
1.5 6.735249e+03 6.746276e+03 6.767663e+03 6.756636e+03
2.5 6.717329e+03 6.743510e+03 6.763044e+03 6.736864e+03
3.5 6.711495e+03 6.735622e+03 6.749713e+03 6.725586e+03
4.5 6.679551e+03 6.723567e+03 6.729234e+03 6.685218e+03
5.5 6.682210e+03 6.710071e+03 6.706229e+03 6.678368e+03
6.5 6.664237e+03 6.697646e+03 6.684992e+03 6.651583e+03
7.5 6.656836e+03 6.687661e+03 6.667883e+03 6.637058e+03
8.5 6.673664e+03 6.680429e+03 6.655458e+03 6.648692e+03
9.5 6.630871e+03 6.675660e+03 6.647232e+03 6.602443e+03
10.5 6.665601e+03 6.672847e+03 6.642348e+03 6.635102e+03
11.5 6.704132e+03 6.671487e+03 6.639949e+03 6.672593e+03
12.5 6.654306e+03 6.671158e+03 6.639311e+03 6.622459e+03
13.5 6.627891e+03 6.671522e+03 6.639858e+03 6.596227e+03
14.5 6.654992e+03 6.672313e+03 6.641137e+03 6.623816e+03
15.5 6.619314e+03 6.673325e+03 6.642795e+03 6.588783e+03
16.5 6.636676e+03 6.674405e+03 6.644567e+03 6.606839e+03
17.5 6.659864e+03 6.675443e+03 6.646270e+03 6.630690e+03
18.5 6.646792e+03 6.676375e+03 6.647790e+03 6.618206e+03
19.5 6.686737e+03 6.677168e+03 6.649071e+03 6.658639e+03
20.5 6.676916e+03 6.677820e+03 6.650103e+03 6.649199e+03
21.5 6.667830e+03 6.678696e+03 6.651481e+03 6.640615e+03
22.5 6.695400e+03 6.681926e+03 6.656808e+03 6.670282e+03
23.5 6.728798e+03 6.689590e+03 6.669660e+03 6.708868e+03
24.5 6.667408e+03 6.700997e+03 6.688923e+03 6.655335e+03
25.5 6.718074e+03 6.713627e+03 6.710330e+03 6.714777e+03
26.5 6.690118e+03 6.725122e+03 6.729852e+03 6.694848e+03
27.5 6.703098e+03 6.734221e+03 6.745312e+03 6.714189e+03
28.5 6.750467e+03 6.740676e+03 6.756267e+03 6.766058e+03
29.5 6.767551e+03 6.744811e+03 6.763258e+03 6.785998e+03
30.5 6.727052e+03 6.747134e+03 6.767154e+03 6.747072e+03
31.5 6.781768e+03 6.747782e+03 6.768215e+03 6.802201e+03
32.5 6.743820e+03 6.745048e+03 6.763563e+03 6.762335e+03
33.5 6.731943e+03 6.737191e+03 6.750198e+03 6.744950e+03
34.5 6.786359e+03 6.725167e+03 6.729688e+03 6.790879e+03
35.5 6.774594e+03 6.711703e+03 6.706651e+03 6.769543e+03
36.5 6.722211e+03 6.699309e+03 6.685383e+03 6.708284e+03
37.5 6.751479e+03 6.689356e+03 6.668243e+03 6.730366e+03
38.5 6.728488e+03 6.682157e+03 6.655788e+03 6.702119e+03
39.5 6.746159e+03 6.677420e+03 6.647533e+03 6.716271e+03
40.5 6.729420e+03 6.674641e+03 6.642620e+03 6.697398e+03
41.5 6.686458e+03 6.673317e+03 6.640192e+03 6.653333e+03
42.5 6.643432e+03 6.673023e+03 6.639526e+03 6.609935e+03
43.5 6.683676e+03 6.673422e+03 6.640045e+03 6.650299e+03
44.5 6.659396e+03 6.674249e+03 6.641295e+03 6.626443e+03
45.5 6.696508e+03 6.675298e+03 6.642926e+03 6.664136e+03
46.5 6.711112e+03 6.676414e+03 6.644671e+03 6.679369e+03
47.5 6.712361e+03 6.677490e+03 6.646347e+03 6.681218e+03
48.5 6.663523e+03 6.678459e+03 6.647839e+03 6.632903e+03
49.5 6.688772e+03 6.679289e+03 6.649093e+03 6.658576e+03
50.5 6.654166e+03 6.679921e+03 6.650098e+03 6.624343e+03
51.5 6.681729e+03 6.679813e+03 6.651450e+03 6.653365e+03
52.5 6.666838e+03 6.677288e+03 6.656750e+03 6.646300e+03
53.5 6.661846e+03 6.671366e+03 6.669575e+03 6.660055e+03
54.5 6.650714e+03 6.663230e+03 6.688811e+03 6.676295e+03
55.5 6.657209e+03 6.654886e+03 6.710191e+03 6.712515e+03
0.5 6.727052e+03 6.747134e+03 6.767154e+03 6.747072e+03
1.5 6.781768e+03 6.747782e+03 6.768215e+03 6.802201e+03
2.5 6.743820e+03 6.745048e+03 6.763563e+03 6.762335e+03
3.5 6.731943e+03 6.737191e+03 6.750198e+03 6.744950e+03
4.5 6.786359e+03 6.725167e+03 6.729688e+03 6.790879e+03
5.5 6.774594e+03 6.711703e+03 6.706651e+03 6.769543e+03
6.5 6.722211e+03 6.699309e+03 6.685383e+03 6.708284e+03
7.5 6.751479e+03 6.689356e+03 6.668243e+03 6.730366e+03
8.5 6.728488e+03 6.682157e+03 6.655788e+03 6.702119e+03
9.5 6.746159e+03 6.677420e+03 6.647533e+03 6.716271e+03
10.5 6.729420e+03 6.674641e+03 6.642620e+03 6.697398e+03
11.5 6.686458e+03 6.673317e+03 6.640192e+03 6.653333e+03
12.5 6.643432e+03 6.673023e+03 6.639526e+03 6.609935e+03
13.5 6.683676e+03 6.673422e+03 6.640045e+03 6.650299e+03
14.5 6.659396e+03 6.674249e+03 6.641295e+03 6.626443e+03
15.5 6.696508e+03 6.675298e+03 6.642926e+03 6.664136e+03
16.5 6.711112e+03 6.676414e+03 6.644671e+03 6.679369e+03
17.5 6.712361e+03 6.677490e+03 6.646347e+03 6.681218e+03
18.5 6.663523e+03 6.678459e+03 6.647839e+03 6.632903e+03
19.5 6.688772e+03 6.679289e+03 6.649093e+03 6.658576e+03
20.5 6.654166e+03 6.679921e+03 6.650098e+03 6.624343e+03
21.5 6.681729e+03 6.679813e+03 6.651450e+03 6.653365e+03
22.5 6.666838e+03 6.677288e+03 6.656750e+03 6.646300e+03
23.5 6.661846e+03 6.671366e+03 6.669575e+03 6.660055e+03
24.5 6.650714e+03 6.663230e+03 6.688811e+03 6.676295e+03
25.5 6.657209e+03 6.654886e+03 6.710191e+03 6.712515e+03
26.5 6.675602e+03 6.647792e+03 6.729686e+03 6.757496e+03
27.5 6.662039e+03 6.642522e+03 6.745118e+03 6.764635e+03
28.5 6.640542e+03 6.639026e+03 6.756045e+03 6.757561e+03
29.5 6.639226e+03 6.636979e+03 6.763009e+03 6.765256e+03
30.5 6.655405e+03 6.636064e+03 6.766876e+03 6.786217e+03
31.5 6.634961e+03 6.636515e+03 6.767909e+03 6.766354e+03
32.5 6.658903e+03 6.639782e+03 6.763228e+03 6.782349e+03
33.5 6.602611e+03 6.646676e+03 6.749834e+03 6.705769e+03
34.5 6.656123e+03 6.655889e+03 6.729294e+03 6.729528e+03
35.5 6.641181e+03 6.665322e+03 6.706227e+03 6.682086e+03
36.5 6.657248e+03 6.673452e+03 6.684928e+03 6.668724e+03
37.5 6.686285e+03 6.679664e+03 6.667757e+03 6.674378e+03
38.5 6.704738e+03 6.683987e+03 6.655270e+03 6.676020e+03
39.5 6.687596e+03 6.686744e+03 6.646982e+03 6.647834e+03
40.5 6.702682e+03 6.688312e+03 6.642036e+03 6.656406e+03
41.5 6.715865e+03 6.689022e+03 6.639574e+03 6.666417e+03
42.5 6.684010e+03 6.689142e+03 6.638873e+03 6.633740e+03
43.5 6.649753e+03 6.688879e+03 6.639357e+03 6.600231e+03
44.5 6.616503e+03 6.688394e+03 6.640571e+03 6.568680e+03
45.5 6.634013e+03 6.687813e+03 6.642164e+03 6.588364e+03
46.5 6.691050e+03 6.687227e+03 6.643871e+03 6.647694e+03
47.5 6.690289e+03 6.686697e+03 6.645508e+03 6.649100e+03
48.5 6.736908e+03 6.686257e+03 6.646960e+03 6.697611e+03
49.5 6.762196e+03 6.685920e+03 6.648173e+03 6.724449e+03
50.5 6.696344e+03 6.685689e+03 6.649136e+03 6.659790e+03
51.5 6.680479e+03 6.685910e+03 6.650444e+03 6.645013e+03
52.5 6.715119e+03 6.688679e+03 6.655700e+03 6.682140e+03
53.5 6.696817e+03 6.696036e+03 6.668479e+03 6.669259e+03
54.5 6.754194e+03 6.707256e+03 6.687668e+03 6.734606e+03
55.5 6.743515e+03 6.719786e+03 6.708999e+03 6.732728e+03
0.5 6.655405e+03 6.636064e+03 6.766876e+03 6.786217e+03
1.5 6.634961e+03 6.636515e+03 6.767909e+03 6.766354e+03
2.5 6.658903e+03 6.639782e+03 6.763228e+03 6.782349e+03
3.5 6.602611e+03 6.646676e+03 6.749834e+03 6.705769e+03
4.5 6.656123e+03 6.655889e+03 6.729294e+03 6.729528e+03
5.5 6.641181e+03 6.665322e+03 6.706227e+03 6.682086e+03
6.5 6.657248e+03 6.673452e+03 6.684928e+03 6.668724e+03
7.5 6.686285e+03 6.679664e+03 6.667757e+03 6.674378e+03
8.5 6.704738e+03 6.683987e+03 6.655270e+03 6.676020e+03
9.5 6.687596e+03 6.686744e+03 6.646982e+03 6.647834e+03
10.5 6.702682e+03 6.688312e+03 6.642036e+03 6.656406e+03
11.5 6.715865e+03 6.689022e+03 6.639574e+03 6.666417e+03
12.5 6.684010e+03 6.689142e+03 6.638873e+03 6.633740e+03
13.5 6.649753e+03 6.688879e+03 6.639357e+03 6.600231e+03
14.5 6.616503e+03 6.688394e+03 6.640571e+03 6.568680e+03
15.5 6.634013e+03 6.687813e+03 6.642164e+03 6.588364e+03
16.5 6.691050e+03 6.687227e+03 6.643871e+03 6.647694e+03
17.5 6.690289e+03 6.686697e+03 6.645508e+03 6.649100e+03
18.5 6.736908e+03 6.686257e+03 6.646960e+03 6.697611e+03
19.5 6.762196e+03 6.685920e+03 6.648173e+03 6.724449e+03
20.5 6.696344e+03 6.685689e+03 6.649136e+03 6.659790e+03
21.5 6.680479e+03 6.685910e+03 6.650444e+03 6.645013e+03
22.5 6.715119e+03 6.688679e+03 6.655700e+03 6.682140e+03
23.5 6.696817e+03 6.696036e+03 6.668479e+03 6.669259e+03
24.5 6.754194e+03 6.707256e+03 6.687668e+03 6.734606e+03
25.5 6.743515e+03 6.719786e+03 6.708999e+03 6.732728e+03
26.5 6.744368e+03 6.731222e+03 6.728444e+03 6.741590e+03
27.5 6.744920e+03 6.740293e+03 6.743816e+03 6.748443e+03
28.5 6.737078e+03 6.746770e+03 6.754682e+03 6.744989e+03
29.5 6.737014e+03 6.750946e+03 6.761581e+03 6.747649e+03
30.5 6.775171e+03 6.753323e+03 6.765382e+03 6.787229e+03
31.5 6.750417e+03 6.754032e+03 6.766345e+03 6.762729e+03
32.5 6.760814e+03 6.751368e+03 6.761593e+03 6.771039e+03
33.5 6.754879e+03 6.743589e+03 6.748126e+03 6.759416e+03
34.5 6.707425e+03 6.731653e+03 6.727512e+03 6.703284e+03
35.5 6.691358e+03 6.718286e+03 6.704373e+03 6.677445e+03
36.5 6.659005e+03 6.706000e+03 6.683003e+03 6.636008e+03
37.5 6.691120e+03 6.696159e+03 6.665763e+03 6.660723e+03
38.5 6.690541e+03 6.689077e+03 6.653209e+03 6.654673e+03
39.5 6.708815e+03 6.684460e+03 6.644855e+03 6.669210e+03
40.5 6.691999e+03 6.681803e+03 6.639842e+03 6.650039e+03
41.5 6.654767e+03 6.680602e+03 6.637313e+03 6.611477e+03
42.5 6.695308e+03 6.680435e+03 6.636544e+03 6.651417e+03
43.5 6.652194e+03 6.680963e+03 6.636958e+03 6.608189e+03
44.5 6.624077e+03 6.681921e+03 6.638100e+03 6.580255e+03
45.5 6.698846e+03 6.683104e+03 6.639618e+03 6.655359e+03
46.5 6.667458e+03 6.684358e+03 6.641248e+03 6.624347e+03
47.5 6.686424e+03 6.685576e+03 6.642805e+03 6.643653e+03
48.5 6.672584e+03 6.686690e+03 6.644174e+03 6.630068e+03
49.5 6.680927e+03 6.687670e+03 6.645301e+03 6.638558e+03
50.5 6.681684e+03 6.688456e+03 6.646175e+03 6.639403e+03
51.5 6.663199e+03 6.688508e+03 6.647391e+03 6.622082e+03
52.5 6.702637e+03 6.686148e+03 6.652552e+03 6.669041e+03
53.5 6.693840e+03 6.680398e+03 6.665231e+03 6.678673e+03
54.5 6.688349e+03 6.672443e+03 6.684310e+03 6.700217e+03
55.5 6.652958e+03 6.664290e+03 6.705520e+03 6.694187e+03
0.5 6.775171e+03 6.753323e+03 6.765382e+03 6.787229e+03
1.5 6.750417e+03 6.754032e+03 6.766345e+03 6.762729e+03
2.5 6.760814e+03 6.751368e+03 6.761593e+03 6.771039e+03
3.5 6.754879e+03 6.743589e+03 6.748126e+03 6.759416e+03
4.5 6.707425e+03 6.731653e+03 6.727512e+03 6.703284e+03
5.5 6.691358e+03 6.718286e+03 6.704373e+03 6.677445e+03
6.5 6.659005e+03 6.706000e+03 6.683003e+03 6.636008e+03
7.5 6.691120e+03 6.696159e+03 6.665763e+03 6.660723e+03
8.5 6.690541e+03 6.689077e+03 6.653209e+03 6.654673e+03
9.5 6.708815e+03 6.684460e+03 6.644855e+03 6.669210e+03
10.5 6.691999e+03 6.681803e+03 6.639842e+03 6.650039e+03
11.5 6.654767e+03 6.680602e+03 6.637313e+03 6.611477e+03
12.5 6.695308e+03 6.680435e+03 6.636544e+03 6.651417e+03
13.5 6.652194e+03 6.680963e+03 6.636958e+03 6.608189e+03
14.5 6.624077e+03 6.681921e+03 6.638100e+03 6.580255e+03
15.5 6.698846e+03 6.683104e+03 6.639618e+03 6.655359e+03
16.5 6.667458e+03 6.684358e+03 6.641248e+03 6.624347e+03
17.5 6.686424e+03 6.685576e+03 6.642805e+03 6.643653e+03
18.5 6.672584e+03 6.686690e+03 6.644174e+03 6.630068e+03
19.5 6.680927e+03 6.687670e+03 6.645301e+03 6.638558e+03
20.5 6.681684e+03 6.688456e+03 6.646175e+03 6.639403e+03
21.5 6.663199e+03 6.688508e+03 6.647391e+03 6.622082e+03
22.5 6.702637e+03 6.686148e+03 6.652552e+03 6.669041e+03
23.5 6.693840e+03 6.680398e+03 6.665231e+03 6.678673e+03
24.5 6.688349e+03 6.672443e+03 6.684310e+03 6.700217e+03
25.5 6.652958e+03 6.664290e+03 6.705520e+03 6.694187e+03
26.5 6.597384e+03 6.657400e+03 6.724827e+03 6.664812e+03
27.5 6.640340e+03 6.652344e+03 6.740055e+03 6.728051e+03
28.5 6.644037e+03 6.649073e+03 6.750763e+03 6.745727e+03
29.5 6.625004e+03 6.647266e+03 6.757494e+03 6.735232e+03
30.5 6.656067e+03 6.647716e+03 6.761120e+03 6.769470e+03
