0.5 9.845658e+03 9.871469e+03 9.943979e+03 9.918169e+03
1.5 9.921354e+03 9.878314e+03 9.928479e+03 9.971519e+03
2.5 9.894297e+03 9.904474e+03 9.889766e+03 9.879588e+03
3.5 9.913553e+03 9.954757e+03 9.843267e+03 9.802063e+03
4.5 1.011670e+04 1.001744e+04 9.814591e+03 9.913852e+03
5.5 1.014115e+04 1.007732e+04 9.813223e+03 9.877052e+03
6.5 1.022269e+04 1.012535e+04 9.832282e+03 9.929619e+03
7.5 1.025119e+04 1.015928e+04 9.860003e+03 9.951906e+03
8.5 1.053503e+04 1.018080e+04 9.887477e+03 1.024171e+04
9.5 1.035886e+04 1.019280e+04 9.910401e+03 1.007646e+04
10.5 1.028538e+04 1.019741e+04 9.929671e+03 1.001765e+04
11.5 1.038069e+04 1.019125e+04 9.957512e+03 1.014695e+04
12.5 1.012468e+04 1.016273e+04 1.000456e+04 9.966510e+03
13.5 1.014740e+04 1.010827e+04 1.005629e+04 1.009542e+04
14.5 9.904646e+03 1.004056e+04 1.008779e+04 9.951883e+03
15.5 9.784402e+03 9.975462e+03 1.009017e+04 9.899111e+03
16.5 9.849499e+03 9.922554e+03 1.007081e+04 9.997758e+03
17.5 9.779368e+03 9.884372e+03 1.004194e+04 9.936934e+03
18.5 9.863660e+03 9.859377e+03 1.001284e+04 1.001712e+04
19.5 9.777756e+03 9.844673e+03 9.988140e+03 9.921223e+03
20.5 9.890052e+03 9.837457e+03 9.969048e+03 1.002164e+04
21.5 9.981532e+03 9.835477e+03 9.955126e+03 1.010118e+04
22.5 9.874586e+03 9.837013e+03 9.945456e+03 9.983028e+03
23.5 9.992323e+03 9.840746e+03 9.939153e+03 1.009073e+04
24.5 1.002194e+04 9.845652e+03 9.935485e+03 1.011177e+04
25.5 9.883593e+03 9.850949e+03 9.933833e+03 9.966477e+03
26.5 9.519348e+03 9.856082e+03 9.933647e+03 9.596914e+03
27.5 9.744500e+03 9.860697e+03 9.934437e+03 9.818240e+03
28.5 9.763905e+03 9.864617e+03 9.935781e+03 9.835069e+03
29.5 9.925991e+03 9.867799e+03 9.937338e+03 9.995530e+03
30.5 9.965618e+03 9.870924e+03 9.936982e+03 1.003168e+04
31.5 9.906595e+03 9.879585e+03 9.922914e+03 9.949923e+03
32.5 9.942282e+03 9.907104e+03 9.885403e+03 9.920581e+03
33.5 9.923980e+03 9.958360e+03 9.839860e+03 9.805480e+03
34.5 9.961141e+03 1.002171e+04 9.811912e+03 9.751343e+03
35.5 9.831947e+03 1.008204e+04 9.811077e+03 9.560988e+03
36.5 9.870999e+03 1.013034e+04 9.830515e+03 9.571174e+03
37.5 9.992310e+03 1.016443e+04 9.858501e+03 9.686378e+03
38.5 1.007809e+04 1.018603e+04 9.886157e+03 9.778218e+03
39.5 1.021983e+04 1.019807e+04 9.909204e+03 9.930966e+03
40.5 1.014679e+04 1.020268e+04 9.928557e+03 9.872674e+03
41.5 1.020180e+04 1.019651e+04 9.956454e+03 9.961747e+03
42.5 1.026606e+04 1.016796e+04 1.000354e+04 1.010164e+04
43.5 1.027039e+04 1.011348e+04 1.005530e+04 1.021221e+04
44.5 1.019608e+04 1.004574e+04 1.008683e+04 1.023717e+04
45.5 1.019995e+04 9.980617e+03 1.008923e+04 1.030856e+04
0.5 9.965618e+03 9.870924e+03 9.936982e+03 1.003168e+04
1.5 9.906595e+03 9.879585e+03 9.922914e+03 9.949923e+03
2.5 9.942282e+03 9.907104e+03 9.885403e+03 9.920581e+03
3.5 9.923980e+03 9.958360e+03 9.839860e+03 9.805480e+03
4.5 9.961141e+03 1.002171e+04 9.811912e+03 9.751343e+03
5.5 9.831947e+03 1.008204e+04 9.811077e+03 9.560988e+03
6.5 9.870999e+03 1.013034e+04 9.830515e+03 9.571174e+03
7.5 9.992310e+03 1.016443e+04 9.858501e+03 9.686378e+03
8.5 1.007809e+04 1.018603e+04 9.886157e+03 9.778218e+03
9.5 1.021983e+04 1.019807e+04 9.909204e+03 9.930966e+03
10.5 1.014679e+04 1.020268e+04 9.928557e+03 9.872674e+03
11.5 1.020180e+04 1.019651e+04 9.956454e+03 9.961747e+03
12.5 1.026606e+04 1.016796e+04 1.000354e+04 1.010164e+04
13.5 1.027039e+04 1.011348e+04 1.005530e+04 1.021221e+04
14.5 1.019608e+04 1.004574e+04 1.008683e+04 1.023717e+04
15.5 1.019995e+04 9.980617e+03 1.008923e+04 1.030856e+04
16.5 1.011220e+04 9.927685e+03 1.006989e+04 1.025440e+04
17.5 9.893618e+03 9.889482e+03 1.004103e+04 1.004516e+04
18.5 1.007133e+04 9.864468e+03 1.001195e+04 1.021881e+04
19.5 9.984999e+03 9.849749e+03 9.987260e+03 1.012251e+04
20.5 1.001693e+04 9.842522e+03 9.968183e+03 1.014259e+04
21.5 9.882102e+03 9.840532e+03 9.954276e+03 9.995845e+03
22.5 9.850068e+03 9.842062e+03 9.944621e+03 9.952627e+03
23.5 1.002408e+04 9.845792e+03 9.938333e+03 1.011662e+04
24.5 9.892039e+03 9.850695e+03 9.934680e+03 9.976024e+03
25.5 9.970368e+03 9.855993e+03 9.933044e+03 1.004742e+04
26.5 1.011227e+04 9.861128e+03 9.932874e+03 1.018402e+04
27.5 1.001352e+04 9.865747e+03 9.933679e+03 1.008145e+04
28.5 9.825954e+03 9.869672e+03 9.935038e+03 9.891320e+03
29.5 9.793671e+03 9.872862e+03 9.936618e+03 9.857427e+03
30.5 9.890943e+03 9.876428e+03 9.938184e+03 9.952699e+03
31.5 9.808708e+03 9.887454e+03 9.939590e+03 9.860844e+03
32.5 9.868382e+03 9.914130e+03 9.940766e+03 9.895018e+03
33.5 9.889104e+03 9.950500e+03 9.941697e+03 9.880302e+03
34.5 9.856258e+03 9.981396e+03 9.942400e+03 9.817262e+03
35.5 9.960603e+03 9.998378e+03 9.942908e+03 9.905132e+03
36.5 9.863178e+03 1.000238e+04 9.943262e+03 9.804056e+03
37.5 9.883955e+03 9.998452e+03 9.943502e+03 9.829005e+03
38.5 9.787490e+03 9.991293e+03 9.943659e+03 9.739856e+03
39.5 9.952672e+03 9.983743e+03 9.943756e+03 9.912685e+03
40.5 1.003033e+04 9.975947e+03 9.943814e+03 9.998197e+03
41.5 1.010982e+04 9.961223e+03 9.943846e+03 1.009245e+04
42.5 1.007153e+04 9.931456e+03 9.943861e+03 1.008394e+04
43.5 1.004546e+04 9.892613e+03 9.943865e+03 1.009672e+04
44.5 9.843102e+03 9.859867e+03 9.943864e+03 9.927098e+03
45.5 9.807935e+03 9.841649e+03 9.943859e+03 9.910145e+03
0.5 9.872170e+03 9.888051e+03 9.941805e+03 9.925924e+03
1.5 9.718875e+03 9.894783e+03 9.926336e+03 9.750428e+03
2.5 9.883712e+03 9.920841e+03 9.887653e+03 9.850524e+03
3.5 1.003093e+04 9.971029e+03 9.841185e+03 9.901087e+03
4.5 1.007056e+04 1.003362e+04 9.812539e+03 9.849476e+03
5.5 1.012123e+04 1.009343e+04 9.811201e+03 9.839003e+03
6.5 1.016129e+04 1.014134e+04 9.830277e+03 9.850220e+03
7.5 1.014575e+04 1.017512e+04 9.858015e+03 9.828641e+03
8.5 1.004708e+04 1.019653e+04 9.885515e+03 9.736064e+03
9.5 1.012292e+04 1.020844e+04 9.908465e+03 9.822948e+03
10.5 1.012059e+04 1.021294e+04 9.927761e+03 9.835413e+03
11.5 1.026209e+04 1.020669e+04 9.955626e+03 1.001102e+04
12.5 1.024514e+04 1.017808e+04 1.000270e+04 1.006976e+04
13.5 9.906716e+03 1.012355e+04 1.005445e+04 9.837613e+03
14.5 9.982539e+03 1.005578e+04 1.008598e+04 1.001273e+04
15.5 9.798798e+03 9.990666e+03 1.008838e+04 9.896507e+03
16.5 9.821465e+03 9.937760e+03 1.006904e+04 9.952744e+03
17.5 9.753216e+03 9.899599e+03 1.004018e+04 9.893799e+03
18.5 9.823100e+03 9.874639e+03 1.001110e+04 9.959565e+03
19.5 9.781024e+03 9.859980e+03 9.986422e+03 9.907466e+03
20.5 9.819868e+03 9.852817e+03 9.967347e+03 9.934398e+03
21.5 9.708701e+03 9.850895e+03 9.953441e+03 9.811247e+03
22.5 9.745465e+03 9.852493e+03 9.943784e+03 9.836756e+03
23.5 9.702289e+03 9.856292e+03 9.937495e+03 9.783492e+03
24.5 9.671891e+03 9.861265e+03 9.933839e+03 9.744464e+03
25.5 9.709387e+03 9.866634e+03 9.932198e+03 9.774951e+03
26.5 9.775072e+03 9.871840e+03 9.932022e+03 9.835254e+03
27.5 9.915147e+03 9.876532e+03 9.932819e+03 9.971434e+03
28.5 9.829377e+03 9.880532e+03 9.934169e+03 9.883014e+03
29.5 9.853501e+03 9.883800e+03 9.935739e+03 9.905440e+03
30.5 9.915406e+03 9.887446e+03 9.937293e+03 9.965253e+03
31.5 1.011624e+04 9.898555e+03 9.938686e+03 1.015637e+04
32.5 9.975719e+03 9.925315e+03 9.939847e+03 9.990251e+03
33.5 1.001124e+04 9.961760e+03 9.940762e+03 9.990241e+03
34.5 1.011304e+04 9.992719e+03 9.941447e+03 1.006177e+04
35.5 1.007174e+04 1.000975e+04 9.941935e+03 1.000392e+04
36.5 1.009485e+04 1.001380e+04 9.942268e+03 1.002332e+04
37.5 1.000050e+04 1.000991e+04 9.942485e+03 9.933075e+03
38.5 1.001326e+04 1.000280e+04 9.942617e+03 9.953077e+03
39.5 1.008131e+04 9.995310e+03 9.942689e+03 1.002869e+04
40.5 1.008278e+04 9.990126e+03 9.942719e+03 1.003537e+04
