0.5 8.579447e+03 8.642383e+03 8.556337e+03 8.493401e+03
1.5 8.578176e+03 8.634144e+03 8.548243e+03 8.492276e+03
2.5 8.543639e+03 8.608588e+03 8.528080e+03 8.463131e+03
3.5 8.583282e+03 8.569320e+03 8.503921e+03 8.517883e+03
4.5 8.554615e+03 8.531125e+03 8.489106e+03 8.512596e+03
5.5 8.502211e+03 8.504332e+03 8.488546e+03 8.486424e+03
6.5 8.498763e+03 8.490439e+03 8.498621e+03 8.506945e+03
7.5 8.501611e+03 8.486070e+03 8.513183e+03 8.528725e+03
8.5 8.498643e+03 8.487156e+03 8.527582e+03 8.539069e+03
9.5 8.493563e+03 8.490789e+03 8.539577e+03 8.542350e+03
10.5 8.464072e+03 8.495373e+03 8.548654e+03 8.517353e+03
11.5 8.461600e+03 8.500159e+03 8.555116e+03 8.516558e+03
12.5 8.435716e+03 8.504796e+03 8.559481e+03 8.490401e+03
13.5 8.497746e+03 8.509078e+03 8.562216e+03 8.550884e+03
14.5 8.492509e+03 8.512857e+03 8.563696e+03 8.543348e+03
15.5 8.484841e+03 8.516036e+03 8.564227e+03 8.533032e+03
16.5 8.537382e+03 8.518584e+03 8.564076e+03 8.582873e+03
17.5 8.564362e+03 8.520532e+03 8.563479e+03 8.607309e+03
18.5 8.542669e+03 8.521959e+03 8.562641e+03 8.583351e+03
19.5 8.577111e+03 8.522970e+03 8.561725e+03 8.615865e+03
20.5 8.576345e+03 8.524036e+03 8.561830e+03 8.614138e+03
21.5 8.573782e+03 8.527821e+03 8.569094e+03 8.615055e+03
22.5 8.576605e+03 8.538325e+03 8.588550e+03 8.626830e+03
23.5 8.583798e+03 8.554708e+03 8.612131e+03 8.641221e+03
24.5 8.634858e+03 8.571436e+03 8.626489e+03 8.689911e+03
25.5 8.636939e+03 8.584215e+03 8.626698e+03 8.679422e+03
26.5 8.608480e+03 8.592017e+03 8.616359e+03 8.632823e+03
27.5 8.608964e+03 8.595823e+03 8.601603e+03 8.614745e+03
28.5 8.555275e+03 8.597074e+03 8.587060e+03 8.545261e+03
29.5 8.569478e+03 8.596903e+03 8.574955e+03 8.547530e+03
30.5 8.575863e+03 8.595636e+03 8.564802e+03 8.545029e+03
31.5 8.556352e+03 8.591073e+03 8.550208e+03 8.515487e+03
32.5 8.574180e+03 8.579506e+03 8.525667e+03 8.520341e+03
33.5 8.551750e+03 8.561990e+03 8.498795e+03 8.488555e+03
34.5 8.536345e+03 8.544189e+03 8.482532e+03 8.474688e+03
35.5 8.583439e+03 8.530491e+03 8.481472e+03 8.534420e+03
36.5 8.536396e+03 8.521977e+03 8.491724e+03 8.506143e+03
37.5 8.523255e+03 8.517681e+03 8.506900e+03 8.512475e+03
38.5 8.517865e+03 8.516146e+03 8.522148e+03 8.523867e+03
39.5 8.518125e+03 8.516205e+03 8.535067e+03 8.536987e+03
40.5 8.496083e+03 8.517130e+03 8.545032e+03 8.523986e+03
41.5 8.506829e+03 8.518504e+03 8.552280e+03 8.540604e+03
42.5 8.512545e+03 8.520085e+03 8.557297e+03 8.549756e+03
43.5 8.505298e+03 8.521707e+03 8.560548e+03 8.544139e+03
44.5 8.529243e+03 8.523245e+03 8.562420e+03 8.568417e+03
45.5 8.541746e+03 8.524615e+03 8.563238e+03 8.580369e+03
46.5 8.511672e+03 8.525768e+03 8.563291e+03 8.549195e+03
47.5 8.493281e+03 8.526691e+03 8.562838e+03 8.529427e+03
48.5 8.476883e+03 8.527398e+03 8.562098e+03 8.511583e+03
49.5 8.492458e+03 8.527922e+03 8.561249e+03 8.525784e+03
50.5 8.531880e+03 8.528509e+03 8.561400e+03 8.564771e+03
51.5 8.540089e+03 8.531005e+03 8.568694e+03 8.577778e+03
52.5 8.530890e+03 8.539833e+03 8.588168e+03 8.579225e+03
53.5 8.592517e+03 8.556654e+03 8.611757e+03 8.647620e+03
54.5 8.617542e+03 8.577626e+03 8.626119e+03 8.666035e+03
55.5 8.621716e+03 8.597705e+03 8.626331e+03 8.650341e+03
0.5 8.575863e+03 8.595636e+03 8.564802e+03 8.545029e+03
1.5 8.556352e+03 8.591073e+03 8.550208e+03 8.515487e+03
2.5 8.574180e+03 8.579506e+03 8.525667e+03 8.520341e+03
3.5 8.551750e+03 8.561990e+03 8.498795e+03 8.488555e+03
4.5 8.536345e+03 8.544189e+03 8.482532e+03 8.474688e+03
5.5 8.583439e+03 8.530491e+03 8.481472e+03 8.534420e+03
6.5 8.536396e+03 8.521977e+03 8.491724e+03 8.506143e+03
7.5 8.523255e+03 8.517681e+03 8.506900e+03 8.512475e+03
8.5 8.517865e+03 8.516146e+03 8.522148e+03 8.523867e+03
9.5 8.518125e+03 8.516205e+03 8.535067e+03 8.536987e+03
10.5 8.496083e+03 8.517130e+03 8.545032e+03 8.523986e+03
11.5 8.506829e+03 8.518504e+03 8.552280e+03 8.540604e+03
12.5 8.512545e+03 8.520085e+03 8.557297e+03 8.549756e+03
13.5 8.505298e+03 8.521707e+03 8.560548e+03 8.544139e+03
14.5 8.529243e+03 8.523245e+03 8.562420e+03 8.568417e+03
15.5 8.541746e+03 8.524615e+03 8.563238e+03 8.580369e+03
16.5 8.511672e+03 8.525768e+03 8.563291e+03 8.549195e+03
17.5 8.493281e+03 8.526691e+03 8.562838e+03 8.529427e+03
18.5 8.476883e+03 8.527398e+03 8.562098e+03 8.511583e+03
19.5 8.492458e+03 8.527922e+03 8.561249e+03 8.525784e+03
20.5 8.531880e+03 8.528509e+03 8.561400e+03 8.564771e+03
21.5 8.540089e+03 8.531005e+03 8.568694e+03 8.577778e+03
22.5 8.530890e+03 8.539833e+03 8.588168e+03 8.579225e+03
23.5 8.592517e+03 8.556654e+03 8.611757e+03 8.647620e+03
24.5 8.617542e+03 8.577626e+03 8.626119e+03 8.666035e+03
25.5 8.621716e+03 8.597705e+03 8.626331e+03 8.650341e+03
26.5 8.613944e+03 8.613851e+03 8.615997e+03 8.616090e+03
27.5 8.643130e+03 8.625290e+03 8.601247e+03 8.619086e+03
28.5 8.645903e+03 8.632565e+03 8.586712e+03 8.600049e+03
29.5 8.690755e+03 8.636642e+03 8.574616e+03 8.628729e+03
30.5 8.655165e+03 8.638229e+03 8.564474e+03 8.581410e+03
31.5 8.661692e+03 8.636238e+03 8.549907e+03 8.575361e+03
32.5 8.621100e+03 8.626816e+03 8.525392e+03 8.519676e+03
33.5 8.595559e+03 8.608733e+03 8.498529e+03 8.485355e+03
34.5 8.565136e+03 8.586159e+03 8.482273e+03 8.461250e+03
35.5 8.538367e+03 8.564386e+03 8.481221e+03 8.455202e+03
36.5 8.489625e+03 8.546630e+03 8.491480e+03 8.434475e+03
37.5 8.504053e+03 8.533774e+03 8.506663e+03 8.476943e+03
38.5 8.488792e+03 8.525327e+03 8.521918e+03 8.485384e+03
39.5 8.445654e+03 8.520332e+03 8.534844e+03 8.460165e+03
40.5 8.459556e+03 8.517856e+03 8.544815e+03 8.486514e+03
41.5 8.500187e+03 8.517144e+03 8.552070e+03 8.535112e+03
42.5 8.512486e+03 8.517619e+03 8.557093e+03 8.551959e+03
43.5 8.504203e+03 8.518837e+03 8.560350e+03 8.545715e+03
44.5 8.523101e+03 8.520454e+03 8.562227e+03 8.564875e+03
45.5 8.484350e+03 8.522206e+03 8.563051e+03 8.525195e+03
46.5 8.452357e+03 8.523906e+03 8.563110e+03 8.491560e+03
47.5 8.511253e+03 8.525436e+03 8.562661e+03 8.548478e+03
48.5 8.518394e+03 8.526734e+03 8.561926e+03 8.553586e+03
49.5 8.535401e+03 8.527786e+03 8.561082e+03 8.568697e+03
50.5 8.555033e+03 8.528812e+03 8.561238e+03 8.587459e+03
51.5 8.568270e+03 8.531654e+03 8.568537e+03 8.605152e+03
52.5 8.585239e+03 8.540740e+03 8.588015e+03 8.632515e+03
53.5 8.590522e+03 8.557742e+03 8.611608e+03 8.644388e+03
54.5 8.567611e+03 8.578834e+03 8.625974e+03 8.614750e+03
55.5 8.574616e+03 8.598987e+03 8.626190e+03 8.601819e+03
0.5 8.655165e+03 8.638229e+03 8.564474e+03 8.581410e+03
1.5 8.661692e+03 8.636238e+03 8.549907e+03 8.575361e+03
2.5 8.621100e+03 8.626816e+03 8.525392e+03 8.519676e+03
3.5 8.595559e+03 8.608733e+03 8.498529e+03 8.485355e+03
4.5 8.565136e+03 8.586159e+03 8.482273e+03 8.461250e+03
5.5 8.538367e+03 8.564386e+03 8.481221e+03 8.455202e+03
6.5 8.489625e+03 8.546630e+03 8.491480e+03 8.434475e+03
7.5 8.504053e+03 8.533774e+03 8.506663e+03 8.476943e+03
8.5 8.488792e+03 8.525327e+03 8.521918e+03 8.485384e+03
9.5 8.445654e+03 8.520332e+03 8.534844e+03 8.460165e+03
10.5 8.459556e+03 8.517856e+03 8.544815e+03 8.486514e+03
11.5 8.500187e+03 8.517144e+03 8.552070e+03 8.535112e+03
12.5 8.512486e+03 8.517619e+03 8.557093e+03 8.551959e+03
13.5 8.504203e+03 8.518837e+03 8.560350e+03 8.545715e+03
14.5 8.523101e+03 8.520454e+03 8.562227e+03 8.564875e+03
15.5 8.484350e+03 8.522206e+03 8.563051e+03 8.525195e+03
16.5 8.452357e+03 8.523906e+03 8.563110e+03 8.491560e+03
17.5 8.511253e+03 8.525436e+03 8.562661e+03 8.548478e+03
18.5 8.518394e+03 8.526734e+03 8.561926e+03 8.553586e+03
19.5 8.535401e+03 8.527786e+03 8.561082e+03 8.568697e+03
20.5 8.555033e+03 8.528812e+03 8.561238e+03 8.587459e+03
21.5 8.568270e+03 8.531654e+03 8.568537e+03 8.605152e+03
22.5 8.585239e+03 8.540740e+03 8.588015e+03 8.632515e+03
23.5 8.590522e+03 8.557742e+03 8.611608e+03 8.644388e+03
24.5 8.567611e+03 8.578834e+03 8.625974e+03 8.614750e+03
25.5 8.574616e+03 8.598987e+03 8.626190e+03 8.601819e+03
26.5 8.566732e+03 8.615171e+03 8.615859e+03 8.567420e+03
27.5 8.583835e+03 8.626625e+03 8.601113e+03 8.558323e+03
28.5 8.617467e+03 8.633898e+03 8.586581e+03 8.570150e+03
29.5 8.613693e+03 8.637963e+03 8.574488e+03 8.550218e+03
30.5 8.632738e+03 8.639531e+03 8.564350e+03 8.557557e+03
31.5 8.636064e+03 8.637518e+03 8.549786e+03 8.548332e+03
32.5 8.652974e+03 8.628072e+03 8.525274e+03 8.550176e+03
33.5 8.645992e+03 8.609963e+03 8.498413e+03 8.534442e+03
34.5 8.644157e+03 8.587365e+03 8.482160e+03 8.538952e+03
35.5 8.625277e+03 8.565568e+03 8.481110e+03 8.540819e+03
36.5 8.577605e+03 8.547789e+03 8.491371e+03 8.521188e+03
37.5 8.576422e+03 8.534910e+03 8.506556e+03 8.548068e+03
38.5 8.597100e+03 8.526441e+03 8.521814e+03 8.592472e+03
39.5 8.609775e+03 8.521426e+03 8.534741e+03 8.623090e+03
40.5 8.583482e+03 8.518930e+03 8.544714e+03 8.609266e+03
41.5 8.534185e+03 8.518199e+03 8.551970e+03 8.567956e+03
42.5 8.513542e+03 8.518656e+03 8.556994e+03 8.551881e+03
43.5 8.498225e+03 8.519856e+03 8.560252e+03 8.538621e+03
44.5 8.524410e+03 8.521455e+03 8.562131e+03 8.565086e+03
45.5 8.551053e+03 8.523191e+03 8.562956e+03 8.590818e+03
46.5 8.563044e+03 8.524876e+03 8.563016e+03 8.601184e+03
47.5 8.549821e+03 8.526390e+03 8.562568e+03 8.585999e+03
48.5 8.532193e+03 8.527673e+03 8.561834e+03 8.566354e+03
49.5 8.511999e+03 8.528710e+03 8.560990e+03 8.544279e+03
50.5 8.532536e+03 8.529880e+03 8.561147e+03 8.563803e+03
51.5 8.545332e+03 8.533779e+03 8.568446e+03 8.579998e+03
52.5 8.531315e+03 8.544371e+03 8.587924e+03 8.574868e+03
53.5 8.565101e+03 8.560796e+03 8.611518e+03 8.615823e+03
54.5 8.556177e+03 8.577515e+03 8.625883e+03 8.604545e+03
55.5 8.581817e+03 8.590241e+03 8.626099e+03 8.617674e+03
0.5 8.632738e+03 8.639531e+03 8.564350e+03 8.557557e+03
1.5 8.636064e+03 8.637518e+03 8.549786e+03 8.548332e+03
2.5 8.652974e+03 8.628072e+03 8.525274e+03 8.550176e+03
3.5 8.645992e+03 8.609963e+03 8.498413e+03 8.534442e+03
4.5 8.644157e+03 8.587365e+03 8.482160e+03 8.538952e+03
5.5 8.625277e+03 8.565568e+03 8.481110e+03 8.540819e+03
6.5 8.577605e+03 8.547789e+03 8.491371e+03 8.521188e+03
7.5 8.576422e+03 8.534910e+03 8.506556e+03 8.548068e+03
8.5 8.597100e+03 8.526441e+03 8.521814e+03 8.592472e+03
9.5 8.609775e+03 8.521426e+03 8.534741e+03 8.623090e+03
10.5 8.583482e+03 8.518930e+03 8.544714e+03 8.609266e+03
11.5 8.534185e+03 8.518199e+03 8.551970e+03 8.567956e+03
12.5 8.513542e+03 8.518656e+03 8.556994e+03 8.551881e+03
13.5 8.498225e+03 8.519856e+03 8.560252e+03 8.538621e+03
14.5 8.524410e+03 8.521455e+03 8.562131e+03 8.565086e+03
15.5 8.551053e+03 8.523191e+03 8.562956e+03 8.590818e+03
16.5 8.563044e+03 8.524876e+03 8.563016e+03 8.601184e+03
17.5 8.549821e+03 8.526390e+03 8.562568e+03 8.585999e+03
18.5 8.532193e+03 8.527673e+03 8.561834e+03 8.566354e+03
19.5 8.511999e+03 8.528710e+03 8.560990e+03 8.544279e+03
20.5 8.532536e+03 8.529880e+03 8.561147e+03 8.563803e+03
21.5 8.545332e+03 8.533779e+03 8.568446e+03 8.579998e+03
22.5 8.531315e+03 8.544371e+03 8.587924e+03 8.574868e+03
23.5 8.565101e+03 8.560796e+03 8.611518e+03 8.615823e+03
24.5 8.556177e+03 8.577515e+03 8.625883e+03 8.604545e+03
25.5 8.581817e+03 8.590241e+03 8.626099e+03 8.617674e+03
26.5 8.591480e+03 8.597954e+03 8.615768e+03 8.609294e+03
27.5 8.581949e+03 8.601644e+03 8.601021e+03 8.581327e+03
28.5 8.616391e+03 8.602761e+03 8.586489e+03 8.600119e+03
29.5 8.596256e+03 8.602445e+03 8.574395e+03 8.568206e+03
30.5 8.614550e+03 8.601029e+03 8.564256e+03 8.577778e+03
31.5 8.612083e+03 8.596325e+03 8.549691e+03 8.565450e+03
32.5 8.612155e+03 8.584623e+03 8.525178e+03 8.552710e+03
33.5 8.588442e+03 8.566962e+03 8.498316e+03 8.519796e+03
34.5 8.564879e+03 8.549020e+03 8.482062e+03 8.497921e+03
35.5 8.525046e+03 8.535184e+03 8.481010e+03 8.470872e+03
36.5 8.513033e+03 8.526537e+03 8.491270e+03 8.477766e+03
37.5 8.536112e+03 8.522111e+03 8.506454e+03 8.520455e+03
38.5 8.555225e+03 8.520451e+03 8.521709e+03 8.556483e+03
39.5 8.548261e+03 8.520389e+03 8.534634e+03 8.562506e+03
40.5 8.571900e+03 8.521197e+03 8.544605e+03 8.595309e+03
41.5 8.579391e+03 8.522458e+03 8.551859e+03 8.608793e+03
42.5 8.541210e+03 8.523930e+03 8.556881e+03 8.574162e+03
43.5 8.509418e+03 8.525445e+03 8.560137e+03 8.544111e+03
44.5 8.444955e+03 8.526881e+03 8.562014e+03 8.480088e+03
45.5 8.431524e+03 8.528151e+03 8.562836e+03 8.466209e+03
46.5 8.489596e+03 8.529207e+03 8.562893e+03 8.523282e+03
47.5 8.506544e+03 8.530036e+03 8.562442e+03 8.538950e+03
48.5 8.545066e+03 8.530651e+03 8.561705e+03 8.576119e+03
49.5 8.582027e+03 8.531087e+03 8.560858e+03 8.611798e+03
50.5 8.558506e+03 8.531587e+03 8.561011e+03 8.587930e+03
51.5 8.533151e+03 8.533998e+03 8.568306e+03 8.567460e+03
52.5 8.552639e+03 8.542743e+03 8.587781e+03 8.597677e+03
53.5 8.571754e+03 8.559483e+03 8.611371e+03 8.623642e+03
54.5 8.606940e+03 8.580376e+03 8.625732e+03 8.652296e+03
55.5 8.612619e+03 8.600377e+03 8.625943e+03 8.638185e+03
0.5 8.614550e+03 8.601029e+03 8.564256e+03 8.577778e+03
1.5 8.612083e+03 8.596325e+03 8.549691e+03 8.565450e+03
2.5 8.612155e+03 8.584623e+03 8.525178e+03 8.552710e+03
3.5 8.588442e+03 8.566962e+03 8.498316e+03 8.519796e+03
4.5 8.564879e+03 8.549020e+03 8.482062e+03 8.497921e+03
5.5 8.525046e+03 8.535184e+03 8.481010e+03 8.470872e+03
6.5 8.513033e+03 8.526537e+03 8.491270e+03 8.477766e+03
7.5 8.536112e+03 8.522111e+03 8.506454e+03 8.520455e+03
8.5 8.555225e+03 8.520451e+03 8.521709e+03 8.556483e+03
9.5 8.548261e+03 8.520389e+03 8.534634e+03 8.562506e+03
10.5 8.571900e+03 8.521197e+03 8.544605e+03 8.595309e+03
11.5 8.579391e+03 8.522458e+03 8.551859e+03 8.608793e+03
12.5 8.541210e+03 8.523930e+03 8.556881e+03 8.574162e+03
13.5 8.509418e+03 8.525445e+03 8.560137e+03 8.544111e+03
14.5 8.444955e+03 8.526881e+03 8.562014e+03 8.480088e+03
15.5 8.431524e+03 8.528151e+03 8.562836e+03 8.466209e+03
16.5 8.489596e+03 8.529207e+03 8.562893e+03 8.523282e+03
17.5 8.506544e+03 8.530036e+03 8.562442e+03 8.538950e+03
18.5 8.545066e+03 8.530651e+03 8.561705e+03 8.576119e+03
19.5 8.582027e+03 8.531087e+03 8.560858e+03 8.611798e+03
20.5 8.558506e+03 8.531587e+03 8.561011e+03 8.587930e+03
21.5 8.533151e+03 8.533998e+03 8.568306e+03 8.567460e+03
22.5 8.552639e+03 8.542743e+03 8.587781e+03 8.597677e+03
23.5 8.571754e+03 8.559483e+03 8.611371e+03 8.623642e+03
24.5 8.606940e+03 8.580376e+03 8.625732e+03 8.652296e+03
25.5 8.612619e+03 8.600377e+03 8.625943e+03 8.638185e+03
26.5 8.607606e+03 8.616428e+03 8.615594e+03 8.606772e+03
27.5 8.626989e+03 8.627760e+03 8.600827e+03 8.600056e+03
28.5 8.611563e+03 8.634946e+03 8.586288e+03 8.562905e+03
29.5 8.591927e+03 8.638933e+03 8.574187e+03 8.527182e+03
30.5 8.626766e+03 8.640430e+03 8.564041e+03 8.550376e+03
31.5 8.614859e+03 8.638349e+03 8.549468e+03 8.525978e+03
32.5 8.602294e+03 8.628838e+03 8.524949e+03 8.498405e+03
33.5 8.626804e+03 8.610669e+03 8.498084e+03 8.514219e+03
34.5 8.581143e+03 8.588018e+03 8.481832e+03 8.474957e+03
35.5 8.534824e+03 8.566176e+03 8.480786e+03 8.449435e+03
36.5 8.532464e+03 8.548357e+03 8.491054e+03 8.475161e+03
37.5 8.531030e+03 8.535442e+03 8.506244e+03 8.501831e+03
38.5 8.512200e+03 8.526939e+03 8.521503e+03 8.506764e+03
39.5 8.516503e+03 8.521890e+03 8.534431e+03 8.529044e+03
40.5 8.536656e+03 8.519359e+03 8.544401e+03 8.561698e+03
41.5 8.521294e+03 8.518592e+03 8.551652e+03 8.554354e+03
42.5 8.498485e+03 8.519011e+03 8.556670e+03 8.536144e+03
43.5 8.508975e+03 8.520172e+03 8.559920e+03 8.548723e+03
44.5 8.484002e+03 8.521731e+03 8.561789e+03 8.524060e+03
45.5 8.505033e+03 8.523424e+03 8.562603e+03 8.544213e+03
46.5 8.483266e+03 8.525064e+03 8.562652e+03 8.520853e+03
47.5 8.499854e+03 8.526533e+03 8.562193e+03 8.535514e+03
48.5 8.504286e+03 8.527768e+03 8.561446e+03 8.537964e+03
49.5 8.512181e+03 8.528756e+03 8.560590e+03 8.544015e+03
50.5 8.517273e+03 8.529875e+03 8.560734e+03 8.548132e+03
51.5 8.515055e+03 8.533723e+03 8.568020e+03 8.549352e+03
52.5 8.547588e+03 8.544261e+03 8.587482e+03 8.590809e+03
53.5 8.588607e+03 8.560625e+03 8.611048e+03 8.639030e+03
54.5 8.579552e+03 8.577275e+03 8.625373e+03 8.627650e+03
55.5 8.608065e+03 8.589920e+03 8.625538e+03 8.643683e+03
0.5 8.626766e+03 8.640430e+03 8.564041e+03 8.550376e+03
1.5 8.614859e+03 8.638349e+03 8.549468e+03 8.525978e+03
2.5 8.602294e+03 8.628838e+03 8.524949e+03 8.498405e+03
3.5 8.626804e+03 8.610669e+03 8.498084e+03 8.514219e+03
4.5 8.581143e+03 8.588018e+03 8.481832e+03 8.474957e+03
5.5 8.534824e+03 8.566176e+03 8.480786e+03 8.449435e+03
6.5 8.532464e+03 8.548357e+03 8.491054e+03 8.475161e+03
7.5 8.531030e+03 8.535442e+03 8.506244e+03 8.501831e+03
8.5 8.512200e+03 8.526939e+03 8.521503e+03 8.506764e+03
9.5 8.516503e+03 8.521890e+03 8.534431e+03 8.529044e+03
10.5 8.536656e+03 8.519359e+03 8.544401e+03 8.561698e+03
11.5 8.521294e+03 8.518592e+03 8.551652e+03 8.554354e+03
12.5 8.498485e+03 8.519011e+03 8.556670e+03 8.536144e+03
13.5 8.508975e+03 8.520172e+03 8.559920e+03 8.548723e+03
14.5 8.484002e+03 8.521731e+03 8.561789e+03 8.524060e+03
15.5 8.505033e+03 8.523424e+03 8.562603e+03 8.544213e+03
16.5 8.483266e+03 8.525064e+03 8.562652e+03 8.520853e+03
17.5 8.499854e+03 8.526533e+03 8.562193e+03 8.535514e+03
18.5 8.504286e+03 8.527768e+03 8.561446e+03 8.537964e+03
19.5 8.512181e+03 8.528756e+03 8.560590e+03 8.544015e+03
20.5 8.517273e+03 8.529875e+03 8.560734e+03 8.548132e+03
21.5 8.515055e+03 8.533723e+03 8.568020e+03 8.549352e+03
22.5 8.547588e+03 8.544261e+03 8.587482e+03 8.590809e+03
23.5 8.588607e+03 8.560625e+03 8.611048e+03 8.639030e+03
24.5 8.579552e+03 8.577275e+03 8.625373e+03 8.627650e+03
25.5 8.608065e+03 8.589920e+03 8.625538e+03 8.643683e+03
26.5 8.587451e+03 8.597543e+03 8.615153e+03 8.605061e+03
27.5 8.606617e+03 8.601136e+03 8.600354e+03 8.605834e+03
28.5 8.596705e+03 8.602151e+03 8.585774e+03 8.580328e+03
29.5 8.598323e+03 8.601733e+03 8.573644e+03 8.570234e+03
30.5 8.581306e+03 8.601205e+03 8.564463e+03 8.544565e+03
