0.5 6.697646e+03 6.767326e+03 6.685404e+03 6.615724e+03
1.5 6.697957e+03 6.758200e+03 6.676302e+03 6.616059e+03
2.5 6.650891e+03 6.731342e+03 6.653626e+03 6.573176e+03
3.5 6.718629e+03 6.692290e+03 6.626456e+03 6.652795e+03
4.5 6.679222e+03 6.657190e+03 6.609795e+03 6.631827e+03
5.5 6.626177e+03 6.635855e+03 6.609165e+03 6.599487e+03
6.5 6.655629e+03 6.628268e+03 6.620496e+03 6.647857e+03
7.5 6.637277e+03 6.629710e+03 6.636872e+03 6.644439e+03
8.5 6.644777e+03 6.635414e+03 6.653066e+03 6.662429e+03
9.5 6.648720e+03 6.642331e+03 6.666555e+03 6.672944e+03
10.5 6.634859e+03 6.649026e+03 6.676763e+03 6.662596e+03
11.5 6.634125e+03 6.655007e+03 6.684031e+03 6.663149e+03
12.5 6.636974e+03 6.660168e+03 6.688939e+03 6.665745e+03
13.5 6.701978e+03 6.664502e+03 6.692015e+03 6.729491e+03
14.5 6.677436e+03 6.668016e+03 6.693680e+03 6.703100e+03
15.5 6.686239e+03 6.670736e+03 6.694277e+03 6.709780e+03
16.5 6.711751e+03 6.672725e+03 6.694106e+03 6.733132e+03
17.5 6.711413e+03 6.674087e+03 6.693436e+03 6.730761e+03
18.5 6.708112e+03 6.674953e+03 6.692493e+03 6.725652e+03
19.5 6.711464e+03 6.675457e+03 6.691463e+03 6.727469e+03
20.5 6.692550e+03 6.675671e+03 6.691581e+03 6.708460e+03
21.5 6.702842e+03 6.675141e+03 6.699750e+03 6.727451e+03
22.5 6.654654e+03 6.672241e+03 6.721631e+03 6.704043e+03
23.5 6.662784e+03 6.666014e+03 6.748150e+03 6.744920e+03
24.5 6.693787e+03 6.657647e+03 6.764297e+03 6.800437e+03
25.5 6.642628e+03 6.649138e+03 6.764532e+03 6.758022e+03
26.5 6.657938e+03 6.641933e+03 6.752905e+03 6.768910e+03
27.5 6.631957e+03 6.636593e+03 6.736310e+03 6.731674e+03
28.5 6.627473e+03 6.633055e+03 6.719955e+03 6.714373e+03
29.5 6.602093e+03 6.630985e+03 6.706341e+03 6.677449e+03
30.5 6.637269e+03 6.630057e+03 6.694924e+03 6.702135e+03
31.5 6.630742e+03 6.630496e+03 6.678511e+03 6.678756e+03
32.5 6.652551e+03 6.633757e+03 6.650912e+03 6.669705e+03
33.5 6.655598e+03 6.640648e+03 6.620692e+03 6.635641e+03
34.5 6.667667e+03 6.649855e+03 6.602402e+03 6.620214e+03
35.5 6.688484e+03 6.659277e+03 6.601210e+03 6.630417e+03
36.5 6.662275e+03 6.667390e+03 6.612740e+03 6.607625e+03
37.5 6.650776e+03 6.673581e+03 6.629807e+03 6.607001e+03
38.5 6.689635e+03 6.677879e+03 6.646955e+03 6.658711e+03
39.5 6.660086e+03 6.680604e+03 6.661483e+03 6.640965e+03
40.5 6.669011e+03 6.682135e+03 6.672690e+03 6.659565e+03
41.5 6.694431e+03 6.682805e+03 6.680841e+03 6.692467e+03
42.5 6.657101e+03 6.682878e+03 6.686483e+03 6.660706e+03
43.5 6.647664e+03 6.682564e+03 6.690139e+03 6.655239e+03
44.5 6.696278e+03 6.682024e+03 6.692244e+03 6.706498e+03
45.5 6.685370e+03 6.681383e+03 6.693164e+03 6.697151e+03
46.5 6.658737e+03 6.680733e+03 6.693224e+03 6.671228e+03
47.5 6.673341e+03 6.680135e+03 6.692714e+03 6.685920e+03
48.5 6.663992e+03 6.679623e+03 6.691882e+03 6.676251e+03
49.5 6.641605e+03 6.679211e+03 6.690927e+03 6.653321e+03
50.5 6.714405e+03 6.678901e+03 6.691098e+03 6.726602e+03
51.5 6.677791e+03 6.679040e+03 6.699301e+03 6.698052e+03
52.5 6.659288e+03 6.681722e+03 6.721201e+03 6.698767e+03
53.5 6.675556e+03 6.688990e+03 6.747730e+03 6.734296e+03
54.5 6.698606e+03 6.700117e+03 6.763880e+03 6.762369e+03
55.5 6.701608e+03 6.712552e+03 6.764119e+03 6.753175e+03
0.5 6.637269e+03 6.630057e+03 6.694924e+03 6.702135e+03
1.5 6.630742e+03 6.630496e+03 6.678511e+03 6.678756e+03
2.5 6.652551e+03 6.633757e+03 6.650912e+03 6.669705e+03
3.5 6.655598e+03 6.640648e+03 6.620692e+03 6.635641e+03
4.5 6.667667e+03 6.649855e+03 6.602402e+03 6.620214e+03
5.5 6.688484e+03 6.659277e+03 6.601210e+03 6.630417e+03
6.5 6.662275e+03 6.667390e+03 6.612740e+03 6.607625e+03
7.5 6.650776e+03 6.673581e+03 6.629807e+03 6.607001e+03
8.5 6.689635e+03 6.677879e+03 6.646955e+03 6.658711e+03
9.5 6.660086e+03 6.680604e+03 6.661483e+03 6.640965e+03
10.5 6.669011e+03 6.682135e+03 6.672690e+03 6.659565e+03
11.5 6.694431e+03 6.682805e+03 6.680841e+03 6.692467e+03
12.5 6.657101e+03 6.682878e+03 6.686483e+03 6.660706e+03
13.5 6.647664e+03 6.682564e+03 6.690139e+03 6.655239e+03
14.5 6.696278e+03 6.682024e+03 6.692244e+03 6.706498e+03
15.5 6.685370e+03 6.681383e+03 6.693164e+03 6.697151e+03
16.5 6.658737e+03 6.680733e+03 6.693224e+03 6.671228e+03
17.5 6.673341e+03 6.680135e+03 6.692714e+03 6.685920e+03
18.5 6.663992e+03 6.679623e+03 6.691882e+03 6.676251e+03
19.5 6.641605e+03 6.679211e+03 6.690927e+03 6.653321e+03
20.5 6.714405e+03 6.678901e+03 6.691098e+03 6.726602e+03
21.5 6.677791e+03 6.679040e+03 6.699301e+03 6.698052e+03
22.5 6.659288e+03 6.681722e+03 6.721201e+03 6.698767e+03
23.5 6.675556e+03 6.688990e+03 6.747730e+03 6.734296e+03
24.5 6.698606e+03 6.700117e+03 6.763880e+03 6.762369e+03
25.5 6.701608e+03 6.712552e+03 6.764119e+03 6.753175e+03
26.5 6.716022e+03 6.723911e+03 6.752497e+03 6.744608e+03
27.5 6.740240e+03 6.732914e+03 6.735909e+03 6.743235e+03
28.5 6.729054e+03 6.739300e+03 6.719563e+03 6.709316e+03
29.5 6.779647e+03 6.743383e+03 6.705960e+03 6.742224e+03
30.5 6.725611e+03 6.745664e+03 6.694555e+03 6.674502e+03
31.5 6.735249e+03 6.746276e+03 6.678173e+03 6.667146e+03
32.5 6.717329e+03 6.743510e+03 6.650603e+03 6.624423e+03
33.5 6.711495e+03 6.735622e+03 6.620392e+03 6.596266e+03
34.5 6.679551e+03 6.723567e+03 6.602111e+03 6.558095e+03
35.5 6.682210e+03 6.710071e+03 6.600928e+03 6.573067e+03
36.5 6.664237e+03 6.697646e+03 6.612465e+03 6.579056e+03
37.5 6.656836e+03 6.687661e+03 6.629540e+03 6.598716e+03
38.5 6.673664e+03 6.680429e+03 6.646696e+03 6.639931e+03
39.5 6.630871e+03 6.675660e+03 6.661232e+03 6.616444e+03
40.5 6.665601e+03 6.672847e+03 6.672446e+03 6.665200e+03
41.5 6.704132e+03 6.671487e+03 6.680605e+03 6.713249e+03
42.5 6.654306e+03 6.671158e+03 6.686253e+03 6.669401e+03
43.5 6.627891e+03 6.671522e+03 6.689916e+03 6.646285e+03
44.5 6.654992e+03 6.672313e+03 6.692028e+03 6.674707e+03
45.5 6.619314e+03 6.673325e+03 6.692954e+03 6.638943e+03
46.5 6.636676e+03 6.674405e+03 6.693020e+03 6.655292e+03
47.5 6.659864e+03 6.675443e+03 6.692516e+03 6.676936e+03
48.5 6.646792e+03 6.676375e+03 6.691689e+03 6.662105e+03
49.5 6.686737e+03 6.677168e+03 6.690740e+03 6.700309e+03
50.5 6.676916e+03 6.677820e+03 6.690915e+03 6.690011e+03
51.5 6.667830e+03 6.678696e+03 6.699123e+03 6.688257e+03
52.5 6.695400e+03 6.681926e+03 6.721029e+03 6.734503e+03
53.5 6.728798e+03 6.689590e+03 6.747562e+03 6.786770e+03
54.5 6.667408e+03 6.700997e+03 6.763717e+03 6.730129e+03
55.5 6.718074e+03 6.713627e+03 6.763960e+03 6.768407e+03
0.5 6.725611e+03 6.745664e+03 6.694555e+03 6.674502e+03
1.5 6.735249e+03 6.746276e+03 6.678173e+03 6.667146e+03
2.5 6.717329e+03 6.743510e+03 6.650603e+03 6.624423e+03
3.5 6.711495e+03 6.735622e+03 6.620392e+03 6.596266e+03
4.5 6.679551e+03 6.723567e+03 6.602111e+03 6.558095e+03
5.5 6.682210e+03 6.710071e+03 6.600928e+03 6.573067e+03
6.5 6.664237e+03 6.697646e+03 6.612465e+03 6.579056e+03
7.5 6.656836e+03 6.687661e+03 6.629540e+03 6.598716e+03
8.5 6.673664e+03 6.680429e+03 6.646696e+03 6.639931e+03
9.5 6.630871e+03 6.675660e+03 6.661232e+03 6.616444e+03
10.5 6.665601e+03 6.672847e+03 6.672446e+03 6.665200e+03
11.5 6.704132e+03 6.671487e+03 6.680605e+03 6.713249e+03
12.5 6.654306e+03 6.671158e+03 6.686253e+03 6.669401e+03
13.5 6.627891e+03 6.671522e+03 6.689916e+03 6.646285e+03
14.5 6.654992e+03 6.672313e+03 6.692028e+03 6.674707e+03
15.5 6.619314e+03 6.673325e+03 6.692954e+03 6.638943e+03
16.5 6.636676e+03 6.674405e+03 6.693020e+03 6.655292e+03
17.5 6.659864e+03 6.675443e+03 6.692516e+03 6.676936e+03
18.5 6.646792e+03 6.676375e+03 6.691689e+03 6.662105e+03
19.5 6.686737e+03 6.677168e+03 6.690740e+03 6.700309e+03
20.5 6.676916e+03 6.677820e+03 6.690915e+03 6.690011e+03
21.5 6.667830e+03 6.678696e+03 6.699123e+03 6.688257e+03
22.5 6.695400e+03 6.681926e+03 6.721029e+03 6.734503e+03
23.5 6.728798e+03 6.689590e+03 6.747562e+03 6.786770e+03
24.5 6.667408e+03 6.700997e+03 6.763717e+03 6.730129e+03
25.5 6.718074e+03 6.713627e+03 6.763960e+03 6.768407e+03
26.5 6.690118e+03 6.725122e+03 6.752343e+03 6.717339e+03
27.5 6.703098e+03 6.734221e+03 6.735759e+03 6.704636e+03
28.5 6.750467e+03 6.740676e+03 6.719416e+03 6.729207e+03
29.5 6.767551e+03 6.744811e+03 6.705817e+03 6.728556e+03
30.5 6.727052e+03 6.747134e+03 6.694415e+03 6.674333e+03
31.5 6.781768e+03 6.747782e+03 6.678036e+03 6.712022e+03
32.5 6.743820e+03 6.745048e+03 6.650470e+03 6.649242e+03
33.5 6.731943e+03 6.737191e+03 6.620262e+03 6.615014e+03
34.5 6.786359e+03 6.725167e+03 6.601984e+03 6.663175e+03
35.5 6.774594e+03 6.711703e+03 6.600803e+03 6.663694e+03
36.5 6.722211e+03 6.699309e+03 6.612343e+03 6.635245e+03
37.5 6.751479e+03 6.689356e+03 6.629420e+03 6.691543e+03
38.5 6.728488e+03 6.682157e+03 6.646578e+03 6.692910e+03
39.5 6.746159e+03 6.677420e+03 6.661116e+03 6.729855e+03
40.5 6.729420e+03 6.674641e+03 6.672332e+03 6.727111e+03
41.5 6.686458e+03 6.673317e+03 6.680492e+03 6.693633e+03
42.5 6.643432e+03 6.673023e+03 6.686143e+03 6.656552e+03
43.5 6.683676e+03 6.673422e+03 6.689807e+03 6.700061e+03
44.5 6.659396e+03 6.674249e+03 6.691920e+03 6.677067e+03
45.5 6.696508e+03 6.675298e+03 6.692847e+03 6.714058e+03
46.5 6.711112e+03 6.676414e+03 6.692915e+03 6.727613e+03
47.5 6.712361e+03 6.677490e+03 6.692411e+03 6.727283e+03
48.5 6.663523e+03 6.678459e+03 6.691585e+03 6.676649e+03
49.5 6.688772e+03 6.679289e+03 6.690637e+03 6.700119e+03
50.5 6.654166e+03 6.679921e+03 6.690813e+03 6.665057e+03
51.5 6.681729e+03 6.679813e+03 6.699021e+03 6.700937e+03
52.5 6.666838e+03 6.677288e+03 6.720927e+03 6.710477e+03
53.5 6.661846e+03 6.671366e+03 6.747460e+03 6.737940e+03
54.5 6.650714e+03 6.663230e+03 6.763615e+03 6.751099e+03
55.5 6.657209e+03 6.654886e+03 6.763858e+03 6.766182e+03
0.5 6.727052e+03 6.747134e+03 6.694415e+03 6.674333e+03
1.5 6.781768e+03 6.747782e+03 6.678036e+03 6.712022e+03
2.5 6.743820e+03 6.745048e+03 6.650470e+03 6.649242e+03
3.5 6.731943e+03 6.737191e+03 6.620262e+03 6.615014e+03
4.5 6.786359e+03 6.725167e+03 6.601984e+03 6.663175e+03
5.5 6.774594e+03 6.711703e+03 6.600803e+03 6.663694e+03
6.5 6.722211e+03 6.699309e+03 6.612343e+03 6.635245e+03
7.5 6.751479e+03 6.689356e+03 6.629420e+03 6.691543e+03
8.5 6.728488e+03 6.682157e+03 6.646578e+03 6.692910e+03
9.5 6.746159e+03 6.677420e+03 6.661116e+03 6.729855e+03
10.5 6.729420e+03 6.674641e+03 6.672332e+03 6.727111e+03
11.5 6.686458e+03 6.673317e+03 6.680492e+03 6.693633e+03
12.5 6.643432e+03 6.673023e+03 6.686143e+03 6.656552e+03
13.5 6.683676e+03 6.673422e+03 6.689807e+03 6.700061e+03
14.5 6.659396e+03 6.674249e+03 6.691920e+03 6.677067e+03
15.5 6.696508e+03 6.675298e+03 6.692847e+03 6.714058e+03
16.5 6.711112e+03 6.676414e+03 6.692915e+03 6.727613e+03
17.5 6.712361e+03 6.677490e+03 6.692411e+03 6.727283e+03
18.5 6.663523e+03 6.678459e+03 6.691585e+03 6.676649e+03
19.5 6.688772e+03 6.679289e+03 6.690637e+03 6.700119e+03
20.5 6.654166e+03 6.679921e+03 6.690813e+03 6.665057e+03
21.5 6.681729e+03 6.679813e+03 6.699021e+03 6.700937e+03
22.5 6.666838e+03 6.677288e+03 6.720927e+03 6.710477e+03
23.5 6.661846e+03 6.671366e+03 6.747460e+03 6.737940e+03
24.5 6.650714e+03 6.663230e+03 6.763615e+03 6.751099e+03
25.5 6.657209e+03 6.654886e+03 6.763858e+03 6.766182e+03
26.5 6.675602e+03 6.647792e+03 6.752240e+03 6.780050e+03
27.5 6.662039e+03 6.642522e+03 6.735655e+03 6.755172e+03
28.5 6.640542e+03 6.639026e+03 6.719312e+03 6.720828e+03
29.5 6.639226e+03 6.636979e+03 6.705712e+03 6.707959e+03
30.5 6.655405e+03 6.636064e+03 6.694309e+03 6.713650e+03
31.5 6.634961e+03 6.636515e+03 6.677930e+03 6.676375e+03
32.5 6.658903e+03 6.639782e+03 6.650362e+03 6.669483e+03
33.5 6.602611e+03 6.646676e+03 6.620153e+03 6.576087e+03
34.5 6.656123e+03 6.655889e+03 6.601873e+03 6.602107e+03
35.5 6.641181e+03 6.665322e+03 6.600691e+03 6.576550e+03
36.5 6.657248e+03 6.673452e+03 6.612229e+03 6.596025e+03
37.5 6.686285e+03 6.679664e+03 6.629305e+03 6.635926e+03
38.5 6.704738e+03 6.683987e+03 6.646461e+03 6.667212e+03
39.5 6.687596e+03 6.686744e+03 6.660997e+03 6.661849e+03
40.5 6.702682e+03 6.688312e+03 6.672210e+03 6.686581e+03
41.5 6.715865e+03 6.689022e+03 6.680368e+03 6.707211e+03
42.5 6.684010e+03 6.689142e+03 6.686016e+03 6.680883e+03
43.5 6.649753e+03 6.688879e+03 6.689678e+03 6.650552e+03
44.5 6.616503e+03 6.688394e+03 6.691787e+03 6.619896e+03
45.5 6.634013e+03 6.687813e+03 6.692712e+03 6.638912e+03
46.5 6.691050e+03 6.687227e+03 6.692776e+03 6.696599e+03
47.5 6.690289e+03 6.686697e+03 6.692269e+03 6.695862e+03
48.5 6.736908e+03 6.686257e+03 6.691440e+03 6.742091e+03
49.5 6.762196e+03 6.685920e+03 6.690488e+03 6.766764e+03
50.5 6.696344e+03 6.685689e+03 6.690660e+03 6.701314e+03
51.5 6.680479e+03 6.685910e+03 6.698864e+03 6.693433e+03
52.5 6.715119e+03 6.688679e+03 6.720766e+03 6.747206e+03
53.5 6.696817e+03 6.696036e+03 6.747295e+03 6.748075e+03
54.5 6.754194e+03 6.707256e+03 6.763445e+03 6.810383e+03
55.5 6.743515e+03 6.719786e+03 6.763683e+03 6.787412e+03
0.5 6.655405e+03 6.636064e+03 6.694309e+03 6.713650e+03
1.5 6.634961e+03 6.636515e+03 6.677930e+03 6.676375e+03
2.5 6.658903e+03 6.639782e+03 6.650362e+03 6.669483e+03
3.5 6.602611e+03 6.646676e+03 6.620153e+03 6.576087e+03
4.5 6.656123e+03 6.655889e+03 6.601873e+03 6.602107e+03
5.5 6.641181e+03 6.665322e+03 6.600691e+03 6.576550e+03
6.5 6.657248e+03 6.673452e+03 6.612229e+03 6.596025e+03
7.5 6.686285e+03 6.679664e+03 6.629305e+03 6.635926e+03
8.5 6.704738e+03 6.683987e+03 6.646461e+03 6.667212e+03
9.5 6.687596e+03 6.686744e+03 6.660997e+03 6.661849e+03
10.5 6.702682e+03 6.688312e+03 6.672210e+03 6.686581e+03
11.5 6.715865e+03 6.689022e+03 6.680368e+03 6.707211e+03
12.5 6.684010e+03 6.689142e+03 6.686016e+03 6.680883e+03
13.5 6.649753e+03 6.688879e+03 6.689678e+03 6.650552e+03
14.5 6.616503e+03 6.688394e+03 6.691787e+03 6.619896e+03
15.5 6.634013e+03 6.687813e+03 6.692712e+03 6.638912e+03
16.5 6.691050e+03 6.687227e+03 6.692776e+03 6.696599e+03
17.5 6.690289e+03 6.686697e+03 6.692269e+03 6.695862e+03
18.5 6.736908e+03 6.686257e+03 6.691440e+03 6.742091e+03
19.5 6.762196e+03 6.685920e+03 6.690488e+03 6.766764e+03
20.5 6.696344e+03 6.685689e+03 6.690660e+03 6.701314e+03
21.5 6.680479e+03 6.685910e+03 6.698864e+03 6.693433e+03
22.5 6.715119e+03 6.688679e+03 6.720766e+03 6.747206e+03
23.5 6.696817e+03 6.696036e+03 6.747295e+03 6.748075e+03
24.5 6.754194e+03 6.707256e+03 6.763445e+03 6.810383e+03
25.5 6.743515e+03 6.719786e+03 6.763683e+03 6.787412e+03
26.5 6.744368e+03 6.731222e+03 6.752045e+03 6.765191e+03
27.5 6.744920e+03 6.740293e+03 6.735438e+03 6.740064e+03
28.5 6.737078e+03 6.746770e+03 6.719086e+03 6.709394e+03
29.5 6.737014e+03 6.750946e+03 6.705478e+03 6.691546e+03
30.5 6.775171e+03 6.753323e+03 6.694067e+03 6.715915e+03
31.5 6.750417e+03 6.754032e+03 6.677679e+03 6.674063e+03
32.5 6.760814e+03 6.751368e+03 6.650104e+03 6.659550e+03
33.5 6.754879e+03 6.743589e+03 6.619892e+03 6.631183e+03
34.5 6.707425e+03 6.731653e+03 6.601615e+03 6.577387e+03
35.5 6.691358e+03 6.718286e+03 6.600439e+03 6.573511e+03
36.5 6.659005e+03 6.706000e+03 6.611986e+03 6.564991e+03
37.5 6.691120e+03 6.696159e+03 6.629069e+03 6.624029e+03
38.5 6.690541e+03 6.689077e+03 6.646230e+03 6.647694e+03
39.5 6.708815e+03 6.684460e+03 6.660768e+03 6.685123e+03
40.5 6.691999e+03 6.681803e+03 6.671980e+03 6.682177e+03
41.5 6.654767e+03 6.680602e+03 6.680135e+03 6.654299e+03
42.5 6.695308e+03 6.680435e+03 6.685778e+03 6.700651e+03
43.5 6.652194e+03 6.680963e+03 6.689433e+03 6.660665e+03
44.5 6.624077e+03 6.681921e+03 6.691535e+03 6.633691e+03
45.5 6.698846e+03 6.683104e+03 6.692451e+03 6.708192e+03
46.5 6.667458e+03 6.684358e+03 6.692505e+03 6.675605e+03
47.5 6.686424e+03 6.685576e+03 6.691989e+03 6.692837e+03
48.5 6.672584e+03 6.686690e+03 6.691149e+03 6.677043e+03
49.5 6.680927e+03 6.687670e+03 6.690187e+03 6.683444e+03
50.5 6.681684e+03 6.688456e+03 6.690349e+03 6.683577e+03
51.5 6.663199e+03 6.688508e+03 6.698542e+03 6.673233e+03
52.5 6.702637e+03 6.686148e+03 6.720429e+03 6.736919e+03
53.5 6.693840e+03 6.680398e+03 6.746932e+03 6.760374e+03
54.5 6.688349e+03 6.672443e+03 6.763041e+03 6.778948e+03
55.5 6.652958e+03 6.664290e+03 6.763227e+03 6.751895e+03
0.5 6.775171e+03 6.753323e+03 6.694067e+03 6.715915e+03
1.5 6.750417e+03 6.754032e+03 6.677679e+03 6.674063e+03
2.5 6.760814e+03 6.751368e+03 6.650104e+03 6.659550e+03
3.5 6.754879e+03 6.743589e+03 6.619892e+03 6.631183e+03
4.5 6.707425e+03 6.731653e+03 6.601615e+03 6.577387e+03
5.5 6.691358e+03 6.718286e+03 6.600439e+03 6.573511e+03
6.5 6.659005e+03 6.706000e+03 6.611986e+03 6.564991e+03
7.5 6.691120e+03 6.696159e+03 6.629069e+03 6.624029e+03
8.5 6.690541e+03 6.689077e+03 6.646230e+03 6.647694e+03
9.5 6.708815e+03 6.684460e+03 6.660768e+03 6.685123e+03
10.5 6.691999e+03 6.681803e+03 6.671980e+03 6.682177e+03
11.5 6.654767e+03 6.680602e+03 6.680135e+03 6.654299e+03
12.5 6.695308e+03 6.680435e+03 6.685778e+03 6.700651e+03
13.5 6.652194e+03 6.680963e+03 6.689433e+03 6.660665e+03
14.5 6.624077e+03 6.681921e+03 6.691535e+03 6.633691e+03
15.5 6.698846e+03 6.683104e+03 6.692451e+03 6.708192e+03
16.5 6.667458e+03 6.684358e+03 6.692505e+03 6.675605e+03
17.5 6.686424e+03 6.685576e+03 6.691989e+03 6.692837e+03
18.5 6.672584e+03 6.686690e+03 6.691149e+03 6.677043e+03
19.5 6.680927e+03 6.687670e+03 6.690187e+03 6.683444e+03
20.5 6.681684e+03 6.688456e+03 6.690349e+03 6.683577e+03
21.5 6.663199e+03 6.688508e+03 6.698542e+03 6.673233e+03
22.5 6.702637e+03 6.686148e+03 6.720429e+03 6.736919e+03
23.5 6.693840e+03 6.680398e+03 6.746932e+03 6.760374e+03
24.5 6.688349e+03 6.672443e+03 6.763041e+03 6.778948e+03
25.5 6.652958e+03 6.664290e+03 6.763227e+03 6.751895e+03
26.5 6.597384e+03 6.657400e+03 6.751548e+03 6.691533e+03
27.5 6.640340e+03 6.652344e+03 6.734905e+03 6.722901e+03
28.5 6.644037e+03 6.649073e+03 6.718509e+03 6.713473e+03
29.5 6.625004e+03 6.647266e+03 6.704867e+03 6.682605e+03
30.5 6.656067e+03 6.647716e+03 6.694543e+03 6.702893e+03
