0.5 8.963346e+03 8.838316e+03 8.888966e+03 9.013996e+03
1.5 8.966578e+03 8.837902e+03 8.869738e+03 8.998415e+03
2.5 9.046197e+03 8.827521e+03 8.821714e+03 9.040391e+03
3.5 8.941987e+03 8.803407e+03 8.764032e+03 8.902613e+03
4.5 8.833053e+03 8.770375e+03 8.728458e+03 8.791136e+03
5.5 8.904471e+03 8.736520e+03 8.726762e+03 8.894713e+03
6.5 8.936938e+03 8.707722e+03 8.750404e+03 8.979620e+03
7.5 8.696648e+03 8.686293e+03 8.784793e+03 8.795149e+03
8.5 8.497294e+03 8.672031e+03 8.818875e+03 8.644138e+03
9.5 8.925972e+03 8.663628e+03 8.847312e+03 9.109656e+03
10.5 8.856116e+03 8.659794e+03 8.871217e+03 9.067540e+03
11.5 8.853952e+03 8.661431e+03 8.905754e+03 9.098275e+03
12.5 8.900004e+03 8.674336e+03 8.964121e+03 9.189788e+03
13.5 8.859357e+03 8.701785e+03 9.028286e+03 9.185859e+03
14.5 8.663875e+03 8.738563e+03 9.067368e+03 8.992680e+03
15.5 8.667914e+03 8.776249e+03 9.070319e+03 8.961984e+03
16.5 8.665369e+03 8.808709e+03 9.046306e+03 8.902966e+03
17.5 8.608291e+03 8.833456e+03 9.010485e+03 8.785320e+03
18.5 8.584535e+03 8.850595e+03 8.974390e+03 8.708330e+03
19.5 8.513914e+03 8.861403e+03 8.943748e+03 8.596259e+03
20.5 8.666509e+03 8.867396e+03 8.920065e+03 8.719177e+03
21.5 9.117548e+03 8.869910e+03 8.902795e+03 9.150433e+03
22.5 8.814381e+03 8.870013e+03 8.890798e+03 8.835166e+03
23.5 8.930337e+03 8.868540e+03 8.882979e+03 8.944776e+03
24.5 9.186098e+03 8.866145e+03 8.878429e+03 9.198382e+03
25.5 9.075809e+03 8.863329e+03 8.876380e+03 9.088859e+03
26.5 8.892835e+03 8.860460e+03 8.876150e+03 8.908524e+03
27.5 8.862984e+03 8.857784e+03 8.877129e+03 8.882330e+03
28.5 9.154146e+03 8.855437e+03 8.878796e+03 9.177506e+03
29.5 8.847843e+03 8.853474e+03 8.880728e+03 8.875097e+03
30.5 9.033989e+03 8.851681e+03 8.880287e+03 9.062595e+03
31.5 8.811519e+03 8.847824e+03 8.862835e+03 8.826529e+03
32.5 8.973437e+03 8.835040e+03 8.816301e+03 8.954697e+03
33.5 8.860361e+03 8.809220e+03 8.759805e+03 8.810947e+03
34.5 8.751170e+03 8.774924e+03 8.725135e+03 8.701381e+03
35.5 8.727744e+03 8.740067e+03 8.724100e+03 8.711776e+03
36.5 8.557552e+03 8.710418e+03 8.748213e+03 8.595347e+03
37.5 8.363794e+03 8.688223e+03 8.782930e+03 8.458501e+03
38.5 8.498669e+03 8.673240e+03 8.817238e+03 8.642666e+03
39.5 8.633313e+03 8.664135e+03 8.845828e+03 8.815006e+03
40.5 8.444690e+03 8.659605e+03 8.869835e+03 8.654920e+03
41.5 8.714988e+03 8.660551e+03 8.904442e+03 8.958880e+03
42.5 8.735836e+03 8.672766e+03 8.962859e+03 9.025929e+03
43.5 8.650681e+03 8.699525e+03 9.027061e+03 8.978217e+03
44.5 8.942498e+03 8.735615e+03 9.066172e+03 9.273055e+03
45.5 8.843941e+03 8.772619e+03 9.069148e+03 9.140471e+03
0.5 9.033989e+03 8.851681e+03 8.880287e+03 9.062595e+03
1.5 8.811519e+03 8.847824e+03 8.862835e+03 8.826529e+03
2.5 8.973437e+03 8.835040e+03 8.816301e+03 8.954697e+03
3.5 8.860361e+03 8.809220e+03 8.759805e+03 8.810947e+03
4.5 8.751170e+03 8.774924e+03 8.725135e+03 8.701381e+03
5.5 8.727744e+03 8.740067e+03 8.724100e+03 8.711776e+03
6.5 8.557552e+03 8.710418e+03 8.748213e+03 8.595347e+03
7.5 8.363794e+03 8.688223e+03 8.782930e+03 8.458501e+03
8.5 8.498669e+03 8.673240e+03 8.817238e+03 8.642666e+03
9.5 8.633313e+03 8.664135e+03 8.845828e+03 8.815006e+03
10.5 8.444690e+03 8.659605e+03 8.869835e+03 8.654920e+03
11.5 8.714988e+03 8.660551e+03 8.904442e+03 8.958880e+03
12.5 8.735836e+03 8.672766e+03 8.962859e+03 9.025929e+03
13.5 8.650681e+03 8.699525e+03 9.027061e+03 8.978217e+03
14.5 8.942498e+03 8.735615e+03 9.066172e+03 9.273055e+03
15.5 8.843941e+03 8.772619e+03 9.069148e+03 9.140471e+03
16.5 8.737314e+03 8.804403e+03 9.045158e+03 8.978070e+03
17.5 8.795004e+03 8.828474e+03 9.009357e+03 8.975887e+03
18.5 8.668455e+03 8.844938e+03 8.973280e+03 8.796797e+03
19.5 8.961584e+03 8.855077e+03 8.942657e+03 9.049164e+03
20.5 8.897841e+03 8.860405e+03 8.918992e+03 8.956428e+03
21.5 9.066284e+03 8.862259e+03 8.901740e+03 9.105765e+03
22.5 8.985842e+03 8.861708e+03 8.889762e+03 9.013895e+03
23.5 8.935804e+03 8.859588e+03 8.881962e+03 8.958178e+03
24.5 8.960420e+03 8.856551e+03 8.877431e+03 8.981300e+03
25.5 9.169129e+03 8.853099e+03 8.875401e+03 9.191430e+03
26.5 8.893282e+03 8.849601e+03 8.875190e+03 8.918871e+03
27.5 9.096713e+03 8.846301e+03 8.876188e+03 9.126601e+03
28.5 9.028646e+03 8.843337e+03 8.877874e+03 9.063183e+03
29.5 8.980924e+03 8.840781e+03 8.879835e+03 9.019977e+03
30.5 9.001281e+03 8.843120e+03 8.881777e+03 9.039938e+03
31.5 9.057267e+03 8.881605e+03 8.883521e+03 9.059183e+03
32.5 9.302456e+03 9.001875e+03 8.884981e+03 9.185562e+03
33.5 9.312891e+03 9.189973e+03 8.886135e+03 9.009053e+03
34.5 9.437630e+03 9.377863e+03 8.887007e+03 8.946774e+03
35.5 9.369249e+03 9.515532e+03 8.887638e+03 8.741355e+03
36.5 9.651797e+03 9.593287e+03 8.888077e+03 8.946587e+03
37.5 9.382812e+03 9.624902e+03 8.888375e+03 8.646284e+03
38.5 9.304463e+03 9.628523e+03 8.888569e+03 8.564508e+03
39.5 9.601473e+03 9.617714e+03 8.888690e+03 8.872448e+03
40.5 9.642962e+03 9.595843e+03 8.888761e+03 8.935880e+03
41.5 9.492735e+03 9.535606e+03 8.888801e+03 8.845930e+03
42.5 9.638515e+03 9.393381e+03 8.888819e+03 9.133953e+03
43.5 9.375864e+03 9.184377e+03 8.888825e+03 9.080313e+03
44.5 9.141409e+03 8.977541e+03 8.888823e+03 9.052691e+03
45.5 8.960230e+03 8.823498e+03 8.888818e+03 9.025550e+03
0.5 8.895464e+03 8.802281e+03 8.886269e+03 8.979452e+03
1.5 8.647522e+03 8.800016e+03 8.867079e+03 8.714586e+03
2.5 8.615611e+03 8.787779e+03 8.819093e+03 8.646926e+03
3.5 8.414531e+03 8.761804e+03 8.761449e+03 8.414176e+03
4.5 8.615879e+03 8.726906e+03 8.725913e+03 8.614885e+03
5.5 8.671994e+03 8.691178e+03 8.724253e+03 8.705069e+03
6.5 8.653720e+03 8.660454e+03 8.747918e+03 8.741183e+03
7.5 8.527065e+03 8.637082e+03 8.782327e+03 8.672311e+03
8.5 8.499162e+03 8.620910e+03 8.816441e+03 8.694694e+03
9.5 8.506408e+03 8.610587e+03 8.844911e+03 8.740733e+03
10.5 8.501279e+03 8.604821e+03 8.868847e+03 8.765305e+03
11.5 8.616235e+03 8.604516e+03 8.903414e+03 8.915133e+03
12.5 8.821254e+03 8.615469e+03 8.961811e+03 9.167595e+03
13.5 8.667146e+03 8.640960e+03 9.026005e+03 9.052192e+03
14.5 8.796692e+03 8.675774e+03 9.065115e+03 9.186033e+03
15.5 8.815848e+03 8.711488e+03 9.068092e+03 9.172452e+03
16.5 8.494642e+03 8.741960e+03 9.044105e+03 8.796786e+03
17.5 8.532188e+03 8.764699e+03 9.008308e+03 8.775798e+03
18.5 8.951273e+03 8.779802e+03 8.972237e+03 9.143708e+03
19.5 8.924207e+03 8.788547e+03 8.941618e+03 9.077277e+03
20.5 8.890523e+03 8.792447e+03 8.917955e+03 9.016031e+03
21.5 8.708526e+03 8.792837e+03 8.900704e+03 8.816393e+03
22.5 8.919362e+03 8.790785e+03 8.888725e+03 9.017302e+03
23.5 8.746343e+03 8.787124e+03 8.880923e+03 8.840141e+03
24.5 8.492780e+03 8.782508e+03 8.876387e+03 8.586660e+03
25.5 8.712613e+03 8.777436e+03 8.874351e+03 8.809528e+03
26.5 8.689952e+03 8.772275e+03 8.874133e+03 8.791810e+03
27.5 8.845740e+03 8.767267e+03 8.875122e+03 8.953596e+03
28.5 8.734379e+03 8.762549e+03 8.876797e+03 8.848627e+03
29.5 8.789116e+03 8.758191e+03 8.878745e+03 8.909669e+03
30.5 8.896750e+03 8.758678e+03 8.880672e+03 9.018744e+03
31.5 8.724603e+03 8.795254e+03 8.882400e+03 8.811748e+03
32.5 9.068689e+03 8.913543e+03 8.883841e+03 9.038987e+03
33.5 9.055654e+03 9.099543e+03 8.884975e+03 8.841087e+03
34.5 9.392978e+03 9.285174e+03 8.885825e+03 8.993628e+03
35.5 9.386281e+03 9.420411e+03 8.886431e+03 8.852300e+03
36.5 9.419810e+03 9.495577e+03 8.886844e+03 8.811077e+03
37.5 9.386106e+03 9.524467e+03 8.887113e+03 8.748752e+03
38.5 9.557233e+03 9.525250e+03 8.887277e+03 8.919261e+03
39.5 9.154147e+03 9.511510e+03 8.887366e+03 8.530003e+03
40.5 9.366132e+03 9.488764e+03 8.887403e+03 8.764771e+03
