0.5 9.845658e+03 9.871469e+03 9.967102e+03 9.941291e+03
1.5 9.921354e+03 9.878314e+03 9.966653e+03 1.000969e+04
2.5 9.894297e+03 9.904474e+03 9.961010e+03 9.950833e+03
3.5 9.913553e+03 9.954757e+03 9.945753e+03 9.904549e+03
4.5 1.011670e+04 1.001744e+04 9.922317e+03 1.002158e+04
5.5 1.014115e+04 1.007732e+04 9.896077e+03 9.959906e+03
6.5 1.022269e+04 1.012535e+04 9.872102e+03 9.969439e+03
7.5 1.025119e+04 1.015928e+04 9.853136e+03 9.945038e+03
8.5 1.053503e+04 1.018080e+04 9.839750e+03 1.019399e+04
9.5 1.035886e+04 1.019280e+04 9.831282e+03 9.997337e+03
10.5 1.028538e+04 1.019741e+04 9.826659e+03 9.914635e+03
11.5 1.038069e+04 1.019125e+04 9.825558e+03 1.001500e+04
12.5 1.012468e+04 1.016273e+04 9.831581e+03 9.793529e+03
13.5 1.014740e+04 1.010827e+04 9.848478e+03 9.887607e+03
14.5 9.904646e+03 1.004056e+04 9.874293e+03 9.738385e+03
15.5 9.784402e+03 9.975462e+03 9.903256e+03 9.712196e+03
16.5 9.849499e+03 9.922554e+03 9.929999e+03 9.856945e+03
17.5 9.779368e+03 9.884372e+03 9.951575e+03 9.846572e+03
18.5 9.863660e+03 9.859377e+03 9.967289e+03 9.971573e+03
19.5 9.777756e+03 9.844673e+03 9.977748e+03 9.910831e+03
20.5 9.890052e+03 9.837457e+03 9.984022e+03 1.003662e+04
21.5 9.981532e+03 9.835477e+03 9.987183e+03 1.013324e+04
22.5 9.874586e+03 9.837013e+03 9.988135e+03 1.002571e+04
23.5 9.992323e+03 9.840746e+03 9.987598e+03 1.013917e+04
24.5 1.002194e+04 9.845652e+03 9.986139e+03 1.016243e+04
25.5 9.883593e+03 9.850949e+03 9.984198e+03 1.001684e+04
26.5 9.519348e+03 9.856082e+03 9.982106e+03 9.645372e+03
27.5 9.744500e+03 9.860697e+03 9.980093e+03 9.863896e+03
28.5 9.763905e+03 9.864617e+03 9.978302e+03 9.877590e+03
29.5 9.925991e+03 9.867799e+03 9.976802e+03 1.003499e+04
30.5 9.965618e+03 9.870924e+03 9.975605e+03 1.007030e+04
31.5 9.906595e+03 9.879585e+03 9.973968e+03 1.000098e+04
32.5 9.942282e+03 9.907104e+03 9.967390e+03 1.000257e+04
33.5 9.923980e+03 9.958360e+03 9.951403e+03 9.917023e+03
34.5 9.961141e+03 1.002171e+04 9.927397e+03 9.866829e+03
35.5 9.831947e+03 1.008204e+04 9.900706e+03 9.650617e+03
36.5 9.870999e+03 1.013034e+04 9.876364e+03 9.617023e+03
37.5 9.992310e+03 1.016443e+04 9.857091e+03 9.684968e+03
38.5 1.007809e+04 1.018603e+04 9.843441e+03 9.735502e+03
39.5 1.021983e+04 1.019807e+04 9.834736e+03 9.856498e+03
40.5 1.014679e+04 1.020268e+04 9.829894e+03 9.774011e+03
41.5 1.020180e+04 1.019651e+04 9.828587e+03 9.833880e+03
42.5 1.026606e+04 1.016796e+04 9.834413e+03 9.932506e+03
43.5 1.027039e+04 1.011348e+04 9.851120e+03 1.000803e+04
44.5 1.019608e+04 1.004574e+04 9.876750e+03 1.002709e+04
45.5 1.019995e+04 9.980617e+03 9.905530e+03 1.012487e+04
0.5 9.965618e+03 9.870924e+03 9.975605e+03 1.007030e+04
1.5 9.906595e+03 9.879585e+03 9.973968e+03 1.000098e+04
2.5 9.942282e+03 9.907104e+03 9.967390e+03 1.000257e+04
3.5 9.923980e+03 9.958360e+03 9.951403e+03 9.917023e+03
4.5 9.961141e+03 1.002171e+04 9.927397e+03 9.866829e+03
5.5 9.831947e+03 1.008204e+04 9.900706e+03 9.650617e+03
6.5 9.870999e+03 1.013034e+04 9.876364e+03 9.617023e+03
7.5 9.992310e+03 1.016443e+04 9.857091e+03 9.684968e+03
8.5 1.007809e+04 1.018603e+04 9.843441e+03 9.735502e+03
9.5 1.021983e+04 1.019807e+04 9.834736e+03 9.856498e+03
10.5 1.014679e+04 1.020268e+04 9.829894e+03 9.774011e+03
11.5 1.020180e+04 1.019651e+04 9.828587e+03 9.833880e+03
12.5 1.026606e+04 1.016796e+04 9.834413e+03 9.932506e+03
13.5 1.027039e+04 1.011348e+04 9.851120e+03 1.000803e+04
14.5 1.019608e+04 1.004574e+04 9.876750e+03 1.002709e+04
15.5 1.019995e+04 9.980617e+03 9.905530e+03 1.012487e+04
16.5 1.011220e+04 9.927685e+03 9.932096e+03 1.011661e+04
17.5 9.893618e+03 9.889482e+03 9.953498e+03 9.957635e+03
18.5 1.007133e+04 9.864468e+03 9.969040e+03 1.017590e+04
19.5 9.984999e+03 9.849749e+03 9.979329e+03 1.011458e+04
20.5 1.001693e+04 9.842522e+03 9.985437e+03 1.015984e+04
21.5 9.882102e+03 9.840532e+03 9.988435e+03 1.003000e+04
22.5 9.850068e+03 9.842062e+03 9.989226e+03 9.997232e+03
23.5 1.002408e+04 9.845792e+03 9.988531e+03 1.016682e+04
24.5 9.892039e+03 9.850695e+03 9.986917e+03 1.002826e+04
25.5 9.970368e+03 9.855993e+03 9.984824e+03 1.009920e+04
26.5 1.011227e+04 9.861128e+03 9.982583e+03 1.023373e+04
27.5 1.001352e+04 9.865747e+03 9.980423e+03 1.012820e+04
28.5 9.825954e+03 9.869672e+03 9.978488e+03 9.934771e+03
29.5 9.793671e+03 9.872862e+03 9.976848e+03 9.897656e+03
30.5 9.890943e+03 9.876428e+03 9.975516e+03 9.990031e+03
31.5 9.808708e+03 9.887454e+03 9.974473e+03 9.895728e+03
32.5 9.868382e+03 9.914130e+03 9.973679e+03 9.927931e+03
33.5 9.889104e+03 9.950500e+03 9.973086e+03 9.911691e+03
34.5 9.856258e+03 9.981396e+03 9.972647e+03 9.847509e+03
35.5 9.960603e+03 9.998378e+03 9.972322e+03 9.934546e+03
36.5 9.863178e+03 1.000238e+04 9.972077e+03 9.832872e+03
37.5 9.883955e+03 9.998452e+03 9.971888e+03 9.857391e+03
38.5 9.787490e+03 9.991293e+03 9.971735e+03 9.767932e+03
39.5 9.952672e+03 9.983743e+03 9.971605e+03 9.940534e+03
40.5 1.003033e+04 9.975947e+03 9.971489e+03 1.002587e+04
41.5 1.010982e+04 9.961223e+03 9.971381e+03 1.011998e+04
42.5 1.007153e+04 9.931456e+03 9.971278e+03 1.011135e+04
43.5 1.004546e+04 9.892613e+03 9.971175e+03 1.012403e+04
44.5 9.843102e+03 9.859867e+03 9.971073e+03 9.954308e+03
45.5 9.807935e+03 9.841649e+03 9.970971e+03 9.937256e+03
0.5 9.872170e+03 9.888051e+03 9.969216e+03 9.953335e+03
1.5 9.718875e+03 9.894783e+03 9.968355e+03 9.792447e+03
2.5 9.883712e+03 9.920841e+03 9.962306e+03 9.925177e+03
3.5 1.003093e+04 9.971029e+03 9.946648e+03 1.000655e+04
4.5 1.007056e+04 1.003362e+04 9.922817e+03 9.959754e+03
5.5 1.012123e+04 1.009343e+04 9.896188e+03 9.923990e+03
6.5 1.016129e+04 1.014134e+04 9.871829e+03 9.891771e+03
7.5 1.014575e+04 1.017512e+04 9.852479e+03 9.823105e+03
8.5 1.004708e+04 1.019653e+04 9.838716e+03 9.689265e+03
9.5 1.012292e+04 1.020844e+04 9.829875e+03 9.744359e+03
10.5 1.012059e+04 1.021294e+04 9.824883e+03 9.732536e+03
11.5 1.026209e+04 1.020669e+04 9.823419e+03 9.878815e+03
12.5 1.024514e+04 1.017808e+04 9.829083e+03 9.896146e+03
13.5 9.906716e+03 1.012355e+04 9.845625e+03 9.628790e+03
14.5 9.982539e+03 1.005578e+04 9.871091e+03 9.797848e+03
15.5 9.798798e+03 9.990666e+03 9.899707e+03 9.707838e+03
16.5 9.821465e+03 9.937760e+03 9.926108e+03 9.809813e+03
17.5 9.753216e+03 9.899599e+03 9.947345e+03 9.800962e+03
18.5 9.823100e+03 9.874639e+03 9.962724e+03 9.911185e+03
19.5 9.781024e+03 9.859980e+03 9.972851e+03 9.893895e+03
20.5 9.819868e+03 9.852817e+03 9.978797e+03 9.945848e+03
21.5 9.708701e+03 9.850895e+03 9.981632e+03 9.839439e+03
22.5 9.745465e+03 9.852493e+03 9.982262e+03 9.875233e+03
23.5 9.702289e+03 9.856292e+03 9.981404e+03 9.827402e+03
24.5 9.671891e+03 9.861265e+03 9.979628e+03 9.790253e+03
25.5 9.709387e+03 9.866634e+03 9.977371e+03 9.820124e+03
26.5 9.775072e+03 9.871840e+03 9.974965e+03 9.878197e+03
27.5 9.915147e+03 9.876532e+03 9.972640e+03 1.001125e+04
28.5 9.829377e+03 9.880532e+03 9.970537e+03 9.919382e+03
29.5 9.853501e+03 9.883800e+03 9.968727e+03 9.938428e+03
30.5 9.915406e+03 9.887446e+03 9.967224e+03 9.995184e+03
31.5 1.011624e+04 9.898555e+03 9.966007e+03 1.018369e+04
32.5 9.975719e+03 9.925315e+03 9.965036e+03 1.001544e+04
33.5 1.001124e+04 9.961760e+03 9.964262e+03 1.001374e+04
34.5 1.011304e+04 9.992719e+03 9.963640e+03 1.008396e+04
35.5 1.007174e+04 1.000975e+04 9.963128e+03 1.002511e+04
36.5 1.009485e+04 1.001380e+04 9.962693e+03 1.004375e+04
37.5 1.000050e+04 1.000991e+04 9.962308e+03 9.952898e+03
38.5 1.001326e+04 1.000280e+04 9.961955e+03 9.972414e+03
39.5 1.008131e+04 9.995310e+03 9.961620e+03 1.004762e+04
40.5 1.008278e+04 9.990126e+03 9.961295e+03 1.005395e+04
