0.5 8.757361e+03 8.756984e+03 8.780040e+03 8.780417e+03
1.5 8.779334e+03 8.759465e+03 8.775671e+03 8.795541e+03
2.5 8.793489e+03 8.765169e+03 8.764760e+03 8.793080e+03
3.5 8.826616e+03 8.772647e+03 8.751655e+03 8.805624e+03
4.5 8.816012e+03 8.778625e+03 8.743572e+03 8.780960e+03
5.5 8.799216e+03 8.781456e+03 8.743187e+03 8.760947e+03
6.5 8.803722e+03 8.781538e+03 8.748558e+03 8.770742e+03
7.5 8.787188e+03 8.780083e+03 8.756371e+03 8.763477e+03
8.5 8.789600e+03 8.778144e+03 8.764115e+03 8.775571e+03
9.5 8.824562e+03 8.776316e+03 8.770576e+03 8.818822e+03
10.5 8.808111e+03 8.774585e+03 8.776007e+03 8.809534e+03
11.5 8.813332e+03 8.771462e+03 8.783854e+03 8.825725e+03
12.5 8.803212e+03 8.765296e+03 8.797115e+03 8.835032e+03
13.5 8.788117e+03 8.757544e+03 8.811694e+03 8.842267e+03
14.5 8.780687e+03 8.751475e+03 8.820574e+03 8.849787e+03
15.5 8.740263e+03 8.748720e+03 8.821244e+03 8.812786e+03
16.5 8.697699e+03 8.748857e+03 8.815788e+03 8.764630e+03
17.5 8.702617e+03 8.750641e+03 8.807650e+03 8.759625e+03
18.5 8.671361e+03 8.752983e+03 8.799449e+03 8.717827e+03
19.5 8.653808e+03 8.755253e+03 8.792487e+03 8.691041e+03
20.5 8.699833e+03 8.757204e+03 8.787106e+03 8.729735e+03
21.5 8.738897e+03 8.758790e+03 8.783182e+03 8.763289e+03
22.5 8.766406e+03 8.760043e+03 8.780456e+03 8.786818e+03
23.5 8.781453e+03 8.761007e+03 8.778680e+03 8.799125e+03
24.5 8.800680e+03 8.761721e+03 8.777646e+03 8.816605e+03
25.5 8.802158e+03 8.762222e+03 8.777180e+03 8.817117e+03
26.5 8.749733e+03 8.762546e+03 8.777128e+03 8.764315e+03
27.5 8.807123e+03 8.762735e+03 8.777351e+03 8.821739e+03
28.5 8.864300e+03 8.762827e+03 8.777729e+03 8.879202e+03
29.5 8.817675e+03 8.762858e+03 8.778168e+03 8.832986e+03
30.5 8.848015e+03 8.763092e+03 8.778068e+03 8.862991e+03
31.5 8.818753e+03 8.765059e+03 8.774103e+03 8.827796e+03
32.5 8.817824e+03 8.770382e+03 8.763530e+03 8.810972e+03
33.5 8.813676e+03 8.777558e+03 8.750694e+03 8.786812e+03
34.5 8.792308e+03 8.783280e+03 8.742817e+03 8.751845e+03
35.5 8.781814e+03 8.785879e+03 8.742582e+03 8.738517e+03
36.5 8.757666e+03 8.785740e+03 8.748060e+03 8.719986e+03
37.5 8.731094e+03 8.784070e+03 8.755948e+03 8.702972e+03
38.5 8.746975e+03 8.781918e+03 8.763743e+03 8.728800e+03
39.5 8.750646e+03 8.779878e+03 8.770239e+03 8.741007e+03
40.5 8.781714e+03 8.777935e+03 8.775693e+03 8.779472e+03
41.5 8.794301e+03 8.774601e+03 8.783556e+03 8.803256e+03
42.5 8.821156e+03 8.768226e+03 8.796829e+03 8.849758e+03
43.5 8.796468e+03 8.760268e+03 8.811416e+03 8.847616e+03
44.5 8.773034e+03 8.753995e+03 8.820302e+03 8.839341e+03
45.5 8.770604e+03 8.751039e+03 8.820978e+03 8.840542e+03
0.5 8.848015e+03 8.763092e+03 8.778068e+03 8.862991e+03
1.5 8.818753e+03 8.765059e+03 8.774103e+03 8.827796e+03
2.5 8.817824e+03 8.770382e+03 8.763530e+03 8.810972e+03
3.5 8.813676e+03 8.777558e+03 8.750694e+03 8.786812e+03
4.5 8.792308e+03 8.783280e+03 8.742817e+03 8.751845e+03
5.5 8.781814e+03 8.785879e+03 8.742582e+03 8.738517e+03
6.5 8.757666e+03 8.785740e+03 8.748060e+03 8.719986e+03
7.5 8.731094e+03 8.784070e+03 8.755948e+03 8.702972e+03
8.5 8.746975e+03 8.781918e+03 8.763743e+03 8.728800e+03
9.5 8.750646e+03 8.779878e+03 8.770239e+03 8.741007e+03
10.5 8.781714e+03 8.777935e+03 8.775693e+03 8.779472e+03
11.5 8.794301e+03 8.774601e+03 8.783556e+03 8.803256e+03
12.5 8.821156e+03 8.768226e+03 8.796829e+03 8.849758e+03
13.5 8.796468e+03 8.760268e+03 8.811416e+03 8.847616e+03
14.5 8.773034e+03 8.753995e+03 8.820302e+03 8.839341e+03
15.5 8.770604e+03 8.751039e+03 8.820978e+03 8.840542e+03
16.5 8.747235e+03 8.750979e+03 8.815528e+03 8.811784e+03
17.5 8.761471e+03 8.752568e+03 8.807393e+03 8.816296e+03
18.5 8.772421e+03 8.754717e+03 8.799197e+03 8.816900e+03
19.5 8.785824e+03 8.756798e+03 8.792239e+03 8.821265e+03
20.5 8.793197e+03 8.758562e+03 8.786862e+03 8.821496e+03
21.5 8.781024e+03 8.759965e+03 8.782942e+03 8.804001e+03
22.5 8.785983e+03 8.761039e+03 8.780221e+03 8.805165e+03
23.5 8.759475e+03 8.761826e+03 8.778449e+03 8.776098e+03
24.5 8.763255e+03 8.762366e+03 8.777419e+03 8.778308e+03
25.5 8.756718e+03 8.762696e+03 8.776958e+03 8.770980e+03
26.5 8.764685e+03 8.762852e+03 8.776910e+03 8.778743e+03
27.5 8.774749e+03 8.762875e+03 8.777137e+03 8.789010e+03
28.5 8.782735e+03 8.762805e+03 8.777520e+03 8.797450e+03
29.5 8.764247e+03 8.762680e+03 8.777965e+03 8.779532e+03
30.5 8.806547e+03 8.763592e+03 8.778407e+03 8.821362e+03
31.5 8.788914e+03 8.772817e+03 8.778803e+03 8.794900e+03
32.5 8.818693e+03 8.800232e+03 8.779135e+03 8.797595e+03
33.5 8.848521e+03 8.841601e+03 8.779397e+03 8.786317e+03
34.5 8.854044e+03 8.881133e+03 8.779595e+03 8.752506e+03
35.5 8.898609e+03 8.908150e+03 8.779738e+03 8.770197e+03
36.5 8.897029e+03 8.921455e+03 8.779838e+03 8.755412e+03
37.5 8.861562e+03 8.924905e+03 8.779906e+03 8.716563e+03
38.5 8.937227e+03 8.922925e+03 8.779950e+03 8.794252e+03
39.5 8.923043e+03 8.918586e+03 8.779977e+03 8.784434e+03
40.5 8.932169e+03 8.912455e+03 8.779994e+03 8.799708e+03
41.5 8.945714e+03 8.897997e+03 8.780002e+03 8.827719e+03
42.5 8.915460e+03 8.865654e+03 8.780007e+03 8.829813e+03
43.5 8.868538e+03 8.819836e+03 8.780008e+03 8.828710e+03
44.5 8.831055e+03 8.776454e+03 8.780008e+03 8.834608e+03
45.5 8.757690e+03 8.746257e+03 8.780006e+03 8.791440e+03
0.5 8.793684e+03 8.758163e+03 8.779427e+03 8.814948e+03
1.5 8.763290e+03 8.760123e+03 8.775067e+03 8.778235e+03
2.5 8.760616e+03 8.765311e+03 8.764165e+03 8.759469e+03
3.5 8.761931e+03 8.772278e+03 8.751068e+03 8.740720e+03
4.5 8.751070e+03 8.777749e+03 8.742994e+03 8.716315e+03
5.5 8.774094e+03 8.780078e+03 8.742617e+03 8.736633e+03
6.5 8.755856e+03 8.779648e+03 8.747993e+03 8.724201e+03
7.5 8.762732e+03 8.777668e+03 8.755811e+03 8.740875e+03
8.5 8.724928e+03 8.775219e+03 8.763562e+03 8.713271e+03
9.5 8.718959e+03 8.772883e+03 8.770031e+03 8.716106e+03
10.5 8.726638e+03 8.770646e+03 8.775469e+03 8.731461e+03
11.5 8.723996e+03 8.767018e+03 8.783323e+03 8.740301e+03
12.5 8.727272e+03 8.760349e+03 8.796591e+03 8.763513e+03
13.5 8.764765e+03 8.752100e+03 8.811176e+03 8.823841e+03
14.5 8.758723e+03 8.745540e+03 8.820062e+03 8.833245e+03
15.5 8.751342e+03 8.742303e+03 8.820738e+03 8.829778e+03
16.5 8.758363e+03 8.741964e+03 8.815288e+03 8.831688e+03
17.5 8.719649e+03 8.743277e+03 8.807155e+03 8.783526e+03
18.5 8.716757e+03 8.745152e+03 8.798959e+03 8.770564e+03
19.5 8.721052e+03 8.746956e+03 8.792003e+03 8.766098e+03
20.5 8.760322e+03 8.748440e+03 8.786626e+03 8.798508e+03
21.5 8.763692e+03 8.749560e+03 8.782707e+03 8.796839e+03
22.5 8.759073e+03 8.750346e+03 8.779985e+03 8.788712e+03
23.5 8.763434e+03 8.750840e+03 8.778213e+03 8.790807e+03
24.5 8.736124e+03 8.751081e+03 8.777182e+03 8.762225e+03
25.5 8.712348e+03 8.751105e+03 8.776719e+03 8.737962e+03
26.5 8.704459e+03 8.750950e+03 8.776670e+03 8.730179e+03
27.5 8.707235e+03 8.750654e+03 8.776895e+03 8.733475e+03
28.5 8.724242e+03 8.750258e+03 8.777275e+03 8.751259e+03
29.5 8.730597e+03 8.749800e+03 8.777718e+03 8.758516e+03
30.5 8.744967e+03 8.750370e+03 8.778156e+03 8.772753e+03
31.5 8.752545e+03 8.759245e+03 8.778548e+03 8.771849e+03
32.5 8.780359e+03 8.786297e+03 8.778876e+03 8.772937e+03
33.5 8.834150e+03 8.827281e+03 8.779133e+03 8.786002e+03
34.5 8.878860e+03 8.866397e+03 8.779326e+03 8.791790e+03
35.5 8.908911e+03 8.892965e+03 8.779464e+03 8.795411e+03
36.5 8.921298e+03 8.905791e+03 8.779558e+03 8.795064e+03
37.5 8.887751e+03 8.908741e+03 8.779619e+03 8.758630e+03
38.5 8.868401e+03 8.906241e+03 8.779656e+03 8.741817e+03
39.5 8.860213e+03 8.901370e+03 8.779676e+03 8.738520e+03
40.5 8.844848e+03 8.895467e+03 8.779685e+03 8.729066e+03
