0.5 8.725414e+03 8.677903e+03 8.705984e+03 8.753494e+03
1.5 8.727622e+03 8.691587e+03 8.711217e+03 8.747252e+03
2.5 8.790923e+03 8.727485e+03 8.724183e+03 8.787620e+03
3.5 8.822436e+03 8.777567e+03 8.739515e+03 8.784384e+03
4.5 8.868148e+03 8.820891e+03 8.748560e+03 8.795817e+03
5.5 8.899502e+03 8.845539e+03 8.748250e+03 8.802213e+03
6.5 8.871913e+03 8.852459e+03 8.741069e+03 8.760522e+03
7.5 8.865816e+03 8.848362e+03 8.731089e+03 8.748542e+03
8.5 8.822766e+03 8.839626e+03 8.721352e+03 8.704493e+03
9.5 8.833002e+03 8.830138e+03 8.713302e+03 8.716166e+03
10.5 8.753121e+03 8.820135e+03 8.706603e+03 8.639589e+03
11.5 8.749259e+03 8.800440e+03 8.697083e+03 8.645902e+03
12.5 8.765274e+03 8.759768e+03 8.681248e+03 8.686753e+03
13.5 8.709328e+03 8.706147e+03 8.664156e+03 8.667337e+03
14.5 8.692732e+03 8.660410e+03 8.654188e+03 8.686510e+03
15.5 8.686747e+03 8.634393e+03 8.654200e+03 8.706555e+03
16.5 8.598714e+03 8.627017e+03 8.661528e+03 8.633225e+03
17.5 8.585701e+03 8.631409e+03 8.671938e+03 8.626230e+03
18.5 8.596999e+03 8.640999e+03 8.682253e+03 8.638253e+03
19.5 8.592281e+03 8.651707e+03 8.690922e+03 8.631496e+03
20.5 8.572009e+03 8.661676e+03 8.697566e+03 8.607899e+03
21.5 8.607018e+03 8.670322e+03 8.702365e+03 8.639061e+03
22.5 8.600909e+03 8.677574e+03 8.705656e+03 8.628991e+03
23.5 8.594882e+03 8.683494e+03 8.707761e+03 8.619149e+03
24.5 8.593843e+03 8.688158e+03 8.708944e+03 8.614629e+03
25.5 8.633107e+03 8.691664e+03 8.709429e+03 8.650872e+03
26.5 8.594661e+03 8.694152e+03 8.709412e+03 8.609921e+03
27.5 8.644547e+03 8.695802e+03 8.709066e+03 8.657811e+03
28.5 8.629384e+03 8.696816e+03 8.708539e+03 8.641106e+03
29.5 8.679913e+03 8.697392e+03 8.707945e+03 8.690466e+03
30.5 8.724646e+03 8.697863e+03 8.707365e+03 8.734149e+03
31.5 8.745830e+03 8.699075e+03 8.706848e+03 8.753604e+03
32.5 8.752295e+03 8.700060e+03 8.706416e+03 8.758652e+03
33.5 8.757350e+03 8.697624e+03 8.706074e+03 8.765800e+03
34.5 8.716360e+03 8.690157e+03 8.705814e+03 8.732017e+03
35.5 8.680955e+03 8.679130e+03 8.705623e+03 8.707448e+03
36.5 8.682345e+03 8.667313e+03 8.705487e+03 8.720519e+03
37.5 8.654439e+03 8.656905e+03 8.705392e+03 8.702926e+03
38.5 8.676969e+03 8.648926e+03 8.705326e+03 8.733369e+03
39.5 8.713660e+03 8.643463e+03 8.705281e+03 8.775477e+03
40.5 8.698298e+03 8.639974e+03 8.705250e+03 8.763574e+03
41.5 8.690777e+03 8.637239e+03 8.705228e+03 8.758766e+03
42.5 8.687903e+03 8.635859e+03 8.705212e+03 8.757256e+03
43.5 8.679093e+03 8.638712e+03 8.705200e+03 8.745581e+03
44.5 8.679603e+03 8.647151e+03 8.705190e+03 8.737642e+03
45.5 8.634563e+03 8.659490e+03 8.705182e+03 8.680255e+03
0.5 8.766990e+03 8.706431e+03 8.705644e+03 8.766203e+03
1.5 8.732027e+03 8.718321e+03 8.710871e+03 8.724577e+03
2.5 8.773968e+03 8.752690e+03 8.723828e+03 8.745107e+03
3.5 8.798382e+03 8.801436e+03 8.739151e+03 8.736096e+03
4.5 8.798703e+03 8.843565e+03 8.748185e+03 8.703324e+03
5.5 8.846399e+03 8.867116e+03 8.747866e+03 8.727150e+03
6.5 8.831385e+03 8.873012e+03 8.740678e+03 8.699051e+03
7.5 8.790265e+03 8.867943e+03 8.730695e+03 8.653017e+03
8.5 8.881358e+03 8.858272e+03 8.720958e+03 8.744043e+03
9.5 8.869599e+03 8.847878e+03 8.712908e+03 8.734629e+03
10.5 8.883695e+03 8.836991e+03 8.706211e+03 8.752915e+03
11.5 8.905858e+03 8.816461e+03 8.696707e+03 8.786104e+03
12.5 8.846347e+03 8.774985e+03 8.680887e+03 8.752249e+03
13.5 8.786682e+03 8.720535e+03 8.663796e+03 8.729943e+03
14.5 8.742369e+03 8.673981e+03 8.653829e+03 8.722218e+03
15.5 8.662174e+03 8.647156e+03 8.653844e+03 8.668861e+03
16.5 8.608421e+03 8.638984e+03 8.661174e+03 8.630611e+03
17.5 8.598633e+03 8.642589e+03 8.671586e+03 8.627630e+03
18.5 8.579680e+03 8.651401e+03 8.681904e+03 8.610184e+03
19.5 8.618613e+03 8.661340e+03 8.690577e+03 8.647850e+03
20.5 8.716419e+03 8.670549e+03 8.697224e+03 8.743094e+03
21.5 8.725569e+03 8.678444e+03 8.702026e+03 8.749152e+03
22.5 8.747752e+03 8.684955e+03 8.705321e+03 8.768118e+03
23.5 8.763124e+03 8.690143e+03 8.707430e+03 8.780411e+03
24.5 8.706456e+03 8.694083e+03 8.708617e+03 8.720990e+03
25.5 8.676938e+03 8.696875e+03 8.709107e+03 8.689170e+03
26.5 8.677382e+03 8.698657e+03 8.709094e+03 8.687819e+03
27.5 8.681148e+03 8.699609e+03 8.708753e+03 8.690291e+03
28.5 8.660124e+03 8.699934e+03 8.708230e+03 8.668420e+03
29.5 8.729001e+03 8.699828e+03 8.707641e+03 8.736813e+03
30.5 8.733378e+03 8.699626e+03 8.707066e+03 8.740818e+03
31.5 8.694800e+03 8.700172e+03 8.706554e+03 8.701182e+03
32.5 8.671145e+03 8.700498e+03 8.706127e+03 8.676773e+03
33.5 8.664137e+03 8.697412e+03 8.705789e+03 8.672514e+03
34.5 8.627458e+03 8.689301e+03 8.705534e+03 8.643691e+03
35.5 8.650605e+03 8.677636e+03 8.705347e+03 8.678316e+03
36.5 8.636119e+03 8.665172e+03 8.705216e+03 8.676163e+03
37.5 8.628762e+03 8.654105e+03 8.705124e+03 8.679782e+03
38.5 8.582345e+03 8.645486e+03 8.705062e+03 8.641922e+03
39.5 8.585782e+03 8.639388e+03 8.705021e+03 8.651415e+03
40.5 8.580527e+03 8.635267e+03 8.704994e+03 8.650254e+03
41.5 8.581609e+03 8.631904e+03 8.704976e+03 8.654681e+03
42.5 8.608772e+03 8.629900e+03 8.704964e+03 8.683836e+03
43.5 8.655536e+03 8.632136e+03 8.704955e+03 8.728356e+03
44.5 8.667812e+03 8.639966e+03 8.704949e+03 8.732795e+03
45.5 8.682579e+03 8.651706e+03 8.704943e+03 8.735816e+03
0.5 8.700812e+03 8.690342e+03 8.705505e+03 8.715975e+03
1.5 8.711394e+03 8.701827e+03 8.710725e+03 8.720292e+03
2.5 8.742589e+03 8.735776e+03 8.723672e+03 8.730485e+03
3.5 8.794284e+03 8.784076e+03 8.738978e+03 8.749186e+03
4.5 8.860383e+03 8.825721e+03 8.747987e+03 8.782649e+03
5.5 8.881399e+03 8.848753e+03 8.747636e+03 8.780283e+03
6.5 8.886643e+03 8.854100e+03 8.740414e+03 8.772956e+03
7.5 8.803775e+03 8.848460e+03 8.730397e+03 8.685711e+03
8.5 8.769266e+03 8.838203e+03 8.720631e+03 8.651694e+03
9.5 8.754393e+03 8.827214e+03 8.712556e+03 8.639735e+03
10.5 8.741932e+03 8.816540e+03 8.705837e+03 8.631230e+03
