0.5 8.739253e+03 8.830244e+03 8.797186e+03 8.706196e+03
1.5 9.041251e+03 8.869523e+03 8.801465e+03 8.973193e+03
2.5 8.999068e+03 8.990666e+03 8.833848e+03 8.842250e+03
3.5 9.301496e+03 9.179788e+03 8.918280e+03 9.039988e+03
4.5 9.440102e+03 9.368868e+03 9.046983e+03 9.118216e+03
5.5 9.660317e+03 9.507881e+03 9.190863e+03 9.343299e+03
6.5 9.621018e+03 9.587105e+03 9.322469e+03 9.356382e+03
7.5 9.577606e+03 9.620284e+03 9.426935e+03 9.384257e+03
8.5 9.681332e+03 9.625541e+03 9.501158e+03 9.556949e+03
9.5 9.582390e+03 9.616418e+03 9.548720e+03 9.514692e+03
10.5 9.570342e+03 9.596268e+03 9.575433e+03 9.549506e+03
11.5 9.622271e+03 9.537674e+03 9.583029e+03 9.667625e+03
12.5 9.427195e+03 9.397039e+03 9.551935e+03 9.582091e+03
13.5 9.350947e+03 9.189759e+03 9.461928e+03 9.623117e+03
14.5 9.216850e+03 8.984663e+03 9.323598e+03 9.555784e+03
15.5 8.972327e+03 8.832372e+03 9.168192e+03 9.308147e+03
16.5 8.726619e+03 8.742854e+03 9.024759e+03 9.008525e+03
17.5 8.438102e+03 8.702279e+03 8.909265e+03 8.645088e+03
18.5 8.585898e+03 8.692189e+03 8.825470e+03 8.719179e+03
19.5 8.344446e+03 8.698548e+03 8.770088e+03 8.415986e+03
20.5 8.323223e+03 8.713001e+03 8.737321e+03 8.347543e+03
21.5 8.570037e+03 8.731103e+03 8.721367e+03 8.560301e+03
22.5 8.535178e+03 8.750402e+03 8.717332e+03 8.502107e+03
23.5 8.330932e+03 8.769300e+03 8.721315e+03 8.282946e+03
24.5 8.631619e+03 8.786633e+03 8.730247e+03 8.575233e+03
25.5 8.639873e+03 8.801610e+03 8.741743e+03 8.580006e+03
26.5 8.618922e+03 8.813841e+03 8.754016e+03 8.559097e+03
27.5 8.731729e+03 8.823311e+03 8.765817e+03 8.674236e+03
28.5 8.826548e+03 8.830286e+03 8.776374e+03 8.772636e+03
29.5 8.677457e+03 8.835197e+03 8.785311e+03 8.627571e+03
30.5 8.963346e+03 8.838316e+03 8.792545e+03 8.917574e+03
31.5 8.966578e+03 8.837902e+03 8.798187e+03 8.926864e+03
32.5 9.046197e+03 8.827521e+03 8.802456e+03 9.021133e+03
33.5 8.941987e+03 8.803407e+03 8.805608e+03 8.944188e+03
34.5 8.833053e+03 8.770375e+03 8.807894e+03 8.870572e+03
35.5 8.904471e+03 8.736520e+03 8.809534e+03 8.977485e+03
36.5 8.936938e+03 8.707722e+03 8.810712e+03 9.039927e+03
37.5 8.696648e+03 8.686293e+03 8.811562e+03 8.821918e+03
38.5 8.497294e+03 8.672031e+03 8.812185e+03 8.637448e+03
39.5 8.925972e+03 8.663628e+03 8.812654e+03 9.074998e+03
40.5 8.856116e+03 8.659794e+03 8.813018e+03 9.009341e+03
41.5 8.853952e+03 8.661431e+03 8.813310e+03 9.005831e+03
42.5 8.900004e+03 8.674336e+03 8.813551e+03 9.039219e+03
43.5 8.859357e+03 8.701785e+03 8.813755e+03 8.971327e+03
44.5 8.663875e+03 8.738563e+03 8.813930e+03 8.739241e+03
45.5 8.667914e+03 8.776249e+03 8.814080e+03 8.705745e+03
0.5 9.001281e+03 8.843120e+03 8.802288e+03 8.960449e+03
1.5 9.057267e+03 8.881605e+03 8.805600e+03 8.981262e+03
2.5 9.302456e+03 9.001875e+03 8.836978e+03 9.137559e+03
3.5 9.312891e+03 9.189973e+03 8.920357e+03 9.043275e+03
4.5 9.437630e+03 9.377863e+03 9.047957e+03 9.107724e+03
5.5 9.369249e+03 9.515532e+03 9.190685e+03 9.044403e+03
6.5 9.651797e+03 9.593287e+03 9.321097e+03 9.379607e+03
7.5 9.382812e+03 9.624902e+03 9.424332e+03 9.182242e+03
8.5 9.304463e+03 9.628523e+03 9.497298e+03 9.173238e+03
9.5 9.601473e+03 9.617714e+03 9.543581e+03 9.527339e+03
10.5 9.642962e+03 9.595843e+03 9.568998e+03 9.616116e+03
11.5 9.492735e+03 9.535606e+03 9.575285e+03 9.532414e+03
12.5 9.638515e+03 9.393381e+03 9.542949e+03 9.788082e+03
13.5 9.375864e+03 9.184377e+03 9.451682e+03 9.643169e+03
14.5 9.141409e+03 8.977541e+03 9.312074e+03 9.475943e+03
15.5 8.960230e+03 8.823498e+03 9.155375e+03 9.292108e+03
16.5 8.742521e+03 8.732217e+03 9.010634e+03 9.020939e+03
17.5 8.441822e+03 8.689867e+03 8.893816e+03 8.645771e+03
18.5 8.341472e+03 8.677994e+03 8.808684e+03 8.472162e+03
19.5 8.219628e+03 8.682562e+03 8.751953e+03 8.289019e+03
20.5 8.491829e+03 8.695217e+03 8.717823e+03 8.514435e+03
21.5 8.683734e+03 8.711516e+03 8.700494e+03 8.672712e+03
22.5 8.753112e+03 8.729007e+03 8.695073e+03 8.719178e+03
23.5 8.807358e+03 8.746091e+03 8.697658e+03 8.758926e+03
24.5 8.823029e+03 8.761604e+03 8.705181e+03 8.766607e+03
25.5 8.830219e+03 8.774758e+03 8.715259e+03 8.770720e+03
26.5 8.811836e+03 8.785161e+03 8.726103e+03 8.752777e+03
27.5 8.830075e+03 8.792798e+03 8.736464e+03 8.773741e+03
28.5 8.732201e+03 8.797937e+03 8.745572e+03 8.679836e+03
29.5 9.017892e+03 8.801007e+03 8.753049e+03 8.969935e+03
30.5 8.895464e+03 8.802281e+03 8.758814e+03 8.851997e+03
31.5 8.647522e+03 8.800016e+03 8.762977e+03 8.610484e+03
32.5 8.615611e+03 8.787779e+03 8.765756e+03 8.593589e+03
33.5 8.414531e+03 8.761804e+03 8.767408e+03 8.420135e+03
34.5 8.615879e+03 8.726906e+03 8.768183e+03 8.657156e+03
35.5 8.671994e+03 8.691178e+03 8.768302e+03 8.749118e+03
36.5 8.653720e+03 8.660454e+03 8.767947e+03 8.761212e+03
37.5 8.527065e+03 8.637082e+03 8.767250e+03 8.657234e+03
38.5 8.499162e+03 8.620910e+03 8.766313e+03 8.644566e+03
39.5 8.506408e+03 8.610587e+03 8.765209e+03 8.661030e+03
40.5 8.501279e+03 8.604821e+03 8.763985e+03 8.660443e+03
41.5 8.616235e+03 8.604516e+03 8.762674e+03 8.774393e+03
42.5 8.821254e+03 8.615469e+03 8.761297e+03 8.967081e+03
43.5 8.667146e+03 8.640960e+03 8.759866e+03 8.786052e+03
44.5 8.796692e+03 8.675774e+03 8.758387e+03 8.879305e+03
45.5 8.815848e+03 8.711488e+03 8.756866e+03 8.861225e+03
0.5 8.896750e+03 8.758678e+03 8.728637e+03 8.866709e+03
1.5 8.724603e+03 8.795254e+03 8.730274e+03 8.659622e+03
2.5 9.068689e+03 8.913543e+03 8.759926e+03 8.915073e+03
3.5 9.055654e+03 9.099543e+03 8.841514e+03 8.797626e+03
4.5 9.392978e+03 9.285174e+03 8.967227e+03 9.075030e+03
5.5 9.386281e+03 9.420411e+03 9.107944e+03 9.073813e+03
6.5 9.419810e+03 9.495577e+03 9.236205e+03 9.160438e+03
7.5 9.386106e+03 9.524467e+03 9.337148e+03 9.198787e+03
8.5 9.557233e+03 9.525250e+03 9.407686e+03 9.439669e+03
9.5 9.154147e+03 9.511510e+03 9.451417e+03 9.094055e+03
10.5 9.366132e+03 9.488764e+03 9.474168e+03 9.351535e+03
