0.5 8.855833e+03 9.186544e+03 8.799276e+03 8.468565e+03
1.5 8.922701e+03 9.183907e+03 8.796187e+03 8.534981e+03
2.5 8.891264e+03 9.157559e+03 8.788492e+03 8.522197e+03
3.5 9.243284e+03 9.094372e+03 8.779272e+03 8.928184e+03
4.5 9.068209e+03 9.004699e+03 8.773618e+03 8.837128e+03
5.5 8.511338e+03 8.910103e+03 8.773404e+03 8.374639e+03
6.5 8.973526e+03 8.827782e+03 8.777249e+03 8.922994e+03
7.5 9.003608e+03 8.765452e+03 8.782806e+03 9.020962e+03
8.5 8.773924e+03 8.723443e+03 8.788302e+03 8.838782e+03
9.5 8.815995e+03 8.698476e+03 8.792879e+03 8.910398e+03
10.5 8.747019e+03 8.686415e+03 8.796343e+03 8.856947e+03
11.5 8.684246e+03 8.683552e+03 8.798810e+03 8.799504e+03
12.5 8.600127e+03 8.686938e+03 8.800475e+03 8.713665e+03
13.5 9.002465e+03 8.694299e+03 8.801519e+03 9.109685e+03
14.5 8.677613e+03 8.703880e+03 8.802084e+03 8.775818e+03
15.5 9.005695e+03 8.714339e+03 8.802287e+03 9.093643e+03
16.5 8.758202e+03 8.724695e+03 8.802229e+03 8.835736e+03
17.5 8.620117e+03 8.734290e+03 8.802001e+03 8.687828e+03
18.5 8.766930e+03 8.742753e+03 8.801681e+03 8.825858e+03
19.5 8.946285e+03 8.749925e+03 8.801332e+03 8.997692e+03
20.5 8.551179e+03 8.751990e+03 8.801372e+03 8.600561e+03
21.5 8.755393e+03 8.723564e+03 8.804144e+03 8.835973e+03
22.5 8.201635e+03 8.633580e+03 8.811569e+03 8.379625e+03
23.5 8.511409e+03 8.501918e+03 8.820569e+03 8.830060e+03
24.5 8.385367e+03 8.384398e+03 8.826048e+03 8.827018e+03
25.5 7.995800e+03 8.314448e+03 8.826128e+03 8.507480e+03
26.5 8.168641e+03 8.291503e+03 8.822183e+03 8.699321e+03
27.5 8.272854e+03 8.298997e+03 8.816551e+03 8.790409e+03
28.5 8.185365e+03 8.320439e+03 8.811001e+03 8.675928e+03
29.5 8.387042e+03 8.345424e+03 8.806381e+03 8.847999e+03
30.5 8.503723e+03 8.372991e+03 8.802506e+03 8.933238e+03
31.5 8.532477e+03 8.427159e+03 8.796937e+03 8.902254e+03
32.5 8.517955e+03 8.538864e+03 8.787571e+03 8.766662e+03
33.5 8.420234e+03 8.688364e+03 8.777316e+03 8.509186e+03
34.5 8.682541e+03 8.820192e+03 8.771109e+03 8.633457e+03
35.5 8.991194e+03 8.901219e+03 8.770704e+03 8.860680e+03
36.5 8.876628e+03 8.932390e+03 8.774617e+03 8.718855e+03
37.5 8.971601e+03 8.930753e+03 8.780409e+03 8.821257e+03
38.5 9.037885e+03 8.913332e+03 8.786228e+03 8.910781e+03
39.5 8.761229e+03 8.891068e+03 8.791158e+03 8.661319e+03
40.5 9.044652e+03 8.869221e+03 8.794961e+03 8.970393e+03
41.5 9.119973e+03 8.849701e+03 8.797727e+03 9.067999e+03
42.5 8.842012e+03 8.833013e+03 8.799642e+03 8.808641e+03
43.5 8.826600e+03 8.819251e+03 8.800883e+03 8.808231e+03
44.5 8.902488e+03 8.808413e+03 8.801597e+03 8.895672e+03
45.5 8.706642e+03 8.800397e+03 8.801909e+03 8.708154e+03
46.5 8.846690e+03 8.794955e+03 8.801930e+03 8.853665e+03
47.5 8.781392e+03 8.791693e+03 8.801757e+03 8.791455e+03
48.5 8.569520e+03 8.790133e+03 8.801474e+03 8.580861e+03
49.5 8.689743e+03 8.789780e+03 8.801150e+03 8.701113e+03
50.5 8.855894e+03 8.789882e+03 8.801208e+03 8.867220e+03
51.5 8.456891e+03 8.789058e+03 8.803992e+03 8.471825e+03
52.5 8.635967e+03 8.791273e+03 8.811424e+03 8.656117e+03
53.5 8.732752e+03 8.804796e+03 8.820426e+03 8.748383e+03
54.5 8.709929e+03 8.832005e+03 8.825907e+03 8.703831e+03
55.5 8.798902e+03 8.867426e+03 8.825988e+03 8.757465e+03
0.5 8.503723e+03 8.372991e+03 8.802506e+03 8.933238e+03
1.5 8.532477e+03 8.427159e+03 8.796937e+03 8.902254e+03
2.5 8.517955e+03 8.538864e+03 8.787571e+03 8.766662e+03
3.5 8.420234e+03 8.688364e+03 8.777316e+03 8.509186e+03
4.5 8.682541e+03 8.820192e+03 8.771109e+03 8.633457e+03
5.5 8.991194e+03 8.901219e+03 8.770704e+03 8.860680e+03
6.5 8.876628e+03 8.932390e+03 8.774617e+03 8.718855e+03
7.5 8.971601e+03 8.930753e+03 8.780409e+03 8.821257e+03
8.5 9.037885e+03 8.913332e+03 8.786228e+03 8.910781e+03
9.5 8.761229e+03 8.891068e+03 8.791158e+03 8.661319e+03
10.5 9.044652e+03 8.869221e+03 8.794961e+03 8.970393e+03
11.5 9.119973e+03 8.849701e+03 8.797727e+03 9.067999e+03
12.5 8.842012e+03 8.833013e+03 8.799642e+03 8.808641e+03
13.5 8.826600e+03 8.819251e+03 8.800883e+03 8.808231e+03
14.5 8.902488e+03 8.808413e+03 8.801597e+03 8.895672e+03
15.5 8.706642e+03 8.800397e+03 8.801909e+03 8.708154e+03
16.5 8.846690e+03 8.794955e+03 8.801930e+03 8.853665e+03
17.5 8.781392e+03 8.791693e+03 8.801757e+03 8.791455e+03
18.5 8.569520e+03 8.790133e+03 8.801474e+03 8.580861e+03
19.5 8.689743e+03 8.789780e+03 8.801150e+03 8.701113e+03
20.5 8.855894e+03 8.789882e+03 8.801208e+03 8.867220e+03
21.5 8.456891e+03 8.789058e+03 8.803992e+03 8.471825e+03
22.5 8.635967e+03 8.791273e+03 8.811424e+03 8.656117e+03
23.5 8.732752e+03 8.804796e+03 8.820426e+03 8.748383e+03
24.5 8.709929e+03 8.832005e+03 8.825907e+03 8.703831e+03
25.5 8.798902e+03 8.867426e+03 8.825988e+03 8.757465e+03
26.5 8.947438e+03 8.903231e+03 8.822044e+03 8.866252e+03
27.5 8.747055e+03 8.933836e+03 8.816415e+03 8.629634e+03
28.5 8.812598e+03 8.956991e+03 8.810868e+03 8.666474e+03
29.5 8.959110e+03 8.972850e+03 8.806252e+03 8.792512e+03
30.5 8.863449e+03 8.982990e+03 8.802381e+03 8.682841e+03
31.5 8.981191e+03 8.989921e+03 8.796822e+03 8.788092e+03
32.5 9.065062e+03 8.990737e+03 8.787466e+03 8.861791e+03
33.5 8.641947e+03 8.978053e+03 8.777214e+03 8.441108e+03
34.5 9.004661e+03 8.950210e+03 8.771010e+03 8.825462e+03
35.5 8.949304e+03 8.913272e+03 8.770608e+03 8.806640e+03
36.5 8.841879e+03 8.875539e+03 8.774524e+03 8.740864e+03
37.5 9.037829e+03 8.842951e+03 8.780318e+03 8.975196e+03
38.5 9.152373e+03 8.818005e+03 8.786140e+03 9.120509e+03
39.5 8.873849e+03 8.800691e+03 8.791073e+03 8.864231e+03
40.5 9.128045e+03 8.789810e+03 8.794879e+03 9.133113e+03
41.5 8.824268e+03 8.783884e+03 8.797647e+03 8.838031e+03
42.5 8.731937e+03 8.781570e+03 8.799564e+03 8.749931e+03
43.5 8.762088e+03 8.781773e+03 8.800807e+03 8.781122e+03
44.5 8.619285e+03 8.783625e+03 8.801524e+03 8.637184e+03
45.5 8.353473e+03 8.786444e+03 8.801838e+03 8.368867e+03
46.5 8.770642e+03 8.789703e+03 8.801860e+03 8.782799e+03
47.5 8.534494e+03 8.793017e+03 8.801689e+03 8.543166e+03
48.5 8.317007e+03 8.796128e+03 8.801409e+03 8.322287e+03
49.5 8.770139e+03 8.798888e+03 8.801087e+03 8.772338e+03
50.5 8.896183e+03 8.800917e+03 8.801146e+03 8.896412e+03
51.5 8.695729e+03 8.801189e+03 8.803932e+03 8.698472e+03
52.5 8.920336e+03 8.803955e+03 8.811365e+03 8.927747e+03
53.5 9.023314e+03 8.817697e+03 8.820369e+03 9.025987e+03
54.5 8.630480e+03 8.844947e+03 8.825852e+03 8.611386e+03
55.5 9.117002e+03 8.880324e+03 8.825934e+03 9.062613e+03
0.5 8.863449e+03 8.982990e+03 8.802381e+03 8.682841e+03
1.5 8.981191e+03 8.989921e+03 8.796822e+03 8.788092e+03
2.5 9.065062e+03 8.990737e+03 8.787466e+03 8.861791e+03
3.5 8.641947e+03 8.978053e+03 8.777214e+03 8.441108e+03
4.5 9.004661e+03 8.950210e+03 8.771010e+03 8.825462e+03
5.5 8.949304e+03 8.913272e+03 8.770608e+03 8.806640e+03
6.5 8.841879e+03 8.875539e+03 8.774524e+03 8.740864e+03
7.5 9.037829e+03 8.842951e+03 8.780318e+03 8.975196e+03
8.5 9.152373e+03 8.818005e+03 8.786140e+03 9.120509e+03
9.5 8.873849e+03 8.800691e+03 8.791073e+03 8.864231e+03
10.5 9.128045e+03 8.789810e+03 8.794879e+03 9.133113e+03
11.5 8.824268e+03 8.783884e+03 8.797647e+03 8.838031e+03
12.5 8.731937e+03 8.781570e+03 8.799564e+03 8.749931e+03
13.5 8.762088e+03 8.781773e+03 8.800807e+03 8.781122e+03
14.5 8.619285e+03 8.783625e+03 8.801524e+03 8.637184e+03
15.5 8.353473e+03 8.786444e+03 8.801838e+03 8.368867e+03
16.5 8.770642e+03 8.789703e+03 8.801860e+03 8.782799e+03
17.5 8.534494e+03 8.793017e+03 8.801689e+03 8.543166e+03
18.5 8.317007e+03 8.796128e+03 8.801409e+03 8.322287e+03
19.5 8.770139e+03 8.798888e+03 8.801087e+03 8.772338e+03
20.5 8.896183e+03 8.800917e+03 8.801146e+03 8.896412e+03
21.5 8.695729e+03 8.801189e+03 8.803932e+03 8.698472e+03
22.5 8.920336e+03 8.803955e+03 8.811365e+03 8.927747e+03
23.5 9.023314e+03 8.817697e+03 8.820369e+03 9.025987e+03
24.5 8.630480e+03 8.844947e+03 8.825852e+03 8.611386e+03
25.5 9.117002e+03 8.880324e+03 8.825934e+03 9.062613e+03
26.5 8.969406e+03 8.916059e+03 8.821992e+03 8.875339e+03
27.5 9.062656e+03 8.946591e+03 8.816364e+03 8.932429e+03
28.5 9.224833e+03 8.969687e+03 8.810818e+03 9.065964e+03
29.5 9.272631e+03 8.985507e+03 8.806203e+03 9.093327e+03
30.5 8.746949e+03 8.995627e+03 8.802334e+03 8.553656e+03
31.5 9.138223e+03 9.002557e+03 8.796775e+03 8.932442e+03
32.5 9.082531e+03 9.003387e+03 8.787421e+03 8.866565e+03
33.5 8.827055e+03 8.990730e+03 8.777170e+03 8.613495e+03
34.5 9.237230e+03 8.962924e+03 8.770967e+03 9.045273e+03
35.5 9.059315e+03 8.926032e+03 8.770566e+03 8.903849e+03
36.5 8.626547e+03 8.888351e+03 8.774482e+03 8.512679e+03
37.5 9.264740e+03 8.855826e+03 8.780277e+03 9.189192e+03
38.5 8.879328e+03 8.830950e+03 8.786100e+03 8.834478e+03
39.5 8.739602e+03 8.813714e+03 8.791034e+03 8.716922e+03
40.5 8.961070e+03 8.802916e+03 8.794840e+03 8.952994e+03
41.5 8.811743e+03 8.797077e+03 8.797609e+03 8.812275e+03
42.5 8.533942e+03 8.794856e+03 8.799527e+03 8.538613e+03
43.5 9.116755e+03 8.795156e+03 8.800770e+03 9.122369e+03
44.5 8.860440e+03 8.797110e+03 8.801487e+03 8.864817e+03
45.5 8.698521e+03 8.800035e+03 8.801802e+03 8.700288e+03
46.5 8.822349e+03 8.803404e+03 8.801825e+03 8.820769e+03
47.5 8.798343e+03 8.806831e+03 8.801654e+03 8.793165e+03
48.5 8.518053e+03 8.810058e+03 8.801374e+03 8.509368e+03
49.5 8.939174e+03 8.812923e+03 8.801052e+03 8.927302e+03
50.5 8.454341e+03 8.811526e+03 8.801111e+03 8.443926e+03
51.5 8.646780e+03 8.780366e+03 8.803897e+03 8.670312e+03
52.5 8.693865e+03 8.688250e+03 8.811331e+03 8.816946e+03
53.5 8.347599e+03 8.554937e+03 8.820335e+03 8.612996e+03
54.5 8.435356e+03 8.436132e+03 8.825817e+03 8.825042e+03
55.5 8.725222e+03 8.365162e+03 8.825899e+03 9.185959e+03
0.5 8.746949e+03 8.995627e+03 8.802334e+03 8.553656e+03
1.5 9.138223e+03 9.002557e+03 8.796775e+03 8.932442e+03
2.5 9.082531e+03 9.003387e+03 8.787421e+03 8.866565e+03
3.5 8.827055e+03 8.990730e+03 8.777170e+03 8.613495e+03
4.5 9.237230e+03 8.962924e+03 8.770967e+03 9.045273e+03
5.5 9.059315e+03 8.926032e+03 8.770566e+03 8.903849e+03
6.5 8.626547e+03 8.888351e+03 8.774482e+03 8.512679e+03
7.5 9.264740e+03 8.855826e+03 8.780277e+03 9.189192e+03
8.5 8.879328e+03 8.830950e+03 8.786100e+03 8.834478e+03
9.5 8.739602e+03 8.813714e+03 8.791034e+03 8.716922e+03
10.5 8.961070e+03 8.802916e+03 8.794840e+03 8.952994e+03
11.5 8.811743e+03 8.797077e+03 8.797609e+03 8.812275e+03
12.5 8.533942e+03 8.794856e+03 8.799527e+03 8.538613e+03
13.5 9.116755e+03 8.795156e+03 8.800770e+03 9.122369e+03
14.5 8.860440e+03 8.797110e+03 8.801487e+03 8.864817e+03
15.5 8.698521e+03 8.800035e+03 8.801802e+03 8.700288e+03
16.5 8.822349e+03 8.803404e+03 8.801825e+03 8.820769e+03
17.5 8.798343e+03 8.806831e+03 8.801654e+03 8.793165e+03
18.5 8.518053e+03 8.810058e+03 8.801374e+03 8.509368e+03
19.5 8.939174e+03 8.812923e+03 8.801052e+03 8.927302e+03
20.5 8.454341e+03 8.811526e+03 8.801111e+03 8.443926e+03
21.5 8.646780e+03 8.780366e+03 8.803897e+03 8.670312e+03
22.5 8.693865e+03 8.688250e+03 8.811331e+03 8.816946e+03
23.5 8.347599e+03 8.554937e+03 8.820335e+03 8.612996e+03
24.5 8.435356e+03 8.436132e+03 8.825817e+03 8.825042e+03
25.5 8.725222e+03 8.365162e+03 8.825899e+03 9.185959e+03
26.5 8.367276e+03 8.341389e+03 8.821957e+03 8.847844e+03
27.5 8.745855e+03 8.348194e+03 8.816329e+03 9.213991e+03
28.5 8.592466e+03 8.369047e+03 8.810783e+03 9.034202e+03
29.5 8.409737e+03 8.393522e+03 8.806167e+03 8.822383e+03
30.5 8.517603e+03 8.420640e+03 8.802298e+03 8.899260e+03
31.5 8.524845e+03 8.474340e+03 8.796739e+03 8.847244e+03
32.5 8.550398e+03 8.585600e+03 8.787384e+03 8.752183e+03
33.5 8.461757e+03 8.734780e+03 8.777133e+03 8.504109e+03
34.5 8.933282e+03 8.866331e+03 8.770929e+03 8.837881e+03
35.5 8.612698e+03 8.947120e+03 8.770528e+03 8.436106e+03
36.5 9.006341e+03 8.978094e+03 8.774444e+03 8.802691e+03
37.5 9.269510e+03 8.976296e+03 8.780238e+03 9.073452e+03
38.5 8.970603e+03 8.958749e+03 8.786060e+03 8.797914e+03
39.5 8.906472e+03 8.936393e+03 8.790993e+03 8.761072e+03
40.5 9.041350e+03 8.914487e+03 8.794799e+03 8.921661e+03
41.5 8.826634e+03 8.894941e+03 8.797567e+03 8.729260e+03
42.5 8.905635e+03 8.878258e+03 8.799484e+03 8.826861e+03
43.5 8.964918e+03 8.864532e+03 8.800726e+03 8.901112e+03
44.5 8.535185e+03 8.853759e+03 8.801442e+03 8.482867e+03
45.5 8.682851e+03 8.845838e+03 8.801756e+03 8.638769e+03
46.5 9.104015e+03 8.840518e+03 8.801778e+03 9.065275e+03
47.5 8.796922e+03 8.837406e+03 8.801606e+03 8.761121e+03
48.5 9.081126e+03 8.836023e+03 8.801324e+03 9.046427e+03
49.5 9.008625e+03 8.835875e+03 8.801001e+03 8.973751e+03
50.5 8.522710e+03 8.836206e+03 8.801059e+03 8.487563e+03
51.5 9.006830e+03 8.835638e+03 8.803844e+03 8.975036e+03
52.5 8.837011e+03 8.838135e+03 8.811276e+03 8.810152e+03
53.5 8.816153e+03 8.851963e+03 8.820279e+03 8.784469e+03
54.5 9.270690e+03 8.879503e+03 8.825759e+03 9.216947e+03
55.5 8.915862e+03 8.915278e+03 8.825840e+03 8.826424e+03
0.5 8.517603e+03 8.420640e+03 8.802298e+03 8.899260e+03
1.5 8.524845e+03 8.474340e+03 8.796739e+03 8.847244e+03
2.5 8.550398e+03 8.585600e+03 8.787384e+03 8.752183e+03
3.5 8.461757e+03 8.734780e+03 8.777133e+03 8.504109e+03
4.5 8.933282e+03 8.866331e+03 8.770929e+03 8.837881e+03
5.5 8.612698e+03 8.947120e+03 8.770528e+03 8.436106e+03
6.5 9.006341e+03 8.978094e+03 8.774444e+03 8.802691e+03
7.5 9.269510e+03 8.976296e+03 8.780238e+03 9.073452e+03
8.5 8.970603e+03 8.958749e+03 8.786060e+03 8.797914e+03
9.5 8.906472e+03 8.936393e+03 8.790993e+03 8.761072e+03
10.5 9.041350e+03 8.914487e+03 8.794799e+03 8.921661e+03
11.5 8.826634e+03 8.894941e+03 8.797567e+03 8.729260e+03
12.5 8.905635e+03 8.878258e+03 8.799484e+03 8.826861e+03
13.5 8.964918e+03 8.864532e+03 8.800726e+03 8.901112e+03
14.5 8.535185e+03 8.853759e+03 8.801442e+03 8.482867e+03
15.5 8.682851e+03 8.845838e+03 8.801756e+03 8.638769e+03
16.5 9.104015e+03 8.840518e+03 8.801778e+03 9.065275e+03
17.5 8.796922e+03 8.837406e+03 8.801606e+03 8.761121e+03
18.5 9.081126e+03 8.836023e+03 8.801324e+03 9.046427e+03
19.5 9.008625e+03 8.835875e+03 8.801001e+03 8.973751e+03
20.5 8.522710e+03 8.836206e+03 8.801059e+03 8.487563e+03
21.5 9.006830e+03 8.835638e+03 8.803844e+03 8.975036e+03
22.5 8.837011e+03 8.838135e+03 8.811276e+03 8.810152e+03
23.5 8.816153e+03 8.851963e+03 8.820279e+03 8.784469e+03
24.5 9.270690e+03 8.879503e+03 8.825759e+03 9.216947e+03
25.5 8.915862e+03 8.915278e+03 8.825840e+03 8.826424e+03
26.5 8.928510e+03 8.951455e+03 8.821891e+03 8.798945e+03
27.5 8.950333e+03 8.982410e+03 8.816255e+03 8.784178e+03
28.5 8.894865e+03 9.005943e+03 8.810706e+03 8.699629e+03
29.5 9.040356e+03 9.022199e+03 8.806088e+03 8.824246e+03
30.5 9.330443e+03 9.032756e+03 8.802216e+03 9.099903e+03
31.5 8.834368e+03 9.040126e+03 8.796654e+03 8.590896e+03
32.5 8.975914e+03 9.041402e+03 8.787297e+03 8.721808e+03
33.5 9.172088e+03 9.029204e+03 8.777044e+03 8.919928e+03
34.5 8.650085e+03 9.001880e+03 8.770842e+03 8.419046e+03
35.5 8.815082e+03 8.965503e+03 8.770443e+03 8.620022e+03
36.5 8.940747e+03 8.928373e+03 8.774361e+03 8.786735e+03
37.5 8.840264e+03 8.896433e+03 8.780158e+03 8.723989e+03
38.5 8.878288e+03 8.872176e+03 8.785982e+03 8.792094e+03
39.5 9.034083e+03 8.855590e+03 8.790915e+03 8.969408e+03
40.5 8.861914e+03 8.845475e+03 8.794721e+03 8.811160e+03
41.5 8.649942e+03 8.840348e+03 8.797488e+03 8.607082e+03
42.5 9.012864e+03 8.838866e+03 8.799403e+03 8.973401e+03
43.5 8.929604e+03 8.839934e+03 8.800643e+03 8.890314e+03
44.5 8.801939e+03 8.842682e+03 8.801356e+03 8.760614e+03
45.5 9.311145e+03 8.846428e+03 8.801667e+03 9.266384e+03
46.5 8.957263e+03 8.850646e+03 8.801686e+03 8.908302e+03
47.5 8.925319e+03 8.854952e+03 8.801510e+03 8.871878e+03
48.5 9.066888e+03 8.859087e+03 8.801226e+03 9.009026e+03
49.5 8.854081e+03 8.862891e+03 8.800899e+03 8.792089e+03
50.5 8.550569e+03 8.862465e+03 8.800954e+03 8.489058e+03
51.5 8.813520e+03 8.832313e+03 8.803734e+03 8.784941e+03
52.5 8.687691e+03 8.741255e+03 8.811162e+03 8.757598e+03
53.5 8.396993e+03 8.609084e+03 8.820156e+03 8.608064e+03
54.5 8.612316e+03 8.491531e+03 8.825622e+03 8.946407e+03
55.5 8.144483e+03 8.421926e+03 8.825685e+03 8.548242e+03
0.5 9.330443e+03 9.032756e+03 8.802216e+03 9.099903e+03
1.5 8.834368e+03 9.040126e+03 8.796654e+03 8.590896e+03
2.5 8.975914e+03 9.041402e+03 8.787297e+03 8.721808e+03
3.5 9.172088e+03 9.029204e+03 8.777044e+03 8.919928e+03
4.5 8.650085e+03 9.001880e+03 8.770842e+03 8.419046e+03
5.5 8.815082e+03 8.965503e+03 8.770443e+03 8.620022e+03
6.5 8.940747e+03 8.928373e+03 8.774361e+03 8.786735e+03
7.5 8.840264e+03 8.896433e+03 8.780158e+03 8.723989e+03
8.5 8.878288e+03 8.872176e+03 8.785982e+03 8.792094e+03
9.5 9.034083e+03 8.855590e+03 8.790915e+03 8.969408e+03
10.5 8.861914e+03 8.845475e+03 8.794721e+03 8.811160e+03
11.5 8.649942e+03 8.840348e+03 8.797488e+03 8.607082e+03
12.5 9.012864e+03 8.838866e+03 8.799403e+03 8.973401e+03
13.5 8.929604e+03 8.839934e+03 8.800643e+03 8.890314e+03
14.5 8.801939e+03 8.842682e+03 8.801356e+03 8.760614e+03
15.5 9.311145e+03 8.846428e+03 8.801667e+03 9.266384e+03
16.5 8.957263e+03 8.850646e+03 8.801686e+03 8.908302e+03
17.5 8.925319e+03 8.854952e+03 8.801510e+03 8.871878e+03
18.5 9.066888e+03 8.859087e+03 8.801226e+03 9.009026e+03
19.5 8.854081e+03 8.862891e+03 8.800899e+03 8.792089e+03
20.5 8.550569e+03 8.862465e+03 8.800954e+03 8.489058e+03
21.5 8.813520e+03 8.832313e+03 8.803734e+03 8.784941e+03
22.5 8.687691e+03 8.741255e+03 8.811162e+03 8.757598e+03
23.5 8.396993e+03 8.609084e+03 8.820156e+03 8.608064e+03
24.5 8.612316e+03 8.491531e+03 8.825622e+03 8.946407e+03
25.5 8.144483e+03 8.421926e+03 8.825685e+03 8.548242e+03
26.5 8.148136e+03 8.399613e+03 8.821722e+03 8.570245e+03
27.5 8.637987e+03 8.407950e+03 8.816074e+03 9.046111e+03
28.5 8.312089e+03 8.430395e+03 8.810510e+03 8.692204e+03
29.5 8.570683e+03 8.456513e+03 8.805881e+03 8.920050e+03
30.5 8.638319e+03 8.485709e+03 8.802377e+03 8.954987e+03
