0.5 8.805305e+03 8.857365e+03 8.779722e+03 8.727662e+03
1.5 8.826217e+03 8.851268e+03 8.773417e+03 8.748366e+03
2.5 8.790533e+03 8.830321e+03 8.757712e+03 8.717924e+03
3.5 8.780915e+03 8.796174e+03 8.738894e+03 8.723635e+03
4.5 8.779952e+03 8.760722e+03 8.727354e+03 8.746585e+03
5.5 8.735185e+03 8.733422e+03 8.726918e+03 8.728681e+03
6.5 8.730088e+03 8.716770e+03 8.734766e+03 8.748083e+03
7.5 8.737863e+03 8.708855e+03 8.746108e+03 8.775117e+03
8.5 8.703398e+03 8.706655e+03 8.757324e+03 8.754068e+03
9.5 8.699745e+03 8.707731e+03 8.766667e+03 8.758681e+03
10.5 8.701413e+03 8.710554e+03 8.773737e+03 8.764596e+03
11.5 8.679642e+03 8.714267e+03 8.778771e+03 8.744146e+03
12.5 8.674161e+03 8.718370e+03 8.782170e+03 8.737962e+03
13.5 8.697151e+03 8.722526e+03 8.784301e+03 8.758926e+03
14.5 8.698813e+03 8.726484e+03 8.785454e+03 8.757783e+03
15.5 8.691031e+03 8.730063e+03 8.785867e+03 8.746836e+03
16.5 8.749918e+03 8.733161e+03 8.785749e+03 8.802507e+03
17.5 8.777659e+03 8.735748e+03 8.785285e+03 8.827196e+03
18.5 8.783333e+03 8.737854e+03 8.784632e+03 8.830110e+03
19.5 8.793399e+03 8.739548e+03 8.783918e+03 8.837769e+03
20.5 8.784682e+03 8.741977e+03 8.784000e+03 8.826705e+03
21.5 8.798089e+03 8.752480e+03 8.789658e+03 8.835268e+03
22.5 8.846294e+03 8.780995e+03 8.804813e+03 8.870112e+03
23.5 8.877696e+03 8.823338e+03 8.823180e+03 8.877539e+03
24.5 8.919073e+03 8.863755e+03 8.834364e+03 8.889682e+03
25.5 8.949154e+03 8.891595e+03 8.834527e+03 8.892085e+03
26.5 8.926672e+03 8.905679e+03 8.826474e+03 8.847468e+03
27.5 8.931749e+03 8.909875e+03 8.814980e+03 8.836854e+03
28.5 8.884790e+03 8.908617e+03 8.803652e+03 8.779825e+03
29.5 8.910546e+03 8.904982e+03 8.794223e+03 8.799788e+03
30.5 8.853763e+03 8.899540e+03 8.786315e+03 8.740539e+03
31.5 8.844452e+03 8.885734e+03 8.774947e+03 8.733666e+03
32.5 8.857809e+03 8.854017e+03 8.755832e+03 8.759624e+03
33.5 8.801367e+03 8.808842e+03 8.734902e+03 8.727427e+03
34.5 8.780982e+03 8.766094e+03 8.722234e+03 8.737122e+03
35.5 8.790121e+03 8.736523e+03 8.721409e+03 8.775007e+03
36.5 8.709018e+03 8.721333e+03 8.729394e+03 8.717078e+03
37.5 8.688093e+03 8.716617e+03 8.741215e+03 8.712690e+03
38.5 8.688409e+03 8.717853e+03 8.753092e+03 8.723648e+03
39.5 8.686219e+03 8.721846e+03 8.763154e+03 8.727527e+03
40.5 8.663751e+03 8.726849e+03 8.770916e+03 8.707818e+03
41.5 8.690143e+03 8.732039e+03 8.776562e+03 8.734665e+03
42.5 8.687315e+03 8.737032e+03 8.780469e+03 8.730753e+03
43.5 8.675407e+03 8.741603e+03 8.783002e+03 8.716806e+03
44.5 8.680904e+03 8.745599e+03 8.784459e+03 8.719765e+03
45.5 8.711813e+03 8.748928e+03 8.785097e+03 8.747982e+03
46.5 8.678169e+03 8.751569e+03 8.785138e+03 8.711739e+03
47.5 8.702996e+03 8.753567e+03 8.784785e+03 8.734214e+03
48.5 8.679587e+03 8.755018e+03 8.784209e+03 8.708777e+03
49.5 8.716681e+03 8.756040e+03 8.783548e+03 8.744189e+03
50.5 8.757361e+03 8.756984e+03 8.783665e+03 8.784042e+03
51.5 8.779334e+03 8.759465e+03 8.789347e+03 8.809216e+03
52.5 8.793489e+03 8.765169e+03 8.804515e+03 8.832835e+03
53.5 8.826616e+03 8.772647e+03 8.822889e+03 8.876858e+03
54.5 8.816012e+03 8.778625e+03 8.834075e+03 8.871463e+03
55.5 8.799216e+03 8.781456e+03 8.834241e+03 8.852001e+03
0.5 8.853763e+03 8.899540e+03 8.786315e+03 8.740539e+03
1.5 8.844452e+03 8.885734e+03 8.774947e+03 8.733666e+03
2.5 8.857809e+03 8.854017e+03 8.755832e+03 8.759624e+03
3.5 8.801367e+03 8.808842e+03 8.734902e+03 8.727427e+03
4.5 8.780982e+03 8.766094e+03 8.722234e+03 8.737122e+03
5.5 8.790121e+03 8.736523e+03 8.721409e+03 8.775007e+03
6.5 8.709018e+03 8.721333e+03 8.729394e+03 8.717078e+03
7.5 8.688093e+03 8.716617e+03 8.741215e+03 8.712690e+03
8.5 8.688409e+03 8.717853e+03 8.753092e+03 8.723648e+03
9.5 8.686219e+03 8.721846e+03 8.763154e+03 8.727527e+03
10.5 8.663751e+03 8.726849e+03 8.770916e+03 8.707818e+03
11.5 8.690143e+03 8.732039e+03 8.776562e+03 8.734665e+03
12.5 8.687315e+03 8.737032e+03 8.780469e+03 8.730753e+03
13.5 8.675407e+03 8.741603e+03 8.783002e+03 8.716806e+03
14.5 8.680904e+03 8.745599e+03 8.784459e+03 8.719765e+03
15.5 8.711813e+03 8.748928e+03 8.785097e+03 8.747982e+03
16.5 8.678169e+03 8.751569e+03 8.785138e+03 8.711739e+03
17.5 8.702996e+03 8.753567e+03 8.784785e+03 8.734214e+03
18.5 8.679587e+03 8.755018e+03 8.784209e+03 8.708777e+03
19.5 8.716681e+03 8.756040e+03 8.783548e+03 8.744189e+03
20.5 8.757361e+03 8.756984e+03 8.783665e+03 8.784042e+03
21.5 8.779334e+03 8.759465e+03 8.789347e+03 8.809216e+03
22.5 8.793489e+03 8.765169e+03 8.804515e+03 8.832835e+03
23.5 8.826616e+03 8.772647e+03 8.822889e+03 8.876858e+03
24.5 8.816012e+03 8.778625e+03 8.834075e+03 8.871463e+03
25.5 8.799216e+03 8.781456e+03 8.834241e+03 8.852001e+03
26.5 8.803722e+03 8.781538e+03 8.826191e+03 8.848376e+03
27.5 8.787188e+03 8.780083e+03 8.814702e+03 8.821807e+03
28.5 8.789600e+03 8.778144e+03 8.803381e+03 8.814837e+03
29.5 8.824562e+03 8.776316e+03 8.793959e+03 8.842205e+03
30.5 8.808111e+03 8.774585e+03 8.786060e+03 8.819586e+03
31.5 8.813332e+03 8.771462e+03 8.774713e+03 8.816584e+03
32.5 8.803212e+03 8.765296e+03 8.755618e+03 8.793535e+03
33.5 8.788117e+03 8.757544e+03 8.734694e+03 8.765267e+03
34.5 8.780687e+03 8.751475e+03 8.722032e+03 8.751245e+03
35.5 8.740263e+03 8.748720e+03 8.721213e+03 8.712755e+03
36.5 8.697699e+03 8.748857e+03 8.729204e+03 8.678046e+03
37.5 8.702617e+03 8.750641e+03 8.741030e+03 8.693006e+03
38.5 8.671361e+03 8.752983e+03 8.752913e+03 8.671291e+03
39.5 8.653808e+03 8.755253e+03 8.762980e+03 8.661535e+03
40.5 8.699833e+03 8.757204e+03 8.770747e+03 8.713376e+03
41.5 8.738897e+03 8.758790e+03 8.776398e+03 8.756505e+03
42.5 8.766406e+03 8.760043e+03 8.780310e+03 8.786672e+03
43.5 8.781453e+03 8.761007e+03 8.782847e+03 8.803293e+03
44.5 8.800680e+03 8.761721e+03 8.784310e+03 8.823268e+03
45.5 8.802158e+03 8.762222e+03 8.784951e+03 8.824888e+03
46.5 8.749733e+03 8.762546e+03 8.784997e+03 8.772184e+03
47.5 8.807123e+03 8.762735e+03 8.784648e+03 8.829036e+03
48.5 8.864300e+03 8.762827e+03 8.784075e+03 8.885548e+03
49.5 8.817675e+03 8.762858e+03 8.783418e+03 8.838235e+03
50.5 8.848015e+03 8.763092e+03 8.783539e+03 8.868462e+03
51.5 8.818753e+03 8.765059e+03 8.789224e+03 8.842917e+03
52.5 8.817824e+03 8.770382e+03 8.804396e+03 8.851838e+03
53.5 8.813676e+03 8.777558e+03 8.822773e+03 8.858891e+03
54.5 8.792308e+03 8.783280e+03 8.833962e+03 8.842991e+03
55.5 8.781814e+03 8.785879e+03 8.834131e+03 8.830066e+03
0.5 8.808111e+03 8.774585e+03 8.786060e+03 8.819586e+03
1.5 8.813332e+03 8.771462e+03 8.774713e+03 8.816584e+03
2.5 8.803212e+03 8.765296e+03 8.755618e+03 8.793535e+03
3.5 8.788117e+03 8.757544e+03 8.734694e+03 8.765267e+03
4.5 8.780687e+03 8.751475e+03 8.722032e+03 8.751245e+03
5.5 8.740263e+03 8.748720e+03 8.721213e+03 8.712755e+03
6.5 8.697699e+03 8.748857e+03 8.729204e+03 8.678046e+03
7.5 8.702617e+03 8.750641e+03 8.741030e+03 8.693006e+03
8.5 8.671361e+03 8.752983e+03 8.752913e+03 8.671291e+03
9.5 8.653808e+03 8.755253e+03 8.762980e+03 8.661535e+03
10.5 8.699833e+03 8.757204e+03 8.770747e+03 8.713376e+03
11.5 8.738897e+03 8.758790e+03 8.776398e+03 8.756505e+03
12.5 8.766406e+03 8.760043e+03 8.780310e+03 8.786672e+03
13.5 8.781453e+03 8.761007e+03 8.782847e+03 8.803293e+03
14.5 8.800680e+03 8.761721e+03 8.784310e+03 8.823268e+03
15.5 8.802158e+03 8.762222e+03 8.784951e+03 8.824888e+03
16.5 8.749733e+03 8.762546e+03 8.784997e+03 8.772184e+03
17.5 8.807123e+03 8.762735e+03 8.784648e+03 8.829036e+03
18.5 8.864300e+03 8.762827e+03 8.784075e+03 8.885548e+03
19.5 8.817675e+03 8.762858e+03 8.783418e+03 8.838235e+03
20.5 8.848015e+03 8.763092e+03 8.783539e+03 8.868462e+03
21.5 8.818753e+03 8.765059e+03 8.789224e+03 8.842917e+03
22.5 8.817824e+03 8.770382e+03 8.804396e+03 8.851838e+03
23.5 8.813676e+03 8.777558e+03 8.822773e+03 8.858891e+03
24.5 8.792308e+03 8.783280e+03 8.833962e+03 8.842991e+03
25.5 8.781814e+03 8.785879e+03 8.834131e+03 8.830066e+03
26.5 8.757666e+03 8.785740e+03 8.826084e+03 8.798010e+03
27.5 8.731094e+03 8.784070e+03 8.814598e+03 8.761622e+03
28.5 8.746975e+03 8.781918e+03 8.803279e+03 8.768336e+03
29.5 8.750646e+03 8.779878e+03 8.793860e+03 8.764628e+03
30.5 8.781714e+03 8.777935e+03 8.785963e+03 8.789742e+03
31.5 8.794301e+03 8.774601e+03 8.774619e+03 8.794318e+03
32.5 8.821156e+03 8.768226e+03 8.755526e+03 8.808455e+03
33.5 8.796468e+03 8.760268e+03 8.734604e+03 8.770804e+03
34.5 8.773034e+03 8.753995e+03 8.721944e+03 8.740983e+03
35.5 8.770604e+03 8.751039e+03 8.721126e+03 8.740690e+03
36.5 8.747235e+03 8.750979e+03 8.729119e+03 8.725376e+03
37.5 8.761471e+03 8.752568e+03 8.740947e+03 8.749850e+03
38.5 8.772421e+03 8.754717e+03 8.752831e+03 8.770534e+03
39.5 8.785824e+03 8.756798e+03 8.762900e+03 8.791926e+03
40.5 8.793197e+03 8.758562e+03 8.770668e+03 8.805302e+03
41.5 8.781024e+03 8.759965e+03 8.776320e+03 8.797379e+03
42.5 8.785983e+03 8.761039e+03 8.780234e+03 8.805178e+03
43.5 8.759475e+03 8.761826e+03 8.782771e+03 8.780421e+03
44.5 8.763255e+03 8.762366e+03 8.784235e+03 8.785124e+03
45.5 8.756718e+03 8.762696e+03 8.784877e+03 8.778900e+03
46.5 8.764685e+03 8.762852e+03 8.784924e+03 8.786757e+03
47.5 8.774749e+03 8.762875e+03 8.784575e+03 8.796448e+03
48.5 8.782735e+03 8.762805e+03 8.784003e+03 8.803933e+03
49.5 8.764247e+03 8.762680e+03 8.783346e+03 8.784913e+03
50.5 8.806547e+03 8.763592e+03 8.783468e+03 8.826423e+03
51.5 8.788914e+03 8.772817e+03 8.789153e+03 8.805250e+03
52.5 8.818693e+03 8.800232e+03 8.804325e+03 8.822786e+03
53.5 8.848521e+03 8.841601e+03 8.822702e+03 8.829623e+03
54.5 8.854044e+03 8.881133e+03 8.833892e+03 8.806803e+03
55.5 8.898609e+03 8.908150e+03 8.834060e+03 8.824518e+03
0.5 8.781714e+03 8.777935e+03 8.785963e+03 8.789742e+03
1.5 8.794301e+03 8.774601e+03 8.774619e+03 8.794318e+03
2.5 8.821156e+03 8.768226e+03 8.755526e+03 8.808455e+03
3.5 8.796468e+03 8.760268e+03 8.734604e+03 8.770804e+03
4.5 8.773034e+03 8.753995e+03 8.721944e+03 8.740983e+03
5.5 8.770604e+03 8.751039e+03 8.721126e+03 8.740690e+03
6.5 8.747235e+03 8.750979e+03 8.729119e+03 8.725376e+03
7.5 8.761471e+03 8.752568e+03 8.740947e+03 8.749850e+03
8.5 8.772421e+03 8.754717e+03 8.752831e+03 8.770534e+03
9.5 8.785824e+03 8.756798e+03 8.762900e+03 8.791926e+03
10.5 8.793197e+03 8.758562e+03 8.770668e+03 8.805302e+03
11.5 8.781024e+03 8.759965e+03 8.776320e+03 8.797379e+03
12.5 8.785983e+03 8.761039e+03 8.780234e+03 8.805178e+03
13.5 8.759475e+03 8.761826e+03 8.782771e+03 8.780421e+03
14.5 8.763255e+03 8.762366e+03 8.784235e+03 8.785124e+03
15.5 8.756718e+03 8.762696e+03 8.784877e+03 8.778900e+03
16.5 8.764685e+03 8.762852e+03 8.784924e+03 8.786757e+03
17.5 8.774749e+03 8.762875e+03 8.784575e+03 8.796448e+03
18.5 8.782735e+03 8.762805e+03 8.784003e+03 8.803933e+03
19.5 8.764247e+03 8.762680e+03 8.783346e+03 8.784913e+03
20.5 8.806547e+03 8.763592e+03 8.783468e+03 8.826423e+03
21.5 8.788914e+03 8.772817e+03 8.789153e+03 8.805250e+03
22.5 8.818693e+03 8.800232e+03 8.804325e+03 8.822786e+03
23.5 8.848521e+03 8.841601e+03 8.822702e+03 8.829623e+03
24.5 8.854044e+03 8.881133e+03 8.833892e+03 8.806803e+03
25.5 8.898609e+03 8.908150e+03 8.834060e+03 8.824518e+03
26.5 8.897029e+03 8.921455e+03 8.826013e+03 8.801587e+03
27.5 8.861562e+03 8.924905e+03 8.814526e+03 8.751184e+03
28.5 8.937227e+03 8.922925e+03 8.803207e+03 8.817509e+03
29.5 8.923043e+03 8.918586e+03 8.793787e+03 8.798244e+03
30.5 8.932169e+03 8.912455e+03 8.785890e+03 8.805604e+03
31.5 8.945714e+03 8.897997e+03 8.774545e+03 8.822262e+03
32.5 8.915460e+03 8.865654e+03 8.755452e+03 8.805258e+03
33.5 8.868538e+03 8.819836e+03 8.734528e+03 8.783230e+03
34.5 8.831055e+03 8.776454e+03 8.721868e+03 8.776468e+03
35.5 8.757690e+03 8.746257e+03 8.721049e+03 8.732482e+03
36.5 8.713336e+03 8.730449e+03 8.729040e+03 8.711927e+03
37.5 8.708729e+03 8.725122e+03 8.740867e+03 8.724474e+03
38.5 8.696103e+03 8.725753e+03 8.752750e+03 8.723099e+03
39.5 8.718444e+03 8.729149e+03 8.762817e+03 8.752111e+03
40.5 8.787765e+03 8.733563e+03 8.770584e+03 8.824786e+03
41.5 8.786702e+03 8.738171e+03 8.776234e+03 8.824765e+03
42.5 8.787552e+03 8.742587e+03 8.780146e+03 8.825111e+03
43.5 8.804147e+03 8.746589e+03 8.782682e+03 8.840240e+03
44.5 8.738153e+03 8.750023e+03 8.784143e+03 8.772273e+03
45.5 8.705094e+03 8.752796e+03 8.784784e+03 8.737082e+03
46.5 8.726814e+03 8.754887e+03 8.784828e+03 8.756755e+03
47.5 8.733796e+03 8.756343e+03 8.784477e+03 8.761930e+03
48.5 8.729965e+03 8.757256e+03 8.783902e+03 8.756612e+03
49.5 8.787716e+03 8.757745e+03 8.783243e+03 8.813214e+03
50.5 8.793684e+03 8.758163e+03 8.783362e+03 8.818883e+03
51.5 8.763290e+03 8.760123e+03 8.789045e+03 8.792212e+03
52.5 8.760616e+03 8.765311e+03 8.804214e+03 8.799518e+03
53.5 8.761931e+03 8.772278e+03 8.822588e+03 8.812241e+03
54.5 8.751070e+03 8.777749e+03 8.833774e+03 8.807095e+03
55.5 8.774094e+03 8.780078e+03 8.833939e+03 8.827955e+03
0.5 8.932169e+03 8.912455e+03 8.785890e+03 8.805604e+03
1.5 8.945714e+03 8.897997e+03 8.774545e+03 8.822262e+03
2.5 8.915460e+03 8.865654e+03 8.755452e+03 8.805258e+03
3.5 8.868538e+03 8.819836e+03 8.734528e+03 8.783230e+03
4.5 8.831055e+03 8.776454e+03 8.721868e+03 8.776468e+03
5.5 8.757690e+03 8.746257e+03 8.721049e+03 8.732482e+03
6.5 8.713336e+03 8.730449e+03 8.729040e+03 8.711927e+03
7.5 8.708729e+03 8.725122e+03 8.740867e+03 8.724474e+03
8.5 8.696103e+03 8.725753e+03 8.752750e+03 8.723099e+03
9.5 8.718444e+03 8.729149e+03 8.762817e+03 8.752111e+03
10.5 8.787765e+03 8.733563e+03 8.770584e+03 8.824786e+03
11.5 8.786702e+03 8.738171e+03 8.776234e+03 8.824765e+03
12.5 8.787552e+03 8.742587e+03 8.780146e+03 8.825111e+03
13.5 8.804147e+03 8.746589e+03 8.782682e+03 8.840240e+03
14.5 8.738153e+03 8.750023e+03 8.784143e+03 8.772273e+03
15.5 8.705094e+03 8.752796e+03 8.784784e+03 8.737082e+03
16.5 8.726814e+03 8.754887e+03 8.784828e+03 8.756755e+03
17.5 8.733796e+03 8.756343e+03 8.784477e+03 8.761930e+03
18.5 8.729965e+03 8.757256e+03 8.783902e+03 8.756612e+03
19.5 8.787716e+03 8.757745e+03 8.783243e+03 8.813214e+03
20.5 8.793684e+03 8.758163e+03 8.783362e+03 8.818883e+03
21.5 8.763290e+03 8.760123e+03 8.789045e+03 8.792212e+03
22.5 8.760616e+03 8.765311e+03 8.804214e+03 8.799518e+03
23.5 8.761931e+03 8.772278e+03 8.822588e+03 8.812241e+03
24.5 8.751070e+03 8.777749e+03 8.833774e+03 8.807095e+03
25.5 8.774094e+03 8.780078e+03 8.833939e+03 8.827955e+03
26.5 8.755856e+03 8.779648e+03 8.825878e+03 8.802086e+03
27.5 8.762732e+03 8.777668e+03 8.814376e+03 8.799440e+03
28.5 8.724928e+03 8.775219e+03 8.803051e+03 8.752759e+03
29.5 8.718959e+03 8.772883e+03 8.793625e+03 8.739701e+03
30.5 8.726638e+03 8.770646e+03 8.785722e+03 8.741714e+03
31.5 8.723996e+03 8.767018e+03 8.774371e+03 8.731350e+03
32.5 8.727272e+03 8.760349e+03 8.755273e+03 8.722195e+03
33.5 8.764765e+03 8.752100e+03 8.734348e+03 8.747013e+03
34.5 8.758723e+03 8.745540e+03 8.721689e+03 8.734872e+03
35.5 8.751342e+03 8.742303e+03 8.720874e+03 8.729914e+03
36.5 8.758363e+03 8.741964e+03 8.728872e+03 8.745271e+03
37.5 8.719649e+03 8.743277e+03 8.740703e+03 8.717075e+03
38.5 8.716757e+03 8.745152e+03 8.752589e+03 8.724194e+03
39.5 8.721052e+03 8.746956e+03 8.762658e+03 8.736754e+03
40.5 8.760322e+03 8.748440e+03 8.770425e+03 8.782306e+03
41.5 8.763692e+03 8.749560e+03 8.776073e+03 8.790205e+03
42.5 8.759073e+03 8.750346e+03 8.779981e+03 8.788708e+03
43.5 8.763434e+03 8.750840e+03 8.782513e+03 8.795107e+03
44.5 8.736124e+03 8.751081e+03 8.783968e+03 8.769011e+03
45.5 8.712348e+03 8.751105e+03 8.784603e+03 8.745845e+03
46.5 8.704459e+03 8.750950e+03 8.784640e+03 8.738149e+03
47.5 8.707235e+03 8.750654e+03 8.784283e+03 8.740863e+03
48.5 8.724242e+03 8.750258e+03 8.783701e+03 8.757685e+03
49.5 8.730597e+03 8.749800e+03 8.783035e+03 8.763833e+03
50.5 8.744967e+03 8.750370e+03 8.783147e+03 8.777744e+03
51.5 8.752545e+03 8.759245e+03 8.788822e+03 8.782122e+03
52.5 8.780359e+03 8.786297e+03 8.803981e+03 8.798042e+03
53.5 8.834150e+03 8.827281e+03 8.822337e+03 8.829206e+03
54.5 8.878860e+03 8.866397e+03 8.833494e+03 8.845958e+03
55.5 8.908911e+03 8.892965e+03 8.833623e+03 8.849570e+03
0.5 8.726638e+03 8.770646e+03 8.785722e+03 8.741714e+03
1.5 8.723996e+03 8.767018e+03 8.774371e+03 8.731350e+03
2.5 8.727272e+03 8.760349e+03 8.755273e+03 8.722195e+03
3.5 8.764765e+03 8.752100e+03 8.734348e+03 8.747013e+03
4.5 8.758723e+03 8.745540e+03 8.721689e+03 8.734872e+03
5.5 8.751342e+03 8.742303e+03 8.720874e+03 8.729914e+03
6.5 8.758363e+03 8.741964e+03 8.728872e+03 8.745271e+03
7.5 8.719649e+03 8.743277e+03 8.740703e+03 8.717075e+03
8.5 8.716757e+03 8.745152e+03 8.752589e+03 8.724194e+03
9.5 8.721052e+03 8.746956e+03 8.762658e+03 8.736754e+03
10.5 8.760322e+03 8.748440e+03 8.770425e+03 8.782306e+03
11.5 8.763692e+03 8.749560e+03 8.776073e+03 8.790205e+03
12.5 8.759073e+03 8.750346e+03 8.779981e+03 8.788708e+03
13.5 8.763434e+03 8.750840e+03 8.782513e+03 8.795107e+03
14.5 8.736124e+03 8.751081e+03 8.783968e+03 8.769011e+03
15.5 8.712348e+03 8.751105e+03 8.784603e+03 8.745845e+03
16.5 8.704459e+03 8.750950e+03 8.784640e+03 8.738149e+03
17.5 8.707235e+03 8.750654e+03 8.784283e+03 8.740863e+03
18.5 8.724242e+03 8.750258e+03 8.783701e+03 8.757685e+03
19.5 8.730597e+03 8.749800e+03 8.783035e+03 8.763833e+03
20.5 8.744967e+03 8.750370e+03 8.783147e+03 8.777744e+03
21.5 8.752545e+03 8.759245e+03 8.788822e+03 8.782122e+03
22.5 8.780359e+03 8.786297e+03 8.803981e+03 8.798042e+03
23.5 8.834150e+03 8.827281e+03 8.822337e+03 8.829206e+03
24.5 8.878860e+03 8.866397e+03 8.833494e+03 8.845958e+03
25.5 8.908911e+03 8.892965e+03 8.833623e+03 8.849570e+03
26.5 8.921298e+03 8.905791e+03 8.825534e+03 8.841040e+03
27.5 8.887751e+03 8.908741e+03 8.814007e+03 8.793017e+03
28.5 8.868401e+03 8.906241e+03 8.802651e+03 8.764811e+03
29.5 8.860213e+03 8.901370e+03 8.793202e+03 8.752046e+03
30.5 8.844848e+03 8.895467e+03 8.786051e+03 8.735433e+03
