0.5 1.087339e+04 1.072409e+04 1.076106e+04 1.091036e+04
1.5 1.073190e+04 1.072319e+04 1.074506e+04 1.075377e+04
2.5 1.070254e+04 1.072660e+04 1.070509e+04 1.068103e+04
3.5 1.070689e+04 1.074243e+04 1.065709e+04 1.062155e+04
4.5 1.080855e+04 1.077182e+04 1.062748e+04 1.066421e+04
5.5 1.085131e+04 1.080843e+04 1.062607e+04 1.066896e+04
6.5 1.098445e+04 1.084431e+04 1.064574e+04 1.078589e+04
7.5 1.087346e+04 1.087419e+04 1.067436e+04 1.067364e+04
8.5 1.093402e+04 1.089620e+04 1.070273e+04 1.074054e+04
9.5 1.102913e+04 1.091075e+04 1.072639e+04 1.084477e+04
10.5 1.094540e+04 1.091946e+04 1.074629e+04 1.077222e+04
11.5 1.099004e+04 1.092427e+04 1.077503e+04 1.084080e+04
12.5 1.089688e+04 1.092143e+04 1.082360e+04 1.079905e+04
13.5 1.082678e+04 1.090389e+04 1.087700e+04 1.079989e+04
14.5 1.087968e+04 1.087139e+04 1.090952e+04 1.091782e+04
15.5 1.103461e+04 1.083092e+04 1.091198e+04 1.111567e+04
16.5 1.072374e+04 1.079091e+04 1.089200e+04 1.082483e+04
17.5 1.080733e+04 1.075700e+04 1.086218e+04 1.091251e+04
18.5 1.092618e+04 1.073129e+04 1.083215e+04 1.102704e+04
19.5 1.057557e+04 1.071349e+04 1.080665e+04 1.066873e+04
20.5 1.048119e+04 1.070224e+04 1.078694e+04 1.056589e+04
21.5 1.076841e+04 1.069599e+04 1.077256e+04 1.084498e+04
22.5 1.058787e+04 1.069336e+04 1.076258e+04 1.065709e+04
23.5 1.053143e+04 1.069323e+04 1.075607e+04 1.059427e+04
24.5 1.066890e+04 1.069472e+04 1.075229e+04 1.072647e+04
25.5 1.050383e+04 1.069713e+04 1.075058e+04 1.055728e+04
26.5 1.064320e+04 1.069993e+04 1.075039e+04 1.069366e+04
27.5 1.055988e+04 1.070274e+04 1.075121e+04 1.060835e+04
28.5 1.057133e+04 1.070530e+04 1.075259e+04 1.061862e+04
29.5 1.069150e+04 1.070748e+04 1.075420e+04 1.073821e+04
30.5 1.063250e+04 1.070901e+04 1.075383e+04 1.067733e+04
31.5 1.068625e+04 1.070948e+04 1.073931e+04 1.071609e+04
32.5 1.089896e+04 1.071403e+04 1.070058e+04 1.088551e+04
33.5 1.075214e+04 1.073080e+04 1.065357e+04 1.067491e+04
34.5 1.083141e+04 1.076096e+04 1.062472e+04 1.069516e+04
35.5 1.080384e+04 1.079820e+04 1.062385e+04 1.062949e+04
36.5 1.095133e+04 1.083461e+04 1.064392e+04 1.076064e+04
37.5 1.060307e+04 1.086495e+04 1.067281e+04 1.041094e+04
38.5 1.092970e+04 1.088736e+04 1.070136e+04 1.074370e+04
39.5 1.062022e+04 1.090227e+04 1.072516e+04 1.044310e+04
40.5 1.110460e+04 1.091131e+04 1.074514e+04 1.093843e+04
41.5 1.100314e+04 1.091643e+04 1.077394e+04 1.086065e+04
42.5 1.072273e+04 1.091387e+04 1.082255e+04 1.063140e+04
43.5 1.104572e+04 1.089662e+04 1.087598e+04 1.102507e+04
44.5 1.095192e+04 1.086439e+04 1.090853e+04 1.099606e+04
45.5 1.078453e+04 1.082419e+04 1.091100e+04 1.087134e+04
0.5 1.063250e+04 1.070901e+04 1.075383e+04 1.067733e+04
1.5 1.068625e+04 1.070948e+04 1.073931e+04 1.071609e+04
2.5 1.089896e+04 1.071403e+04 1.070058e+04 1.088551e+04
3.5 1.075214e+04 1.073080e+04 1.065357e+04 1.067491e+04
4.5 1.083141e+04 1.076096e+04 1.062472e+04 1.069516e+04
5.5 1.080384e+04 1.079820e+04 1.062385e+04 1.062949e+04
6.5 1.095133e+04 1.083461e+04 1.064392e+04 1.076064e+04
7.5 1.060307e+04 1.086495e+04 1.067281e+04 1.041094e+04
8.5 1.092970e+04 1.088736e+04 1.070136e+04 1.074370e+04
9.5 1.062022e+04 1.090227e+04 1.072516e+04 1.044310e+04
10.5 1.110460e+04 1.091131e+04 1.074514e+04 1.093843e+04
11.5 1.100314e+04 1.091643e+04 1.077394e+04 1.086065e+04
12.5 1.072273e+04 1.091387e+04 1.082255e+04 1.063140e+04
13.5 1.104572e+04 1.089662e+04 1.087598e+04 1.102507e+04
14.5 1.095192e+04 1.086439e+04 1.090853e+04 1.099606e+04
15.5 1.078453e+04 1.082419e+04 1.091100e+04 1.087134e+04
16.5 1.067197e+04 1.078444e+04 1.089104e+04 1.077857e+04
17.5 1.075293e+04 1.075078e+04 1.086125e+04 1.086339e+04
18.5 1.084988e+04 1.072532e+04 1.083122e+04 1.095579e+04
19.5 1.061993e+04 1.070776e+04 1.080574e+04 1.071792e+04
20.5 1.071362e+04 1.069675e+04 1.078604e+04 1.080292e+04
21.5 1.057746e+04 1.069073e+04 1.077169e+04 1.065842e+04
22.5 1.054540e+04 1.068832e+04 1.076172e+04 1.061880e+04
23.5 1.047722e+04 1.068841e+04 1.075523e+04 1.054404e+04
24.5 1.056691e+04 1.069011e+04 1.075146e+04 1.062826e+04
25.5 1.054032e+04 1.069273e+04 1.074977e+04 1.059736e+04
26.5 1.078747e+04 1.069573e+04 1.074959e+04 1.084134e+04
27.5 1.077775e+04 1.069873e+04 1.075042e+04 1.082944e+04
28.5 1.060238e+04 1.070149e+04 1.075183e+04 1.065272e+04
29.5 1.065311e+04 1.070386e+04 1.075346e+04 1.070271e+04
30.5 1.061104e+04 1.070616e+04 1.075507e+04 1.065995e+04
31.5 1.074167e+04 1.071122e+04 1.075653e+04 1.078698e+04
32.5 1.091433e+04 1.072455e+04 1.075774e+04 1.094752e+04
33.5 1.072087e+04 1.074685e+04 1.075870e+04 1.073272e+04
34.5 1.086645e+04 1.077212e+04 1.075943e+04 1.085376e+04
35.5 1.080260e+04 1.079425e+04 1.075995e+04 1.076831e+04
36.5 1.066315e+04 1.081049e+04 1.076032e+04 1.061298e+04
37.5 1.077004e+04 1.082091e+04 1.076056e+04 1.070970e+04
38.5 1.093950e+04 1.082679e+04 1.076073e+04 1.087344e+04
39.5 1.091128e+04 1.082950e+04 1.076083e+04 1.084261e+04
40.5 1.084610e+04 1.082976e+04 1.076089e+04 1.077723e+04
41.5 1.088000e+04 1.082550e+04 1.076092e+04 1.081543e+04
42.5 1.081777e+04 1.081177e+04 1.076093e+04 1.076694e+04
43.5 1.091761e+04 1.078831e+04 1.076094e+04 1.089024e+04
44.5 1.086192e+04 1.076148e+04 1.076094e+04 1.086138e+04
45.5 1.064123e+04 1.073767e+04 1.076093e+04 1.066449e+04
0.5 1.078465e+04 1.070914e+04 1.075881e+04 1.083432e+04
1.5 1.080722e+04 1.070881e+04 1.074284e+04 1.084125e+04
2.5 1.080374e+04 1.071276e+04 1.070291e+04 1.079389e+04
3.5 1.072687e+04 1.072913e+04 1.065494e+04 1.065268e+04
4.5 1.093959e+04 1.075904e+04 1.062536e+04 1.080591e+04
5.5 1.076296e+04 1.079615e+04 1.062398e+04 1.059079e+04
6.5 1.073601e+04 1.083249e+04 1.064368e+04 1.054720e+04
7.5 1.096147e+04 1.086282e+04 1.067231e+04 1.077095e+04
8.5 1.069718e+04 1.088531e+04 1.070070e+04 1.051257e+04
9.5 1.074764e+04 1.090032e+04 1.072439e+04 1.057172e+04
10.5 1.071099e+04 1.090947e+04 1.074431e+04 1.054583e+04
11.5 1.086455e+04 1.091471e+04 1.077308e+04 1.072292e+04
12.5 1.081091e+04 1.091229e+04 1.082168e+04 1.072029e+04
13.5 1.090719e+04 1.089518e+04 1.087510e+04 1.088711e+04
14.5 1.085349e+04 1.086308e+04 1.090765e+04 1.089806e+04
15.5 1.085388e+04 1.082301e+04 1.091013e+04 1.094099e+04
16.5 1.075903e+04 1.078340e+04 1.089016e+04 1.086579e+04
17.5 1.086577e+04 1.074986e+04 1.086037e+04 1.097628e+04
18.5 1.059736e+04 1.072451e+04 1.083036e+04 1.070321e+04
19.5 1.079469e+04 1.070705e+04 1.080487e+04 1.089252e+04
20.5 1.071831e+04 1.069612e+04 1.078518e+04 1.080737e+04
21.5 1.064302e+04 1.069018e+04 1.077082e+04 1.072367e+04
22.5 1.079705e+04 1.068784e+04 1.076086e+04 1.087007e+04
23.5 1.063796e+04 1.068798e+04 1.075436e+04 1.070434e+04
24.5 1.055477e+04 1.068973e+04 1.075059e+04 1.061562e+04
25.5 1.062515e+04 1.069239e+04 1.074889e+04 1.068165e+04
26.5 1.067457e+04 1.069543e+04 1.074871e+04 1.072785e+04
27.5 1.051972e+04 1.069846e+04 1.074954e+04 1.057080e+04
28.5 1.069475e+04 1.070124e+04 1.075093e+04 1.074444e+04
29.5 1.073839e+04 1.070363e+04 1.075255e+04 1.078731e+04
30.5 1.062801e+04 1.070594e+04 1.075415e+04 1.067622e+04
31.5 1.080972e+04 1.071101e+04 1.075559e+04 1.085430e+04
32.5 1.072581e+04 1.072435e+04 1.075679e+04 1.075825e+04
33.5 1.074471e+04 1.074664e+04 1.075774e+04 1.075581e+04
34.5 1.080877e+04 1.077188e+04 1.075844e+04 1.079532e+04
35.5 1.103542e+04 1.079397e+04 1.075895e+04 1.100039e+04
36.5 1.084730e+04 1.081015e+04 1.075929e+04 1.079645e+04
37.5 1.094982e+04 1.082050e+04 1.075951e+04 1.088884e+04
38.5 1.096083e+04 1.082628e+04 1.075965e+04 1.089420e+04
39.5 1.090993e+04 1.082890e+04 1.075973e+04 1.084076e+04
40.5 1.083181e+04 1.083078e+04 1.075976e+04 1.076078e+04
