0.5 1.098493e+04 1.075848e+04 1.073889e+04 1.096533e+04
1.5 1.094808e+04 1.075898e+04 1.073996e+04 1.092906e+04
2.5 1.092070e+04 1.076852e+04 1.074803e+04 1.090021e+04
3.5 1.092809e+04 1.078774e+04 1.076909e+04 1.090945e+04
4.5 1.075852e+04 1.081050e+04 1.080120e+04 1.074921e+04
5.5 1.080323e+04 1.083059e+04 1.083709e+04 1.080973e+04
6.5 1.070970e+04 1.084513e+04 1.086991e+04 1.073449e+04
7.5 1.080209e+04 1.085412e+04 1.089597e+04 1.084395e+04
8.5 1.072269e+04 1.085874e+04 1.091449e+04 1.077844e+04
9.5 1.076197e+04 1.086032e+04 1.092635e+04 1.082800e+04
10.5 1.071105e+04 1.085955e+04 1.093301e+04 1.078452e+04
11.5 1.063628e+04 1.085430e+04 1.093491e+04 1.071688e+04
12.5 1.082835e+04 1.083964e+04 1.092715e+04 1.091586e+04
13.5 1.076235e+04 1.081530e+04 1.090470e+04 1.085175e+04
14.5 1.081799e+04 1.078762e+04 1.087020e+04 1.090056e+04
15.5 1.084415e+04 1.076298e+04 1.083143e+04 1.091260e+04
16.5 1.079090e+04 1.074432e+04 1.079565e+04 1.084224e+04
17.5 1.075074e+04 1.073168e+04 1.076685e+04 1.078591e+04
18.5 1.075256e+04 1.072385e+04 1.074594e+04 1.077465e+04
19.5 1.078568e+04 1.071946e+04 1.073213e+04 1.079836e+04
20.5 1.071756e+04 1.071740e+04 1.072396e+04 1.072412e+04
21.5 1.081128e+04 1.071688e+04 1.071998e+04 1.081438e+04
22.5 1.077789e+04 1.071735e+04 1.071897e+04 1.077950e+04
23.5 1.081680e+04 1.071840e+04 1.071996e+04 1.081836e+04
24.5 1.078775e+04 1.071971e+04 1.072219e+04 1.079024e+04
25.5 1.077390e+04 1.072102e+04 1.072506e+04 1.077794e+04
26.5 1.062490e+04 1.072219e+04 1.072812e+04 1.063083e+04
27.5 1.067108e+04 1.072313e+04 1.073106e+04 1.067902e+04
28.5 1.061816e+04 1.072378e+04 1.073370e+04 1.062808e+04
29.5 1.052753e+04 1.072417e+04 1.073593e+04 1.053929e+04
30.5 1.087339e+04 1.072409e+04 1.073773e+04 1.088703e+04
31.5 1.073190e+04 1.072319e+04 1.073914e+04 1.074785e+04
32.5 1.070254e+04 1.072660e+04 1.074020e+04 1.071615e+04
33.5 1.070689e+04 1.074243e+04 1.074099e+04 1.070545e+04
34.5 1.080855e+04 1.077182e+04 1.074156e+04 1.077829e+04
35.5 1.085131e+04 1.080843e+04 1.074197e+04 1.078486e+04
36.5 1.098445e+04 1.084431e+04 1.074226e+04 1.088240e+04
37.5 1.087346e+04 1.087419e+04 1.074247e+04 1.074175e+04
38.5 1.093402e+04 1.089620e+04 1.074263e+04 1.078045e+04
39.5 1.102913e+04 1.091075e+04 1.074275e+04 1.086112e+04
40.5 1.094540e+04 1.091946e+04 1.074284e+04 1.076878e+04
41.5 1.099004e+04 1.092427e+04 1.074291e+04 1.080868e+04
42.5 1.089688e+04 1.092143e+04 1.074297e+04 1.071842e+04
43.5 1.082678e+04 1.090389e+04 1.074302e+04 1.066591e+04
44.5 1.087968e+04 1.087139e+04 1.074307e+04 1.075136e+04
45.5 1.103461e+04 1.083092e+04 1.074310e+04 1.094680e+04
0.5 1.061104e+04 1.070616e+04 1.074016e+04 1.064504e+04
1.5 1.074167e+04 1.071122e+04 1.074099e+04 1.077144e+04
2.5 1.091433e+04 1.072455e+04 1.074881e+04 1.093859e+04
3.5 1.072087e+04 1.074685e+04 1.076961e+04 1.074363e+04
4.5 1.086645e+04 1.077212e+04 1.080144e+04 1.089577e+04
5.5 1.080260e+04 1.079425e+04 1.083704e+04 1.084540e+04
6.5 1.066315e+04 1.081049e+04 1.086957e+04 1.072223e+04
7.5 1.077004e+04 1.082091e+04 1.089532e+04 1.084445e+04
8.5 1.093950e+04 1.082679e+04 1.091352e+04 1.102624e+04
9.5 1.091128e+04 1.082950e+04 1.092507e+04 1.100685e+04
10.5 1.084610e+04 1.082976e+04 1.093141e+04 1.094775e+04
11.5 1.088000e+04 1.082550e+04 1.093298e+04 1.098748e+04
12.5 1.081777e+04 1.081177e+04 1.092491e+04 1.093092e+04
13.5 1.091761e+04 1.078831e+04 1.090214e+04 1.103144e+04
14.5 1.086192e+04 1.076148e+04 1.086732e+04 1.096776e+04
15.5 1.064123e+04 1.073767e+04 1.082823e+04 1.073180e+04
16.5 1.064279e+04 1.071982e+04 1.079213e+04 1.071510e+04
17.5 1.088475e+04 1.070797e+04 1.076299e+04 1.093978e+04
18.5 1.084194e+04 1.070091e+04 1.074176e+04 1.088278e+04
19.5 1.056054e+04 1.069727e+04 1.072761e+04 1.059087e+04
20.5 1.071052e+04 1.069594e+04 1.071909e+04 1.073367e+04
21.5 1.088317e+04 1.069615e+04 1.071477e+04 1.090179e+04
22.5 1.059680e+04 1.069733e+04 1.071342e+04 1.061289e+04
23.5 1.062542e+04 1.069907e+04 1.071406e+04 1.064041e+04
24.5 1.065283e+04 1.070104e+04 1.071594e+04 1.066772e+04
25.5 1.065298e+04 1.070302e+04 1.071845e+04 1.066841e+04
26.5 1.073237e+04 1.070483e+04 1.072116e+04 1.074870e+04
27.5 1.064803e+04 1.070639e+04 1.072374e+04 1.066539e+04
28.5 1.052188e+04 1.070765e+04 1.072601e+04 1.054024e+04
29.5 1.072116e+04 1.070864e+04 1.072788e+04 1.074040e+04
30.5 1.078465e+04 1.070914e+04 1.072932e+04 1.080483e+04
31.5 1.080722e+04 1.070881e+04 1.073036e+04 1.082877e+04
32.5 1.080374e+04 1.071276e+04 1.073105e+04 1.082203e+04
33.5 1.072687e+04 1.072913e+04 1.073146e+04 1.072921e+04
34.5 1.093959e+04 1.075904e+04 1.073165e+04 1.091220e+04
35.5 1.076296e+04 1.079615e+04 1.073168e+04 1.069849e+04
36.5 1.073601e+04 1.083249e+04 1.073160e+04 1.063512e+04
37.5 1.096147e+04 1.086282e+04 1.073142e+04 1.083006e+04
38.5 1.069718e+04 1.088531e+04 1.073119e+04 1.054306e+04
39.5 1.074764e+04 1.090032e+04 1.073091e+04 1.057824e+04
40.5 1.071099e+04 1.090947e+04 1.073061e+04 1.053212e+04
41.5 1.086455e+04 1.091471e+04 1.073028e+04 1.068012e+04
42.5 1.081091e+04 1.091229e+04 1.072994e+04 1.062855e+04
43.5 1.090719e+04 1.089518e+04 1.072958e+04 1.074159e+04
44.5 1.085349e+04 1.086308e+04 1.072921e+04 1.071962e+04
45.5 1.085388e+04 1.082301e+04 1.072883e+04 1.075970e+04
0.5 1.062801e+04 1.070594e+04 1.072179e+04 1.064385e+04
1.5 1.080972e+04 1.071101e+04 1.072220e+04 1.082091e+04
2.5 1.072581e+04 1.072435e+04 1.072960e+04 1.073106e+04
3.5 1.074471e+04 1.074664e+04 1.074995e+04 1.074802e+04
4.5 1.080877e+04 1.077188e+04 1.078130e+04 1.081819e+04
5.5 1.103542e+04 1.079397e+04 1.081640e+04 1.105785e+04
6.5 1.084730e+04 1.081015e+04 1.084840e+04 1.088555e+04
7.5 1.094982e+04 1.082050e+04 1.087358e+04 1.100290e+04
8.5 1.096083e+04 1.082628e+04 1.089117e+04 1.102572e+04
9.5 1.090993e+04 1.082890e+04 1.090208e+04 1.098311e+04
10.5 1.083181e+04 1.083078e+04 1.090775e+04 1.090878e+04
