0.5 8.739253e+03 8.830244e+03 8.890440e+03 8.799449e+03
1.5 9.041251e+03 8.869523e+03 8.909471e+03 9.081199e+03
2.5 8.999068e+03 8.990666e+03 8.956623e+03 8.965025e+03
3.5 9.301496e+03 9.179788e+03 9.012382e+03 9.134090e+03
4.5 9.440102e+03 9.368868e+03 9.045274e+03 9.116507e+03
5.5 9.660317e+03 9.507881e+03 9.044148e+03 9.196584e+03
6.5 9.621018e+03 9.587105e+03 9.018030e+03 9.051943e+03
7.5 9.577606e+03 9.620284e+03 8.981737e+03 8.939059e+03
8.5 9.681332e+03 9.625541e+03 8.946330e+03 9.002121e+03
9.5 9.582390e+03 9.616418e+03 8.917055e+03 8.883026e+03
10.5 9.570342e+03 9.596268e+03 8.892693e+03 8.866766e+03
11.5 9.622271e+03 9.537674e+03 8.858071e+03 8.942667e+03
12.5 9.427195e+03 9.397039e+03 8.800487e+03 8.830643e+03
13.5 9.350947e+03 9.189759e+03 8.738330e+03 8.899518e+03
14.5 9.216850e+03 8.984663e+03 8.702080e+03 8.934266e+03
15.5 8.972327e+03 8.832372e+03 8.702125e+03 8.842079e+03
16.5 8.726619e+03 8.742854e+03 8.728773e+03 8.712539e+03
17.5 8.438102e+03 8.702279e+03 8.766630e+03 8.502453e+03
18.5 8.585898e+03 8.692189e+03 8.804140e+03 8.697849e+03
19.5 8.344446e+03 8.698548e+03 8.835669e+03 8.481567e+03
20.5 8.323223e+03 8.713001e+03 8.859830e+03 8.470052e+03
21.5 8.570037e+03 8.731103e+03 8.877281e+03 8.716214e+03
22.5 8.535178e+03 8.750402e+03 8.889249e+03 8.674025e+03
23.5 8.330932e+03 8.769300e+03 8.896902e+03 8.458534e+03
24.5 8.631619e+03 8.786633e+03 8.901206e+03 8.746192e+03
25.5 8.639873e+03 8.801610e+03 8.902969e+03 8.741232e+03
26.5 8.618922e+03 8.813841e+03 8.902907e+03 8.707987e+03
27.5 8.731729e+03 8.823311e+03 8.901649e+03 8.810068e+03
28.5 8.826548e+03 8.830286e+03 8.899732e+03 8.895994e+03
29.5 8.677457e+03 8.835197e+03 8.897573e+03 8.739833e+03
30.5 8.963346e+03 8.838316e+03 8.895464e+03 9.020494e+03
31.5 8.966578e+03 8.837902e+03 8.893584e+03 9.022261e+03
32.5 9.046197e+03 8.827521e+03 8.892014e+03 9.110691e+03
33.5 8.941987e+03 8.803407e+03 8.890769e+03 9.029350e+03
34.5 8.833053e+03 8.770375e+03 8.889823e+03 8.952500e+03
35.5 8.904471e+03 8.736520e+03 8.889129e+03 9.057080e+03
36.5 8.936938e+03 8.707722e+03 8.888634e+03 9.117850e+03
37.5 8.696648e+03 8.686293e+03 8.888287e+03 8.898643e+03
38.5 8.497294e+03 8.672031e+03 8.888047e+03 8.713310e+03
39.5 8.925972e+03 8.663628e+03 8.887883e+03 9.150227e+03
40.5 8.856116e+03 8.659794e+03 8.887771e+03 9.084093e+03
41.5 8.853952e+03 8.661431e+03 8.887692e+03 9.080213e+03
42.5 8.900004e+03 8.674336e+03 8.887634e+03 9.113302e+03
43.5 8.859357e+03 8.701785e+03 8.887590e+03 9.045163e+03
44.5 8.663875e+03 8.738563e+03 8.887555e+03 8.812867e+03
45.5 8.667914e+03 8.776249e+03 8.887523e+03 8.779188e+03
0.5 9.001281e+03 8.843120e+03 8.889206e+03 9.047367e+03
1.5 9.057267e+03 8.881605e+03 8.908212e+03 9.083874e+03
2.5 9.302456e+03 9.001875e+03 8.955334e+03 9.255915e+03
3.5 9.312891e+03 9.189973e+03 9.011056e+03 9.133973e+03
4.5 9.437630e+03 9.377863e+03 9.043910e+03 9.103677e+03
5.5 9.369249e+03 9.515532e+03 9.042752e+03 8.896469e+03
6.5 9.651797e+03 9.593287e+03 9.016611e+03 9.075122e+03
7.5 9.382812e+03 9.624902e+03 8.980305e+03 8.738215e+03
8.5 9.304463e+03 9.628523e+03 8.944895e+03 8.620834e+03
9.5 9.601473e+03 9.617714e+03 8.915622e+03 8.899380e+03
10.5 9.642962e+03 9.595843e+03 8.891267e+03 8.938386e+03
11.5 9.492735e+03 9.535606e+03 8.856703e+03 8.813832e+03
12.5 9.638515e+03 9.393381e+03 8.799174e+03 9.044307e+03
13.5 9.375864e+03 9.184377e+03 8.737020e+03 8.928508e+03
14.5 9.141409e+03 8.977541e+03 8.700776e+03 8.864644e+03
15.5 8.960230e+03 8.823498e+03 8.700828e+03 8.837560e+03
16.5 8.742521e+03 8.732217e+03 8.727485e+03 8.737789e+03
17.5 8.441822e+03 8.689867e+03 8.765351e+03 8.517305e+03
18.5 8.341472e+03 8.677994e+03 8.802872e+03 8.466349e+03
19.5 8.219628e+03 8.682562e+03 8.834411e+03 8.371477e+03
20.5 8.491829e+03 8.695217e+03 8.858585e+03 8.655197e+03
21.5 8.683734e+03 8.711516e+03 8.876049e+03 8.848267e+03
22.5 8.753112e+03 8.729007e+03 8.888031e+03 8.912137e+03
23.5 8.807358e+03 8.746091e+03 8.895699e+03 8.956967e+03
24.5 8.823029e+03 8.761604e+03 8.900017e+03 8.961443e+03
25.5 8.830219e+03 8.774758e+03 8.901797e+03 8.957258e+03
26.5 8.811836e+03 8.785161e+03 8.901751e+03 8.928425e+03
27.5 8.830075e+03 8.792798e+03 8.900510e+03 8.937787e+03
28.5 8.732201e+03 8.797937e+03 8.898609e+03 8.832874e+03
29.5 9.017892e+03 8.801007e+03 8.896467e+03 9.113352e+03
30.5 8.895464e+03 8.802281e+03 8.894376e+03 8.987559e+03
31.5 8.647522e+03 8.800016e+03 8.892513e+03 8.740020e+03
32.5 8.615611e+03 8.787779e+03 8.890961e+03 8.718793e+03
33.5 8.414531e+03 8.761804e+03 8.889733e+03 8.542460e+03
34.5 8.615879e+03 8.726906e+03 8.888803e+03 8.777776e+03
35.5 8.671994e+03 8.691178e+03 8.888127e+03 8.868943e+03
36.5 8.653720e+03 8.660454e+03 8.887647e+03 8.880913e+03
37.5 8.527065e+03 8.637082e+03 8.887315e+03 8.777299e+03
38.5 8.499162e+03 8.620910e+03 8.887090e+03 8.765342e+03
39.5 8.506408e+03 8.610587e+03 8.886941e+03 8.782762e+03
40.5 8.501279e+03 8.604821e+03 8.886842e+03 8.783300e+03
41.5 8.616235e+03 8.604516e+03 8.886777e+03 8.898496e+03
42.5 8.821254e+03 8.615469e+03 8.886732e+03 9.092516e+03
43.5 8.667146e+03 8.640960e+03 8.886700e+03 8.912887e+03
44.5 8.796692e+03 8.675774e+03 8.886676e+03 9.007594e+03
45.5 8.815848e+03 8.711488e+03 8.886654e+03 8.991014e+03
0.5 8.896750e+03 8.758678e+03 8.888700e+03 9.026772e+03
1.5 8.724603e+03 8.795254e+03 8.907681e+03 8.837029e+03
2.5 9.068689e+03 8.913543e+03 8.954767e+03 9.109913e+03
3.5 9.055654e+03 9.099543e+03 9.010428e+03 8.966539e+03
4.5 9.392978e+03 9.285174e+03 9.043190e+03 9.150993e+03
5.5 9.386281e+03 9.420411e+03 9.041914e+03 9.007784e+03
6.5 9.419810e+03 9.495577e+03 9.015649e+03 8.939882e+03
7.5 9.386106e+03 9.524467e+03 8.979223e+03 8.840862e+03
8.5 9.557233e+03 9.525250e+03 8.943705e+03 8.975689e+03
9.5 9.154147e+03 9.511510e+03 8.914341e+03 8.556978e+03
10.5 9.366132e+03 9.488764e+03 8.889908e+03 8.767275e+03
