0.5 9.930003e+03 9.851557e+03 9.944840e+03 1.002329e+04
1.5 9.972024e+03 9.862842e+03 9.932973e+03 1.004216e+04
2.5 1.007908e+04 9.889731e+03 9.903571e+03 1.009292e+04
3.5 9.903898e+03 9.926331e+03 9.868803e+03 9.846371e+03
4.5 1.002649e+04 9.957502e+03 9.848293e+03 9.917283e+03
5.5 1.019846e+04 9.974809e+03 9.848995e+03 1.007265e+04
6.5 1.021432e+04 9.979178e+03 9.865281e+03 1.010042e+04
7.5 9.902443e+03 9.975641e+03 9.887911e+03 9.814714e+03
8.5 9.766856e+03 9.968892e+03 9.909989e+03 9.707953e+03
9.5 9.832875e+03 9.961758e+03 9.928244e+03 9.799361e+03
10.5 9.822645e+03 9.954374e+03 9.943435e+03 9.811705e+03
11.5 9.963690e+03 9.940025e+03 9.965023e+03 9.988689e+03
12.5 9.744392e+03 9.910615e+03 1.000093e+04 9.834706e+03
13.5 9.875583e+03 9.872146e+03 1.003969e+04 1.004312e+04
14.5 9.938396e+03 9.839758e+03 1.006229e+04 1.016093e+04
15.5 9.871143e+03 9.821878e+03 1.006226e+04 1.011153e+04
16.5 9.875520e+03 9.817521e+03 1.004565e+04 1.010365e+04
17.5 9.881372e+03 9.821561e+03 1.002204e+04 1.008185e+04
18.5 9.950402e+03 9.829174e+03 9.998652e+03 1.011988e+04
19.5 9.839153e+03 9.837401e+03 9.978992e+03 9.980744e+03
20.5 9.724247e+03 9.844927e+03 9.963926e+03 9.843246e+03
21.5 9.867437e+03 9.851366e+03 9.953045e+03 9.969116e+03
22.5 9.929825e+03 9.856699e+03 9.945582e+03 1.001871e+04
23.5 9.929063e+03 9.860999e+03 9.940810e+03 1.000887e+04
24.5 9.857127e+03 9.864344e+03 9.938127e+03 9.930909e+03
25.5 9.976095e+03 9.866823e+03 9.937027e+03 1.004630e+04
26.5 9.899215e+03 9.868549e+03 9.937066e+03 9.967732e+03
27.5 9.852426e+03 9.869664e+03 9.937850e+03 9.920612e+03
28.5 1.000527e+04 9.870321e+03 9.939046e+03 1.007399e+04
29.5 9.757865e+03 9.870669e+03 9.940392e+03 9.827588e+03
30.5 9.845658e+03 9.871469e+03 9.941707e+03 9.915896e+03
31.5 9.921354e+03 9.878314e+03 9.942879e+03 9.985919e+03
32.5 9.894297e+03 9.904474e+03 9.943858e+03 9.933680e+03
33.5 9.913553e+03 9.954757e+03 9.944634e+03 9.903430e+03
34.5 1.011670e+04 1.001744e+04 9.945225e+03 1.004449e+04
35.5 1.014115e+04 1.007732e+04 9.945657e+03 1.000949e+04
36.5 1.022269e+04 1.012535e+04 9.945965e+03 1.004330e+04
37.5 1.025119e+04 1.015928e+04 9.946182e+03 1.003808e+04
38.5 1.053503e+04 1.018080e+04 9.946332e+03 1.030057e+04
39.5 1.035886e+04 1.019280e+04 9.946434e+03 1.011249e+04
40.5 1.028538e+04 1.019741e+04 9.946504e+03 1.003448e+04
41.5 1.038069e+04 1.019125e+04 9.946553e+03 1.013600e+04
42.5 1.012468e+04 1.016273e+04 9.946589e+03 9.908537e+03
43.5 1.014740e+04 1.010827e+04 9.946616e+03 9.985746e+03
44.5 9.904646e+03 1.004056e+04 9.946639e+03 9.810730e+03
45.5 9.784402e+03 9.975462e+03 9.946658e+03 9.755599e+03
0.5 9.890943e+03 9.876428e+03 9.945609e+03 9.960124e+03
1.5 9.808708e+03 9.887454e+03 9.933758e+03 9.855012e+03
2.5 9.868382e+03 9.914130e+03 9.904375e+03 9.858627e+03
3.5 9.889104e+03 9.950500e+03 9.869630e+03 9.808235e+03
4.5 9.856258e+03 9.981396e+03 9.849143e+03 9.724005e+03
5.5 9.960603e+03 9.998378e+03 9.849866e+03 9.812090e+03
6.5 9.863178e+03 1.000238e+04 9.866165e+03 9.726960e+03
7.5 9.883955e+03 9.998452e+03 9.888804e+03 9.774307e+03
8.5 9.787490e+03 9.991293e+03 9.910885e+03 9.707082e+03
9.5 9.952672e+03 9.983743e+03 9.929138e+03 9.898067e+03
10.5 1.003033e+04 9.975947e+03 9.944324e+03 9.998707e+03
11.5 1.010982e+04 9.961223e+03 9.965876e+03 1.011448e+04
12.5 1.007153e+04 9.931456e+03 1.000175e+04 1.014182e+04
13.5 1.004546e+04 9.892613e+03 1.004050e+04 1.019335e+04
14.5 9.843102e+03 9.859867e+03 1.006310e+04 1.004634e+04
15.5 9.807935e+03 9.841649e+03 1.006307e+04 1.002936e+04
16.5 9.642893e+03 9.836973e+03 1.004645e+04 9.852370e+03
17.5 9.781612e+03 9.840710e+03 1.002284e+04 9.963741e+03
18.5 9.970975e+03 9.848037e+03 9.999443e+03 1.012238e+04
19.5 9.872216e+03 9.855995e+03 9.979776e+03 9.995997e+03
20.5 9.955325e+03 9.863268e+03 9.964703e+03 1.005676e+04
21.5 9.931146e+03 9.869470e+03 9.953813e+03 1.001549e+04
22.5 9.914068e+03 9.874582e+03 9.946342e+03 9.985827e+03
23.5 9.821849e+03 9.878676e+03 9.941560e+03 9.884733e+03
24.5 9.727921e+03 9.881828e+03 9.938868e+03 9.784961e+03
25.5 9.787915e+03 9.884127e+03 9.937758e+03 9.841546e+03
26.5 9.768241e+03 9.885685e+03 9.937787e+03 9.820343e+03
27.5 9.843323e+03 9.886645e+03 9.938561e+03 9.895239e+03
28.5 1.010051e+04 9.887158e+03 9.939746e+03 1.015310e+04
29.5 9.955392e+03 9.887374e+03 9.941081e+03 1.000910e+04
30.5 9.872170e+03 9.888051e+03 9.942385e+03 9.926504e+03
31.5 9.718875e+03 9.894783e+03 9.943547e+03 9.767639e+03
32.5 9.883712e+03 9.920841e+03 9.944515e+03 9.907386e+03
33.5 1.003093e+04 9.971029e+03 9.945280e+03 1.000518e+04
34.5 1.007056e+04 1.003362e+04 9.945860e+03 9.982797e+03
35.5 1.012123e+04 1.009343e+04 9.946282e+03 9.974084e+03
36.5 1.016129e+04 1.014134e+04 9.946581e+03 9.966524e+03
37.5 1.014575e+04 1.017512e+04 9.946788e+03 9.917414e+03
38.5 1.004708e+04 1.019653e+04 9.946928e+03 9.797477e+03
39.5 1.012292e+04 1.020844e+04 9.947021e+03 9.861505e+03
40.5 1.012059e+04 1.021294e+04 9.947083e+03 9.854735e+03
41.5 1.026209e+04 1.020669e+04 9.947124e+03 1.000252e+04
42.5 1.024514e+04 1.017808e+04 9.947152e+03 1.001421e+04
43.5 9.906716e+03 1.012355e+04 9.947171e+03 9.730336e+03
44.5 9.982539e+03 1.005578e+04 9.947187e+03 9.873944e+03
45.5 9.798798e+03 9.990666e+03 9.947200e+03 9.755332e+03
0.5 9.915406e+03 9.887446e+03 9.945924e+03 9.973884e+03
1.5 1.011624e+04 9.898555e+03 9.934089e+03 1.015178e+04
2.5 9.975719e+03 9.925315e+03 9.904728e+03 9.955132e+03
3.5 1.001124e+04 9.961760e+03 9.870021e+03 9.919500e+03
4.5 1.011304e+04 9.992719e+03 9.849593e+03 9.969914e+03
5.5 1.007174e+04 1.000975e+04 9.850388e+03 9.912373e+03
6.5 1.009485e+04 1.001380e+04 9.866766e+03 9.947821e+03
7.5 1.000050e+04 1.000991e+04 9.889479e+03 9.880069e+03
8.5 1.001326e+04 1.000280e+04 9.911626e+03 9.922085e+03
9.5 1.008131e+04 9.995310e+03 9.929936e+03 1.001594e+04
10.5 1.008278e+04 9.990126e+03 9.945171e+03 1.003782e+04
