0.5 6.485593e+03 6.468590e+03 6.486156e+03 6.503158e+03
1.5 6.562400e+03 6.493098e+03 6.498896e+03 6.568198e+03
2.5 6.670475e+03 6.567715e+03 6.530463e+03 6.633222e+03
3.5 6.726676e+03 6.680652e+03 6.567791e+03 6.613815e+03
4.5 6.845766e+03 6.788556e+03 6.589811e+03 6.647021e+03
5.5 6.944909e+03 6.862219e+03 6.589057e+03 6.671746e+03
6.5 6.982217e+03 6.898452e+03 6.571572e+03 6.655337e+03
7.5 6.852249e+03 6.907884e+03 6.547275e+03 6.491641e+03
8.5 6.887549e+03 6.902644e+03 6.523572e+03 6.508477e+03
9.5 6.864613e+03 6.891123e+03 6.503973e+03 6.477464e+03
10.5 6.846421e+03 6.874830e+03 6.487664e+03 6.459254e+03
11.5 6.861431e+03 6.835742e+03 6.464486e+03 6.490175e+03
12.5 6.737814e+03 6.747753e+03 6.425936e+03 6.415997e+03
13.5 6.742977e+03 6.623186e+03 6.384324e+03 6.504115e+03
14.5 6.629853e+03 6.505579e+03 6.360056e+03 6.484330e+03
15.5 6.511394e+03 6.424262e+03 6.360086e+03 6.447218e+03
16.5 6.335294e+03 6.382389e+03 6.377927e+03 6.330831e+03
17.5 6.180456e+03 6.369140e+03 6.403270e+03 6.214586e+03
18.5 6.245887e+03 6.372084e+03 6.428382e+03 6.302185e+03
19.5 6.145229e+03 6.382469e+03 6.449489e+03 6.212248e+03
20.5 6.092464e+03 6.395530e+03 6.465664e+03 6.162598e+03
21.5 6.283000e+03 6.409041e+03 6.477346e+03 6.351305e+03
22.5 6.261692e+03 6.421967e+03 6.485359e+03 6.325083e+03
23.5 6.221756e+03 6.433717e+03 6.490482e+03 6.278521e+03
24.5 6.300583e+03 6.443884e+03 6.493363e+03 6.350062e+03
25.5 6.395255e+03 6.452230e+03 6.494544e+03 6.437569e+03
26.5 6.300683e+03 6.458703e+03 6.494502e+03 6.336481e+03
27.5 6.483274e+03 6.463437e+03 6.493660e+03 6.513497e+03
28.5 6.457710e+03 6.466694e+03 6.492376e+03 6.483392e+03
29.5 6.381854e+03 6.468798e+03 6.490931e+03 6.403987e+03
30.5 6.546288e+03 6.470076e+03 6.489519e+03 6.565732e+03
31.5 6.601615e+03 6.470130e+03 6.488261e+03 6.619746e+03
32.5 6.592474e+03 6.464662e+03 6.487210e+03 6.615022e+03
33.5 6.510962e+03 6.449216e+03 6.486376e+03 6.548123e+03
34.5 6.467356e+03 6.425226e+03 6.485743e+03 6.527872e+03
35.5 6.471908e+03 6.398203e+03 6.485278e+03 6.558983e+03
36.5 6.500668e+03 6.373399e+03 6.484947e+03 6.612216e+03
37.5 6.353915e+03 6.353694e+03 6.484715e+03 6.484936e+03
38.5 6.291089e+03 6.339722e+03 6.484554e+03 6.435921e+03
39.5 6.452491e+03 6.330827e+03 6.484444e+03 6.606109e+03
40.5 6.446292e+03 6.325899e+03 6.484369e+03 6.604762e+03
41.5 6.408625e+03 6.324540e+03 6.484316e+03 6.568402e+03
42.5 6.467312e+03 6.330376e+03 6.484277e+03 6.621214e+03
43.5 6.456553e+03 6.347320e+03 6.484248e+03 6.593481e+03
44.5 6.395452e+03 6.373500e+03 6.484224e+03 6.506176e+03
45.5 6.321958e+03 6.403052e+03 6.484203e+03 6.403110e+03
0.5 6.579988e+03 6.470876e+03 6.485330e+03 6.594442e+03
1.5 6.594654e+03 6.495205e+03 6.498054e+03 6.597502e+03
2.5 6.732410e+03 6.569556e+03 6.529600e+03 6.692454e+03
3.5 6.798075e+03 6.682105e+03 6.566903e+03 6.682873e+03
4.5 6.767412e+03 6.789500e+03 6.588898e+03 6.566809e+03
5.5 6.725642e+03 6.862548e+03 6.588122e+03 6.451216e+03
6.5 6.934828e+03 6.898080e+03 6.570622e+03 6.607371e+03
7.5 6.710892e+03 6.906747e+03 6.546317e+03 6.350462e+03
8.5 6.773429e+03 6.900694e+03 6.522611e+03 6.395345e+03
9.5 6.885354e+03 6.888325e+03 6.503014e+03 6.500043e+03
10.5 6.916234e+03 6.871160e+03 6.486709e+03 6.531784e+03
11.5 6.894679e+03 6.831246e+03 6.463571e+03 6.527004e+03
12.5 6.944792e+03 6.742454e+03 6.425057e+03 6.627394e+03
13.5 6.767664e+03 6.616998e+03 6.383448e+03 6.534114e+03
14.5 6.688899e+03 6.498489e+03 6.359184e+03 6.549594e+03
15.5 6.480862e+03 6.416261e+03 6.359218e+03 6.423819e+03
16.5 6.304619e+03 6.373468e+03 6.377064e+03 6.308215e+03
17.5 6.134728e+03 6.359290e+03 6.402414e+03 6.177852e+03
18.5 6.142185e+03 6.361297e+03 6.427532e+03 6.208420e+03
19.5 6.135368e+03 6.370740e+03 6.448647e+03 6.213274e+03
20.5 6.287272e+03 6.382853e+03 6.464830e+03 6.369249e+03
21.5 6.402749e+03 6.395410e+03 6.476522e+03 6.483861e+03
22.5 6.449421e+03 6.407377e+03 6.484543e+03 6.526588e+03
23.5 6.474286e+03 6.418163e+03 6.489677e+03 6.545799e+03
24.5 6.490797e+03 6.427363e+03 6.492568e+03 6.556001e+03
25.5 6.516489e+03 6.434736e+03 6.493759e+03 6.575512e+03
26.5 6.403224e+03 6.440232e+03 6.493728e+03 6.456720e+03
27.5 6.458167e+03 6.443986e+03 6.492897e+03 6.507078e+03
28.5 6.418181e+03 6.446258e+03 6.491625e+03 6.463548e+03
29.5 6.530941e+03 6.447373e+03 6.490191e+03 6.573759e+03
30.5 6.490879e+03 6.447659e+03 6.488791e+03 6.532011e+03
31.5 6.303687e+03 6.446716e+03 6.487544e+03 6.344515e+03
32.5 6.341256e+03 6.440247e+03 6.486504e+03 6.387513e+03
33.5 6.235989e+03 6.423796e+03 6.485682e+03 6.297876e+03
34.5 6.294819e+03 6.398797e+03 6.485060e+03 6.381082e+03
35.5 6.332012e+03 6.370760e+03 6.484607e+03 6.445859e+03
36.5 6.343214e+03 6.344908e+03 6.484286e+03 6.482592e+03
37.5 6.222370e+03 6.324149e+03 6.484064e+03 6.382284e+03
38.5 6.206700e+03 6.309144e+03 6.483913e+03 6.381469e+03
39.5 6.234012e+03 6.299209e+03 6.483813e+03 6.418616e+03
40.5 6.216906e+03 6.293235e+03 6.483747e+03 6.407419e+03
41.5 6.298695e+03 6.290823e+03 6.483703e+03 6.491575e+03
42.5 6.380186e+03 6.295600e+03 6.483674e+03 6.568259e+03
43.5 6.309051e+03 6.311482e+03 6.483652e+03 6.481221e+03
44.5 6.394602e+03 6.336596e+03 6.483636e+03 6.541642e+03
45.5 6.437339e+03 6.365075e+03 6.483621e+03 6.555885e+03
0.5 6.515586e+03 6.422791e+03 6.484991e+03 6.577786e+03
1.5 6.508051e+03 6.446054e+03 6.497698e+03 6.559695e+03
2.5 6.614242e+03 6.519297e+03 6.529220e+03 6.624166e+03
3.5 6.644798e+03 6.630668e+03 6.566483e+03 6.580613e+03
4.5 6.810735e+03 6.736790e+03 6.588415e+03 6.662360e+03
5.5 6.812547e+03 6.808466e+03 6.587561e+03 6.591642e+03
6.5 6.808964e+03 6.842539e+03 6.569978e+03 6.536403e+03
7.5 6.719258e+03 6.849673e+03 6.545592e+03 6.415177e+03
8.5 6.823214e+03 6.842029e+03 6.521815e+03 6.503000e+03
9.5 6.655254e+03 6.828020e+03 6.502156e+03 6.329390e+03
10.5 6.743417e+03 6.810518e+03 6.485800e+03 6.418698e+03
