0.5 1.098493e+04 1.075848e+04 1.076196e+04 1.098840e+04
1.5 1.094808e+04 1.075898e+04 1.075088e+04 1.093998e+04
2.5 1.092070e+04 1.076852e+04 1.072341e+04 1.087559e+04
3.5 1.092809e+04 1.078774e+04 1.069094e+04 1.083129e+04
4.5 1.075852e+04 1.081050e+04 1.067178e+04 1.061980e+04
5.5 1.080323e+04 1.083059e+04 1.067244e+04 1.064508e+04
6.5 1.070970e+04 1.084513e+04 1.068765e+04 1.055222e+04
7.5 1.080209e+04 1.085412e+04 1.070879e+04 1.065676e+04
8.5 1.072269e+04 1.085874e+04 1.072941e+04 1.059336e+04
9.5 1.076197e+04 1.086032e+04 1.074646e+04 1.064810e+04
10.5 1.071105e+04 1.085955e+04 1.076065e+04 1.061215e+04
11.5 1.063628e+04 1.085430e+04 1.078081e+04 1.056279e+04
12.5 1.082835e+04 1.083964e+04 1.081435e+04 1.080306e+04
13.5 1.076235e+04 1.081530e+04 1.085055e+04 1.079760e+04
14.5 1.081799e+04 1.078762e+04 1.087166e+04 1.090203e+04
15.5 1.084415e+04 1.076298e+04 1.087164e+04 1.095280e+04
16.5 1.079090e+04 1.074432e+04 1.085612e+04 1.090270e+04
17.5 1.075074e+04 1.073168e+04 1.083407e+04 1.085313e+04
18.5 1.075256e+04 1.072385e+04 1.081222e+04 1.084093e+04
19.5 1.078568e+04 1.071946e+04 1.079386e+04 1.086008e+04
20.5 1.071756e+04 1.071740e+04 1.077979e+04 1.077995e+04
21.5 1.081128e+04 1.071688e+04 1.076962e+04 1.086402e+04
22.5 1.077789e+04 1.071735e+04 1.076265e+04 1.082319e+04
23.5 1.081680e+04 1.071840e+04 1.075820e+04 1.085659e+04
24.5 1.078775e+04 1.071971e+04 1.075569e+04 1.082373e+04
25.5 1.077390e+04 1.072102e+04 1.075466e+04 1.080754e+04
26.5 1.062490e+04 1.072219e+04 1.075470e+04 1.065740e+04
27.5 1.067108e+04 1.072313e+04 1.075543e+04 1.070338e+04
28.5 1.061816e+04 1.072378e+04 1.075655e+04 1.065093e+04
29.5 1.052753e+04 1.072417e+04 1.075781e+04 1.056117e+04
30.5 1.087339e+04 1.072409e+04 1.075903e+04 1.090833e+04
31.5 1.073190e+04 1.072319e+04 1.076013e+04 1.076884e+04
32.5 1.070254e+04 1.072660e+04 1.076104e+04 1.073698e+04
33.5 1.070689e+04 1.074243e+04 1.076177e+04 1.072623e+04
34.5 1.080855e+04 1.077182e+04 1.076232e+04 1.079904e+04
35.5 1.085131e+04 1.080843e+04 1.076272e+04 1.080561e+04
36.5 1.098445e+04 1.084431e+04 1.076301e+04 1.090315e+04
37.5 1.087346e+04 1.087419e+04 1.076321e+04 1.076249e+04
38.5 1.093402e+04 1.089620e+04 1.076335e+04 1.080117e+04
39.5 1.102913e+04 1.091075e+04 1.076345e+04 1.088182e+04
40.5 1.094540e+04 1.091946e+04 1.076351e+04 1.078945e+04
41.5 1.099004e+04 1.092427e+04 1.076356e+04 1.082933e+04
42.5 1.089688e+04 1.092143e+04 1.076359e+04 1.073905e+04
43.5 1.082678e+04 1.090389e+04 1.076362e+04 1.068651e+04
44.5 1.087968e+04 1.087139e+04 1.076364e+04 1.077194e+04
45.5 1.103461e+04 1.083092e+04 1.076366e+04 1.096735e+04
0.5 1.061104e+04 1.070616e+04 1.076268e+04 1.066756e+04
1.5 1.074167e+04 1.071122e+04 1.075161e+04 1.078206e+04
2.5 1.091433e+04 1.072455e+04 1.072416e+04 1.091394e+04
3.5 1.072087e+04 1.074685e+04 1.069171e+04 1.066573e+04
4.5 1.086645e+04 1.077212e+04 1.067257e+04 1.076690e+04
5.5 1.080260e+04 1.079425e+04 1.067325e+04 1.068160e+04
6.5 1.066315e+04 1.081049e+04 1.068847e+04 1.054113e+04
7.5 1.077004e+04 1.082091e+04 1.070962e+04 1.065875e+04
8.5 1.093950e+04 1.082679e+04 1.073024e+04 1.084296e+04
9.5 1.091128e+04 1.082950e+04 1.074729e+04 1.082908e+04
10.5 1.084610e+04 1.082976e+04 1.076148e+04 1.077783e+04
11.5 1.088000e+04 1.082550e+04 1.078161e+04 1.083611e+04
12.5 1.081777e+04 1.081177e+04 1.081511e+04 1.082112e+04
13.5 1.091761e+04 1.078831e+04 1.085131e+04 1.098061e+04
14.5 1.086192e+04 1.076148e+04 1.087242e+04 1.097286e+04
15.5 1.064123e+04 1.073767e+04 1.087239e+04 1.077595e+04
16.5 1.064279e+04 1.071982e+04 1.085687e+04 1.077984e+04
17.5 1.088475e+04 1.070797e+04 1.083481e+04 1.101160e+04
18.5 1.084194e+04 1.070091e+04 1.081296e+04 1.095399e+04
19.5 1.056054e+04 1.069727e+04 1.079459e+04 1.065786e+04
20.5 1.071052e+04 1.069594e+04 1.078051e+04 1.079509e+04
21.5 1.088317e+04 1.069615e+04 1.077034e+04 1.095736e+04
22.5 1.059680e+04 1.069733e+04 1.076336e+04 1.066283e+04
23.5 1.062542e+04 1.069907e+04 1.075890e+04 1.068525e+04
24.5 1.065283e+04 1.070104e+04 1.075638e+04 1.070817e+04
25.5 1.065298e+04 1.070302e+04 1.075534e+04 1.070530e+04
26.5 1.073237e+04 1.070483e+04 1.075537e+04 1.078291e+04
27.5 1.064803e+04 1.070639e+04 1.075609e+04 1.069774e+04
28.5 1.052188e+04 1.070765e+04 1.075720e+04 1.057143e+04
29.5 1.072116e+04 1.070864e+04 1.075845e+04 1.077097e+04
30.5 1.078465e+04 1.070914e+04 1.075967e+04 1.083518e+04
31.5 1.080722e+04 1.070881e+04 1.076075e+04 1.085916e+04
32.5 1.080374e+04 1.071276e+04 1.076166e+04 1.085264e+04
33.5 1.072687e+04 1.072913e+04 1.076237e+04 1.076012e+04
34.5 1.093959e+04 1.075904e+04 1.076291e+04 1.094346e+04
35.5 1.076296e+04 1.079615e+04 1.076331e+04 1.073011e+04
36.5 1.073601e+04 1.083249e+04 1.076359e+04 1.066711e+04
37.5 1.096147e+04 1.086282e+04 1.076378e+04 1.086242e+04
38.5 1.069718e+04 1.088531e+04 1.076391e+04 1.057578e+04
39.5 1.074764e+04 1.090032e+04 1.076400e+04 1.061132e+04
40.5 1.071099e+04 1.090947e+04 1.076405e+04 1.056557e+04
41.5 1.086455e+04 1.091471e+04 1.076409e+04 1.071393e+04
42.5 1.081091e+04 1.091229e+04 1.076412e+04 1.066273e+04
43.5 1.090719e+04 1.089518e+04 1.076414e+04 1.077615e+04
44.5 1.085349e+04 1.086308e+04 1.076415e+04 1.075456e+04
45.5 1.085388e+04 1.082301e+04 1.076416e+04 1.079503e+04
0.5 1.062801e+04 1.070594e+04 1.076297e+04 1.068504e+04
1.5 1.080972e+04 1.071101e+04 1.075192e+04 1.085063e+04
2.5 1.072581e+04 1.072435e+04 1.072449e+04 1.072596e+04
3.5 1.074471e+04 1.074664e+04 1.069208e+04 1.069015e+04
4.5 1.080877e+04 1.077188e+04 1.067299e+04 1.070988e+04
5.5 1.103542e+04 1.079397e+04 1.067374e+04 1.091518e+04
6.5 1.084730e+04 1.081015e+04 1.068904e+04 1.072619e+04
7.5 1.094982e+04 1.082050e+04 1.071025e+04 1.083957e+04
8.5 1.096083e+04 1.082628e+04 1.073094e+04 1.086549e+04
9.5 1.090993e+04 1.082890e+04 1.074804e+04 1.082907e+04
10.5 1.083181e+04 1.083078e+04 1.076227e+04 1.076329e+04
