0.5 6.692550e+03 6.675671e+03 6.706304e+03 6.723183e+03
1.5 6.702842e+03 6.675141e+03 6.705382e+03 6.733083e+03
2.5 6.654654e+03 6.672241e+03 6.698409e+03 6.680822e+03
3.5 6.662784e+03 6.666014e+03 6.680227e+03 6.676997e+03
4.5 6.693787e+03 6.657647e+03 6.652512e+03 6.688653e+03
5.5 6.642628e+03 6.649138e+03 6.621529e+03 6.615019e+03
6.5 6.657938e+03 6.641933e+03 6.593189e+03 6.609194e+03
7.5 6.631957e+03 6.636593e+03 6.570693e+03 6.566057e+03
8.5 6.627473e+03 6.633055e+03 6.554710e+03 6.549128e+03
9.5 6.602093e+03 6.630985e+03 6.544468e+03 6.515576e+03
10.5 6.637269e+03 6.630057e+03 6.538716e+03 6.545927e+03
11.5 6.630742e+03 6.630496e+03 6.537080e+03 6.537325e+03
12.5 6.652551e+03 6.633757e+03 6.543776e+03 6.562569e+03
13.5 6.655598e+03 6.640648e+03 6.563158e+03 6.578107e+03
14.5 6.667667e+03 6.649855e+03 6.592946e+03 6.610757e+03
15.5 6.688484e+03 6.659277e+03 6.626411e+03 6.655617e+03
16.5 6.662275e+03 6.667390e+03 6.657298e+03 6.652183e+03
17.5 6.650776e+03 6.673581e+03 6.682169e+03 6.659363e+03
18.5 6.689635e+03 6.677879e+03 6.700213e+03 6.711969e+03
19.5 6.660086e+03 6.680604e+03 6.712139e+03 6.691621e+03
20.5 6.669011e+03 6.682135e+03 6.719195e+03 6.706070e+03
21.5 6.694431e+03 6.682805e+03 6.722631e+03 6.734257e+03
22.5 6.657101e+03 6.682878e+03 6.723500e+03 6.697722e+03
23.5 6.647664e+03 6.682564e+03 6.722642e+03 6.687742e+03
24.5 6.696278e+03 6.682024e+03 6.720719e+03 6.734972e+03
25.5 6.685370e+03 6.681383e+03 6.718243e+03 6.722229e+03
26.5 6.658737e+03 6.680733e+03 6.715600e+03 6.693604e+03
27.5 6.673341e+03 6.680135e+03 6.713059e+03 6.706264e+03
28.5 6.663992e+03 6.679623e+03 6.710785e+03 6.695154e+03
29.5 6.641605e+03 6.679211e+03 6.708861e+03 6.671255e+03
30.5 6.714405e+03 6.678901e+03 6.707303e+03 6.742807e+03
31.5 6.677791e+03 6.679040e+03 6.706088e+03 6.704839e+03
32.5 6.659288e+03 6.681722e+03 6.705169e+03 6.682735e+03
33.5 6.675556e+03 6.688990e+03 6.704490e+03 6.691056e+03
34.5 6.698606e+03 6.700117e+03 6.703998e+03 6.702487e+03
35.5 6.701608e+03 6.712552e+03 6.703645e+03 6.692700e+03
36.5 6.716022e+03 6.723911e+03 6.703391e+03 6.695502e+03
37.5 6.740240e+03 6.732914e+03 6.703208e+03 6.710534e+03
38.5 6.729054e+03 6.739300e+03 6.703074e+03 6.692827e+03
39.5 6.779647e+03 6.743383e+03 6.702973e+03 6.739237e+03
40.5 6.725611e+03 6.745664e+03 6.702894e+03 6.682841e+03
41.5 6.735249e+03 6.746276e+03 6.702832e+03 6.691805e+03
42.5 6.717329e+03 6.743510e+03 6.702780e+03 6.676599e+03
43.5 6.711495e+03 6.735622e+03 6.702736e+03 6.678609e+03
44.5 6.679551e+03 6.723567e+03 6.702698e+03 6.658682e+03
45.5 6.682210e+03 6.710071e+03 6.702666e+03 6.674805e+03
0.5 6.654166e+03 6.679921e+03 6.705205e+03 6.679450e+03
1.5 6.681729e+03 6.679813e+03 6.704492e+03 6.706407e+03
2.5 6.666838e+03 6.677288e+03 6.697735e+03 6.687285e+03
3.5 6.661846e+03 6.671366e+03 6.679780e+03 6.670260e+03
4.5 6.650714e+03 6.663230e+03 6.652302e+03 6.639787e+03
5.5 6.657209e+03 6.654886e+03 6.621567e+03 6.623891e+03
6.5 6.675602e+03 6.647792e+03 6.593484e+03 6.621294e+03
7.5 6.662039e+03 6.642522e+03 6.571254e+03 6.590771e+03
8.5 6.640542e+03 6.639026e+03 6.555541e+03 6.557057e+03
9.5 6.639226e+03 6.636979e+03 6.545575e+03 6.547822e+03
10.5 6.655405e+03 6.636064e+03 6.540101e+03 6.559441e+03
11.5 6.634961e+03 6.636515e+03 6.538747e+03 6.537193e+03
12.5 6.658903e+03 6.639782e+03 6.545711e+03 6.564831e+03
13.5 6.602611e+03 6.646676e+03 6.565364e+03 6.521299e+03
14.5 6.656123e+03 6.655889e+03 6.595427e+03 6.595661e+03
15.5 6.641181e+03 6.665322e+03 6.629171e+03 6.605030e+03
16.5 6.657248e+03 6.673452e+03 6.660340e+03 6.644135e+03
17.5 6.686285e+03 6.679664e+03 6.685495e+03 6.692116e+03
18.5 6.704738e+03 6.683987e+03 6.703828e+03 6.724578e+03
19.5 6.687596e+03 6.686744e+03 6.716044e+03 6.716897e+03
20.5 6.702682e+03 6.688312e+03 6.723394e+03 6.737764e+03
21.5 6.715865e+03 6.689022e+03 6.727125e+03 6.753968e+03
22.5 6.684010e+03 6.689142e+03 6.728293e+03 6.723160e+03
23.5 6.649753e+03 6.688879e+03 6.727736e+03 6.688611e+03
24.5 6.616503e+03 6.688394e+03 6.726116e+03 6.654225e+03
25.5 6.634013e+03 6.687813e+03 6.723946e+03 6.670146e+03
26.5 6.691050e+03 6.687227e+03 6.721611e+03 6.725434e+03
27.5 6.690289e+03 6.686697e+03 6.719380e+03 6.722972e+03
28.5 6.736908e+03 6.686257e+03 6.717418e+03 6.768069e+03
29.5 6.762196e+03 6.685920e+03 6.715808e+03 6.792084e+03
30.5 6.696344e+03 6.685689e+03 6.714567e+03 6.725221e+03
31.5 6.680479e+03 6.685910e+03 6.713670e+03 6.708240e+03
32.5 6.715119e+03 6.688679e+03 6.713072e+03 6.739512e+03
33.5 6.696817e+03 6.696036e+03 6.712716e+03 6.713497e+03
34.5 6.754194e+03 6.707256e+03 6.712549e+03 6.759487e+03
35.5 6.743515e+03 6.719786e+03 6.712524e+03 6.736252e+03
36.5 6.744368e+03 6.731222e+03 6.712600e+03 6.725747e+03
37.5 6.744920e+03 6.740293e+03 6.712750e+03 6.717377e+03
38.5 6.737078e+03 6.746770e+03 6.712952e+03 6.703260e+03
39.5 6.737014e+03 6.750946e+03 6.713190e+03 6.699258e+03
40.5 6.775171e+03 6.753323e+03 6.713453e+03 6.735301e+03
41.5 6.750417e+03 6.754032e+03 6.713736e+03 6.710120e+03
42.5 6.760814e+03 6.751368e+03 6.714032e+03 6.723478e+03
43.5 6.754879e+03 6.743589e+03 6.714340e+03 6.725631e+03
44.5 6.707425e+03 6.731653e+03 6.714659e+03 6.690431e+03
45.5 6.691358e+03 6.718286e+03 6.714986e+03 6.688058e+03
0.5 6.681684e+03 6.688456e+03 6.721065e+03 6.714293e+03
1.5 6.663199e+03 6.688508e+03 6.720713e+03 6.695404e+03
2.5 6.702637e+03 6.686148e+03 6.714327e+03 6.730817e+03
3.5 6.693840e+03 6.680398e+03 6.696758e+03 6.710200e+03
4.5 6.688349e+03 6.672443e+03 6.669687e+03 6.685594e+03
5.5 6.652958e+03 6.664290e+03 6.639385e+03 6.628053e+03
6.5 6.597384e+03 6.657400e+03 6.611765e+03 6.551750e+03
7.5 6.640340e+03 6.652344e+03 6.590028e+03 6.578024e+03
8.5 6.644037e+03 6.649073e+03 6.574838e+03 6.569802e+03
9.5 6.625004e+03 6.647266e+03 6.565421e+03 6.543159e+03
10.5 6.656067e+03 6.647716e+03 6.560522e+03 6.568873e+03
