0.5 6.692550e+03 6.675671e+03 6.686158e+03 6.703037e+03
1.5 6.702842e+03 6.675141e+03 6.676705e+03 6.704406e+03
2.5 6.654654e+03 6.672241e+03 6.653283e+03 6.635696e+03
3.5 6.662784e+03 6.666014e+03 6.625586e+03 6.622356e+03
4.5 6.693787e+03 6.657647e+03 6.609248e+03 6.645388e+03
5.5 6.642628e+03 6.649138e+03 6.609807e+03 6.603297e+03
6.5 6.657938e+03 6.641933e+03 6.622780e+03 6.638785e+03
7.5 6.631957e+03 6.636593e+03 6.640808e+03 6.636172e+03
8.5 6.627473e+03 6.633055e+03 6.658396e+03 6.652813e+03
9.5 6.602093e+03 6.630985e+03 6.672938e+03 6.644046e+03
10.5 6.637269e+03 6.630057e+03 6.685039e+03 6.692251e+03
11.5 6.630742e+03 6.630496e+03 6.702236e+03 6.702482e+03
12.5 6.652551e+03 6.633757e+03 6.730840e+03 6.749633e+03
13.5 6.655598e+03 6.640648e+03 6.761715e+03 6.776665e+03
14.5 6.667667e+03 6.649855e+03 6.779721e+03 6.797533e+03
15.5 6.688484e+03 6.659277e+03 6.779699e+03 6.808906e+03
16.5 6.662275e+03 6.667390e+03 6.766462e+03 6.761347e+03
17.5 6.650776e+03 6.673581e+03 6.747658e+03 6.724852e+03
18.5 6.689635e+03 6.677879e+03 6.729025e+03 6.740781e+03
19.5 6.660086e+03 6.680604e+03 6.713364e+03 6.692846e+03
20.5 6.669011e+03 6.682135e+03 6.701363e+03 6.688238e+03
21.5 6.694431e+03 6.682805e+03 6.692694e+03 6.704321e+03
22.5 6.657101e+03 6.682878e+03 6.686749e+03 6.660972e+03
23.5 6.647664e+03 6.682564e+03 6.682948e+03 6.648048e+03
24.5 6.696278e+03 6.682024e+03 6.680810e+03 6.695064e+03
25.5 6.685370e+03 6.681383e+03 6.679934e+03 6.683921e+03
26.5 6.658737e+03 6.680733e+03 6.679965e+03 6.657969e+03
27.5 6.673341e+03 6.680135e+03 6.680590e+03 6.673795e+03
28.5 6.663992e+03 6.679623e+03 6.681542e+03 6.665911e+03
29.5 6.641605e+03 6.679211e+03 6.682615e+03 6.645009e+03
30.5 6.714405e+03 6.678901e+03 6.683662e+03 6.719166e+03
31.5 6.677791e+03 6.679040e+03 6.684596e+03 6.683347e+03
32.5 6.659288e+03 6.681722e+03 6.685376e+03 6.662942e+03
33.5 6.675556e+03 6.688990e+03 6.685994e+03 6.672560e+03
34.5 6.698606e+03 6.700117e+03 6.686465e+03 6.684954e+03
35.5 6.701608e+03 6.712552e+03 6.686809e+03 6.675865e+03
36.5 6.716022e+03 6.723911e+03 6.687055e+03 6.679166e+03
37.5 6.740240e+03 6.732914e+03 6.687227e+03 6.694553e+03
38.5 6.729054e+03 6.739300e+03 6.687346e+03 6.677100e+03
39.5 6.779647e+03 6.743383e+03 6.687428e+03 6.723692e+03
40.5 6.725611e+03 6.745664e+03 6.687484e+03 6.667431e+03
41.5 6.735249e+03 6.746276e+03 6.687523e+03 6.676496e+03
42.5 6.717329e+03 6.743510e+03 6.687552e+03 6.661371e+03
43.5 6.711495e+03 6.735622e+03 6.687573e+03 6.663447e+03
44.5 6.679551e+03 6.723567e+03 6.687591e+03 6.643575e+03
45.5 6.682210e+03 6.710071e+03 6.687607e+03 6.659746e+03
0.5 6.654166e+03 6.679921e+03 6.686771e+03 6.661016e+03
1.5 6.681729e+03 6.679813e+03 6.677330e+03 6.679245e+03
2.5 6.666838e+03 6.677288e+03 6.653923e+03 6.643473e+03
3.5 6.661846e+03 6.671366e+03 6.626245e+03 6.616725e+03
4.5 6.650714e+03 6.663230e+03 6.609925e+03 6.597409e+03
5.5 6.657209e+03 6.654886e+03 6.610501e+03 6.612824e+03
6.5 6.675602e+03 6.647792e+03 6.623485e+03 6.651295e+03
7.5 6.662039e+03 6.642522e+03 6.641519e+03 6.661036e+03
8.5 6.640542e+03 6.639026e+03 6.659109e+03 6.660625e+03
9.5 6.639226e+03 6.636979e+03 6.673650e+03 6.675897e+03
10.5 6.655405e+03 6.636064e+03 6.685747e+03 6.705087e+03
11.5 6.634961e+03 6.636515e+03 6.702916e+03 6.701361e+03
12.5 6.658903e+03 6.639782e+03 6.731492e+03 6.750613e+03
13.5 6.602611e+03 6.646676e+03 6.762366e+03 6.718300e+03
14.5 6.656123e+03 6.655889e+03 6.780369e+03 6.780603e+03
15.5 6.641181e+03 6.665322e+03 6.780343e+03 6.756202e+03
16.5 6.657248e+03 6.673452e+03 6.767102e+03 6.750898e+03
17.5 6.686285e+03 6.679664e+03 6.748293e+03 6.754914e+03
18.5 6.704738e+03 6.683987e+03 6.729655e+03 6.750406e+03
19.5 6.687596e+03 6.686744e+03 6.713989e+03 6.714841e+03
20.5 6.702682e+03 6.688312e+03 6.701981e+03 6.716352e+03
21.5 6.715865e+03 6.689022e+03 6.693306e+03 6.720149e+03
22.5 6.684010e+03 6.689142e+03 6.687354e+03 6.682222e+03
23.5 6.649753e+03 6.688879e+03 6.683546e+03 6.644420e+03
24.5 6.616503e+03 6.688394e+03 6.681401e+03 6.609509e+03
25.5 6.634013e+03 6.687813e+03 6.680517e+03 6.626717e+03
26.5 6.691050e+03 6.687227e+03 6.680540e+03 6.684363e+03
27.5 6.690289e+03 6.686697e+03 6.681156e+03 6.684748e+03
28.5 6.736908e+03 6.686257e+03 6.682100e+03 6.732751e+03
29.5 6.762196e+03 6.685920e+03 6.683164e+03 6.759440e+03
30.5 6.696344e+03 6.685689e+03 6.684203e+03 6.694857e+03
31.5 6.680479e+03 6.685910e+03 6.685128e+03 6.679697e+03
32.5 6.715119e+03 6.688679e+03 6.685899e+03 6.712340e+03
33.5 6.696817e+03 6.696036e+03 6.686509e+03 6.687290e+03
34.5 6.754194e+03 6.707256e+03 6.686971e+03 6.733909e+03
35.5 6.743515e+03 6.719786e+03 6.687307e+03 6.711036e+03
36.5 6.744368e+03 6.731222e+03 6.687545e+03 6.700692e+03
37.5 6.744920e+03 6.740293e+03 6.687710e+03 6.692337e+03
38.5 6.737078e+03 6.746770e+03 6.687822e+03 6.678129e+03
39.5 6.737014e+03 6.750946e+03 6.687896e+03 6.673964e+03
40.5 6.775171e+03 6.753323e+03 6.687945e+03 6.709793e+03
41.5 6.750417e+03 6.754032e+03 6.687978e+03 6.684362e+03
42.5 6.760814e+03 6.751368e+03 6.688000e+03 6.697446e+03
43.5 6.754879e+03 6.743589e+03 6.688016e+03 6.699306e+03
44.5 6.707425e+03 6.731653e+03 6.688028e+03 6.663800e+03
45.5 6.691358e+03 6.718286e+03 6.688038e+03 6.661110e+03
0.5 6.681684e+03 6.688456e+03 6.687022e+03 6.680250e+03
1.5 6.663199e+03 6.688508e+03 6.677594e+03 6.652285e+03
2.5 6.702637e+03 6.686148e+03 6.654205e+03 6.670694e+03
3.5 6.693840e+03 6.680398e+03 6.626557e+03 6.639999e+03
4.5 6.688349e+03 6.672443e+03 6.610283e+03 6.626190e+03
5.5 6.652958e+03 6.664290e+03 6.610917e+03 6.599584e+03
6.5 6.597384e+03 6.657400e+03 6.623963e+03 6.563948e+03
7.5 6.640340e+03 6.652344e+03 6.642057e+03 6.630053e+03
8.5 6.644037e+03 6.649073e+03 6.659700e+03 6.654664e+03
9.5 6.625004e+03 6.647266e+03 6.674286e+03 6.652024e+03
10.5 6.656067e+03 6.647716e+03 6.686422e+03 6.694773e+03
