0.5 8.724646e+03 8.697863e+03 8.705576e+03 8.732360e+03
1.5 8.745830e+03 8.699075e+03 8.700256e+03 8.747012e+03
2.5 8.752295e+03 8.700060e+03 8.686969e+03 8.739205e+03
3.5 8.757350e+03 8.697624e+03 8.671009e+03 8.730735e+03
4.5 8.716360e+03 8.690157e+03 8.661166e+03 8.687369e+03
5.5 8.680955e+03 8.679130e+03 8.660697e+03 8.662522e+03
6.5 8.682345e+03 8.667313e+03 8.667238e+03 8.682271e+03
7.5 8.654439e+03 8.656905e+03 8.676753e+03 8.674288e+03
8.5 8.676969e+03 8.648926e+03 8.686183e+03 8.714227e+03
9.5 8.713660e+03 8.643463e+03 8.694051e+03 8.764248e+03
10.5 8.698298e+03 8.639974e+03 8.700665e+03 8.758989e+03
11.5 8.690777e+03 8.637239e+03 8.710221e+03 8.763759e+03
12.5 8.687903e+03 8.635859e+03 8.726370e+03 8.778414e+03
13.5 8.679093e+03 8.638712e+03 8.744124e+03 8.784505e+03
14.5 8.679603e+03 8.647151e+03 8.754937e+03 8.787389e+03
15.5 8.634563e+03 8.659490e+03 8.755754e+03 8.730827e+03
16.5 8.608114e+03 8.672784e+03 8.749110e+03 8.684439e+03
17.5 8.617994e+03 8.684702e+03 8.739198e+03 8.672491e+03
18.5 8.594329e+03 8.694127e+03 8.729212e+03 8.629414e+03
19.5 8.596020e+03 8.700911e+03 8.720734e+03 8.615842e+03
20.5 8.662604e+03 8.705406e+03 8.714181e+03 8.671379e+03
21.5 8.707442e+03 8.708108e+03 8.709402e+03 8.708736e+03
22.5 8.735716e+03 8.709484e+03 8.706083e+03 8.732315e+03
23.5 8.762657e+03 8.709921e+03 8.703920e+03 8.756655e+03
24.5 8.779381e+03 8.709725e+03 8.702661e+03 8.772316e+03
25.5 8.801936e+03 8.709139e+03 8.702094e+03 8.794891e+03
26.5 8.726303e+03 8.708353e+03 8.702030e+03 8.719981e+03
27.5 8.788796e+03 8.707508e+03 8.702301e+03 8.783589e+03
28.5 8.860251e+03 8.706702e+03 8.702762e+03 8.856311e+03
29.5 8.787689e+03 8.705996e+03 8.703297e+03 8.784991e+03
30.5 8.805145e+03 8.705581e+03 8.703175e+03 8.802739e+03
31.5 8.749787e+03 8.706178e+03 8.698346e+03 8.741955e+03
32.5 8.738620e+03 8.706719e+03 8.685471e+03 8.717373e+03
33.5 8.732196e+03 8.703938e+03 8.669839e+03 8.698097e+03
34.5 8.702419e+03 8.696177e+03 8.660247e+03 8.666488e+03
35.5 8.673294e+03 8.684877e+03 8.659960e+03 8.648377e+03
36.5 8.646770e+03 8.672793e+03 8.666632e+03 8.640609e+03
37.5 8.605674e+03 8.662117e+03 8.676238e+03 8.619794e+03
38.5 8.615225e+03 8.653869e+03 8.685730e+03 8.647086e+03
39.5 8.631100e+03 8.648134e+03 8.693640e+03 8.676607e+03
40.5 8.661179e+03 8.644370e+03 8.700283e+03 8.717092e+03
41.5 8.679912e+03 8.641360e+03 8.709858e+03 8.748410e+03
42.5 8.707481e+03 8.639706e+03 8.726021e+03 8.793796e+03
43.5 8.676202e+03 8.642287e+03 8.743785e+03 8.777699e+03
44.5 8.639501e+03 8.650457e+03 8.754606e+03 8.743650e+03
45.5 8.653578e+03 8.662531e+03 8.755430e+03 8.746477e+03
0.5 8.805145e+03 8.705581e+03 8.703175e+03 8.802739e+03
1.5 8.749787e+03 8.706178e+03 8.698346e+03 8.741955e+03
2.5 8.738620e+03 8.706719e+03 8.685471e+03 8.717373e+03
3.5 8.732196e+03 8.703938e+03 8.669839e+03 8.698097e+03
4.5 8.702419e+03 8.696177e+03 8.660247e+03 8.666488e+03
5.5 8.673294e+03 8.684877e+03 8.659960e+03 8.648377e+03
6.5 8.646770e+03 8.672793e+03 8.666632e+03 8.640609e+03
7.5 8.605674e+03 8.662117e+03 8.676238e+03 8.619794e+03
8.5 8.615225e+03 8.653869e+03 8.685730e+03 8.647086e+03
9.5 8.631100e+03 8.648134e+03 8.693640e+03 8.676607e+03
10.5 8.661179e+03 8.644370e+03 8.700283e+03 8.717092e+03
11.5 8.679912e+03 8.641360e+03 8.709858e+03 8.748410e+03
12.5 8.707481e+03 8.639706e+03 8.726021e+03 8.793796e+03
13.5 8.676202e+03 8.642287e+03 8.743785e+03 8.777699e+03
14.5 8.639501e+03 8.650457e+03 8.754606e+03 8.743650e+03
15.5 8.653578e+03 8.662531e+03 8.755430e+03 8.746477e+03
16.5 8.650810e+03 8.675565e+03 8.748792e+03 8.724037e+03
17.5 8.668700e+03 8.687225e+03 8.738886e+03 8.720362e+03
18.5 8.682685e+03 8.696395e+03 8.728905e+03 8.715195e+03
19.5 8.700999e+03 8.702929e+03 8.720432e+03 8.718502e+03
20.5 8.717999e+03 8.707177e+03 8.713884e+03 8.724706e+03
21.5 8.733351e+03 8.709638e+03 8.709111e+03 8.732824e+03
22.5 8.751956e+03 8.710777e+03 8.705796e+03 8.746975e+03
23.5 8.723123e+03 8.710981e+03 8.703638e+03 8.715781e+03
24.5 8.718776e+03 8.710556e+03 8.702385e+03 8.710605e+03
25.5 8.706189e+03 8.709744e+03 8.701823e+03 8.698267e+03
26.5 8.704831e+03 8.708737e+03 8.701765e+03 8.697858e+03
27.5 8.729755e+03 8.707675e+03 8.702041e+03 8.724121e+03
28.5 8.743260e+03 8.706656e+03 8.702507e+03 8.739111e+03
29.5 8.720706e+03 8.705746e+03 8.703050e+03 8.718011e+03
30.5 8.766990e+03 8.706431e+03 8.703587e+03 8.764146e+03
31.5 8.732027e+03 8.718321e+03 8.704070e+03 8.717776e+03
32.5 8.773968e+03 8.752690e+03 8.704474e+03 8.725752e+03
33.5 8.798382e+03 8.801436e+03 8.704793e+03 8.701739e+03
34.5 8.798703e+03 8.843565e+03 8.705034e+03 8.660173e+03
35.5 8.846399e+03 8.867116e+03 8.705209e+03 8.684492e+03
36.5 8.831385e+03 8.873012e+03 8.705330e+03 8.663702e+03
37.5 8.790265e+03 8.867943e+03 8.705412e+03 8.627735e+03
38.5 8.881358e+03 8.858272e+03 8.705466e+03 8.728552e+03
39.5 8.869599e+03 8.847878e+03 8.705500e+03 8.727221e+03
40.5 8.883695e+03 8.836991e+03 8.705520e+03 8.752224e+03
41.5 8.905858e+03 8.816461e+03 8.705530e+03 8.794928e+03
42.5 8.846347e+03 8.774985e+03 8.705536e+03 8.776897e+03
43.5 8.786682e+03 8.720535e+03 8.705537e+03 8.771684e+03
44.5 8.742369e+03 8.673981e+03 8.705537e+03 8.773925e+03
45.5 8.662174e+03 8.647156e+03 8.705535e+03 8.720553e+03
0.5 8.733378e+03 8.699626e+03 8.704830e+03 8.738582e+03
1.5 8.694800e+03 8.700172e+03 8.699520e+03 8.694148e+03
2.5 8.671145e+03 8.700498e+03 8.686243e+03 8.656890e+03
3.5 8.664137e+03 8.697412e+03 8.670294e+03 8.637019e+03
4.5 8.627458e+03 8.689301e+03 8.660462e+03 8.598619e+03
5.5 8.650605e+03 8.677636e+03 8.660003e+03 8.632972e+03
6.5 8.636119e+03 8.665172e+03 8.666550e+03 8.637497e+03
7.5 8.628762e+03 8.654105e+03 8.676071e+03 8.650728e+03
8.5 8.582345e+03 8.645486e+03 8.685510e+03 8.622369e+03
9.5 8.585782e+03 8.639388e+03 8.693387e+03 8.639781e+03
10.5 8.580527e+03 8.635267e+03 8.700010e+03 8.645269e+03
11.5 8.581609e+03 8.631904e+03 8.709574e+03 8.659278e+03
12.5 8.608772e+03 8.629900e+03 8.725731e+03 8.704604e+03
13.5 8.655536e+03 8.632136e+03 8.743493e+03 8.766893e+03
14.5 8.667812e+03 8.639966e+03 8.754314e+03 8.782160e+03
15.5 8.682579e+03 8.651706e+03 8.755138e+03 8.786011e+03
16.5 8.684949e+03 8.664410e+03 8.748501e+03 8.769040e+03
17.5 8.646826e+03 8.675743e+03 8.738596e+03 8.709679e+03
18.5 8.645602e+03 8.684587e+03 8.728616e+03 8.689632e+03
19.5 8.651812e+03 8.690793e+03 8.720144e+03 8.681163e+03
20.5 8.700462e+03 8.694711e+03 8.713597e+03 8.719348e+03
21.5 8.710123e+03 8.696836e+03 8.708824e+03 8.722111e+03
22.5 8.713151e+03 8.697636e+03 8.705509e+03 8.721024e+03
23.5 8.711859e+03 8.697495e+03 8.703351e+03 8.717715e+03
24.5 8.682004e+03 8.696719e+03 8.702096e+03 8.687381e+03
25.5 8.636878e+03 8.695551e+03 8.701532e+03 8.642859e+03
26.5 8.634640e+03 8.694180e+03 8.701472e+03 8.641933e+03
27.5 8.643074e+03 8.692746e+03 8.701746e+03 8.652073e+03
28.5 8.661470e+03 8.691349e+03 8.702209e+03 8.672330e+03
29.5 8.674626e+03 8.690052e+03 8.702748e+03 8.687322e+03
30.5 8.700812e+03 8.690342e+03 8.703281e+03 8.713751e+03
31.5 8.711394e+03 8.701827e+03 8.703759e+03 8.713326e+03
32.5 8.742589e+03 8.735776e+03 8.704158e+03 8.710971e+03
33.5 8.794284e+03 8.784076e+03 8.704472e+03 8.714680e+03
34.5 8.860383e+03 8.825721e+03 8.704707e+03 8.739369e+03
35.5 8.881399e+03 8.848753e+03 8.704875e+03 8.737521e+03
36.5 8.886643e+03 8.854100e+03 8.704989e+03 8.737532e+03
37.5 8.803775e+03 8.848460e+03 8.705063e+03 8.660378e+03
38.5 8.769266e+03 8.838203e+03 8.705109e+03 8.636172e+03
39.5 8.754393e+03 8.827214e+03 8.705133e+03 8.632313e+03
40.5 8.741932e+03 8.816540e+03 8.705144e+03 8.630536e+03
