0.5 8.855894e+03 8.789882e+03 8.799200e+03 8.865212e+03
1.5 8.456891e+03 8.789058e+03 8.793484e+03 8.461316e+03
2.5 8.635967e+03 8.791273e+03 8.779205e+03 8.623899e+03
3.5 8.732752e+03 8.804796e+03 8.762056e+03 8.690012e+03
4.5 8.709929e+03 8.832005e+03 8.751479e+03 8.629403e+03
5.5 8.798902e+03 8.867426e+03 8.750975e+03 8.682452e+03
6.5 8.947438e+03 8.903231e+03 8.758004e+03 8.802212e+03
7.5 8.747055e+03 8.933836e+03 8.768228e+03 8.581447e+03
8.5 8.812598e+03 8.956991e+03 8.778361e+03 8.633968e+03
9.5 8.959110e+03 8.972850e+03 8.786816e+03 8.773076e+03
10.5 8.863449e+03 8.982990e+03 8.793923e+03 8.674383e+03
11.5 8.981191e+03 8.989921e+03 8.804191e+03 8.795462e+03
12.5 9.065062e+03 8.990737e+03 8.821545e+03 8.895870e+03
13.5 8.641947e+03 8.978053e+03 8.840622e+03 8.504516e+03
14.5 9.004661e+03 8.950210e+03 8.852241e+03 8.906693e+03
15.5 8.949304e+03 8.913272e+03 8.853119e+03 8.889150e+03
16.5 8.841879e+03 8.875539e+03 8.845979e+03 8.812319e+03
17.5 9.037829e+03 8.842951e+03 8.835329e+03 9.030207e+03
18.5 9.152373e+03 8.818005e+03 8.824598e+03 9.158966e+03
19.5 8.873849e+03 8.800691e+03 8.815488e+03 8.888646e+03
20.5 9.128045e+03 8.789810e+03 8.808446e+03 9.146681e+03
21.5 8.824268e+03 8.783884e+03 8.803312e+03 8.843695e+03
22.5 8.731937e+03 8.781570e+03 8.799745e+03 8.750112e+03
23.5 8.762088e+03 8.781773e+03 8.797420e+03 8.777736e+03
24.5 8.619285e+03 8.783625e+03 8.796067e+03 8.631728e+03
25.5 8.353473e+03 8.786444e+03 8.795458e+03 8.362487e+03
26.5 8.770642e+03 8.789703e+03 8.795390e+03 8.776328e+03
27.5 8.534494e+03 8.793017e+03 8.795681e+03 8.537158e+03
28.5 8.317007e+03 8.796128e+03 8.796177e+03 8.317055e+03
29.5 8.770139e+03 8.798888e+03 8.796751e+03 8.768002e+03
30.5 8.896183e+03 8.800917e+03 8.796620e+03 8.891885e+03
31.5 8.695729e+03 8.801189e+03 8.791431e+03 8.685972e+03
32.5 8.920336e+03 8.803955e+03 8.777596e+03 8.893977e+03
33.5 9.023314e+03 8.817697e+03 8.760799e+03 8.966416e+03
34.5 8.630480e+03 8.844947e+03 8.750491e+03 8.536025e+03
35.5 9.117002e+03 8.880324e+03 8.750183e+03 8.986862e+03
36.5 8.969406e+03 8.916059e+03 8.757352e+03 8.810700e+03
37.5 9.062656e+03 8.946591e+03 8.767674e+03 8.883739e+03
38.5 9.224833e+03 8.969687e+03 8.777874e+03 9.033020e+03
39.5 9.272631e+03 8.985507e+03 8.786375e+03 9.073499e+03
40.5 8.746949e+03 8.995627e+03 8.793512e+03 8.544835e+03
41.5 9.138223e+03 9.002557e+03 8.803801e+03 8.939467e+03
42.5 9.082531e+03 9.003387e+03 8.821169e+03 8.900314e+03
43.5 8.827055e+03 8.990730e+03 8.840258e+03 8.676583e+03
44.5 9.237230e+03 8.962924e+03 8.851886e+03 9.126192e+03
45.5 9.059315e+03 8.926032e+03 8.852771e+03 8.986054e+03
0.5 8.896183e+03 8.800917e+03 8.796620e+03 8.891885e+03
1.5 8.695729e+03 8.801189e+03 8.791431e+03 8.685972e+03
2.5 8.920336e+03 8.803955e+03 8.777596e+03 8.893977e+03
3.5 9.023314e+03 8.817697e+03 8.760799e+03 8.966416e+03
4.5 8.630480e+03 8.844947e+03 8.750491e+03 8.536025e+03
5.5 9.117002e+03 8.880324e+03 8.750183e+03 8.986862e+03
6.5 8.969406e+03 8.916059e+03 8.757352e+03 8.810700e+03
7.5 9.062656e+03 8.946591e+03 8.767674e+03 8.883739e+03
8.5 9.224833e+03 8.969687e+03 8.777874e+03 9.033020e+03
9.5 9.272631e+03 8.985507e+03 8.786375e+03 9.073499e+03
10.5 8.746949e+03 8.995627e+03 8.793512e+03 8.544835e+03
11.5 9.138223e+03 9.002557e+03 8.803801e+03 8.939467e+03
12.5 9.082531e+03 9.003387e+03 8.821169e+03 8.900314e+03
13.5 8.827055e+03 8.990730e+03 8.840258e+03 8.676583e+03
14.5 9.237230e+03 8.962924e+03 8.851886e+03 9.126192e+03
15.5 9.059315e+03 8.926032e+03 8.852771e+03 8.986054e+03
16.5 8.626547e+03 8.888351e+03 8.845638e+03 8.583834e+03
17.5 9.264740e+03 8.855826e+03 8.834994e+03 9.243909e+03
18.5 8.879328e+03 8.830950e+03 8.824268e+03 8.872646e+03
19.5 8.739602e+03 8.813714e+03 8.815163e+03 8.741051e+03
20.5 8.961070e+03 8.802916e+03 8.808127e+03 8.966282e+03
21.5 8.811743e+03 8.797077e+03 8.802998e+03 8.817664e+03
22.5 8.533942e+03 8.794856e+03 8.799437e+03 8.538523e+03
23.5 9.116755e+03 8.795156e+03 8.797118e+03 9.118716e+03
24.5 8.860440e+03 8.797110e+03 8.795771e+03 8.859101e+03
25.5 8.698521e+03 8.800035e+03 8.795167e+03 8.693654e+03
26.5 8.822349e+03 8.803404e+03 8.795104e+03 8.814049e+03
27.5 8.798343e+03 8.806831e+03 8.795401e+03 8.786913e+03
28.5 8.518053e+03 8.810058e+03 8.795902e+03 8.503897e+03
29.5 8.939174e+03 8.812923e+03 8.796485e+03 8.922736e+03
30.5 8.454341e+03 8.811526e+03 8.797063e+03 8.439878e+03
31.5 8.646780e+03 8.780366e+03 8.797581e+03 8.663996e+03
32.5 8.693865e+03 8.688250e+03 8.798015e+03 8.803631e+03
33.5 8.347599e+03 8.554937e+03 8.798359e+03 8.591020e+03
34.5 8.435356e+03 8.436132e+03 8.798618e+03 8.797843e+03
35.5 8.725222e+03 8.365162e+03 8.798805e+03 9.158865e+03
36.5 8.367276e+03 8.341389e+03 8.798936e+03 8.824823e+03
37.5 8.745855e+03 8.348194e+03 8.799024e+03 9.196686e+03
38.5 8.592466e+03 8.369047e+03 8.799082e+03 9.022501e+03
39.5 8.409737e+03 8.393522e+03 8.799118e+03 8.815333e+03
40.5 8.517603e+03 8.420640e+03 8.799139e+03 8.896102e+03
41.5 8.524845e+03 8.474340e+03 8.799151e+03 8.849655e+03
42.5 8.550398e+03 8.585600e+03 8.799157e+03 8.763955e+03
43.5 8.461757e+03 8.734780e+03 8.799158e+03 8.526135e+03
44.5 8.933282e+03 8.866331e+03 8.799158e+03 8.866109e+03
45.5 8.612698e+03 8.947120e+03 8.799156e+03 8.464734e+03
0.5 8.522710e+03 8.836206e+03 8.798398e+03 8.484902e+03
1.5 9.006830e+03 8.835638e+03 8.792693e+03 8.963885e+03
2.5 8.837011e+03 8.838135e+03 8.778426e+03 8.777302e+03
3.5 8.816153e+03 8.851963e+03 8.761288e+03 8.725478e+03
4.5 9.270690e+03 8.879503e+03 8.750722e+03 9.141910e+03
5.5 8.915862e+03 8.915278e+03 8.750229e+03 8.750813e+03
6.5 8.928510e+03 8.951455e+03 8.757265e+03 8.734319e+03
7.5 8.950333e+03 8.982410e+03 8.767495e+03 8.735418e+03
8.5 8.894865e+03 9.005943e+03 8.777638e+03 8.666560e+03
9.5 9.040356e+03 9.022199e+03 8.786102e+03 8.804260e+03
10.5 9.330443e+03 9.032756e+03 8.793219e+03 9.090906e+03
11.5 8.834368e+03 9.040126e+03 8.803496e+03 8.597738e+03
12.5 8.975914e+03 9.041402e+03 8.820858e+03 8.755370e+03
13.5 9.172088e+03 9.029204e+03 8.839944e+03 8.982827e+03
14.5 8.650085e+03 9.001880e+03 8.851572e+03 8.499776e+03
15.5 8.815082e+03 8.965503e+03 8.852457e+03 8.702036e+03
16.5 8.940747e+03 8.928373e+03 8.845325e+03 8.857699e+03
17.5 8.840264e+03 8.896433e+03 8.834682e+03 8.778513e+03
18.5 8.878288e+03 8.872176e+03 8.823958e+03 8.830070e+03
19.5 9.034083e+03 8.855590e+03 8.814854e+03 8.993347e+03
20.5 8.861914e+03 8.845475e+03 8.807819e+03 8.824258e+03
21.5 8.649942e+03 8.840348e+03 8.802690e+03 8.612284e+03
22.5 9.012864e+03 8.838866e+03 8.799128e+03 8.973126e+03
23.5 8.929604e+03 8.839934e+03 8.796809e+03 8.886480e+03
24.5 8.801939e+03 8.842682e+03 8.795460e+03 8.754718e+03
25.5 9.311145e+03 8.846428e+03 8.794855e+03 9.259571e+03
26.5 8.957263e+03 8.850646e+03 8.794790e+03 8.901406e+03
27.5 8.925319e+03 8.854952e+03 8.795084e+03 8.865452e+03
28.5 9.066888e+03 8.859087e+03 8.795582e+03 9.003383e+03
29.5 8.854081e+03 8.862891e+03 8.796161e+03 8.787351e+03
30.5 8.550569e+03 8.862465e+03 8.796734e+03 8.484838e+03
31.5 8.813520e+03 8.832313e+03 8.797248e+03 8.778455e+03
32.5 8.687691e+03 8.741255e+03 8.797676e+03 8.744113e+03
33.5 8.396993e+03 8.609084e+03 8.798014e+03 8.585922e+03
34.5 8.612316e+03 8.491531e+03 8.798266e+03 8.919051e+03
35.5 8.144483e+03 8.421926e+03 8.798446e+03 8.521003e+03
36.5 8.148136e+03 8.399613e+03 8.798569e+03 8.547092e+03
37.5 8.637987e+03 8.407950e+03 8.798649e+03 9.028686e+03
38.5 8.312089e+03 8.430395e+03 8.798698e+03 8.680392e+03
39.5 8.570683e+03 8.456513e+03 8.798724e+03 8.912894e+03
40.5 8.638319e+03 8.485709e+03 8.798736e+03 8.951345e+03
