0.5 6.714405e+03 6.678901e+03 6.685685e+03 6.721189e+03
1.5 6.677791e+03 6.679040e+03 6.676623e+03 6.675374e+03
2.5 6.659288e+03 6.681722e+03 6.653991e+03 6.631556e+03
3.5 6.675556e+03 6.688990e+03 6.626806e+03 6.613372e+03
4.5 6.698606e+03 6.700117e+03 6.610041e+03 6.608530e+03
5.5 6.701608e+03 6.712552e+03 6.609241e+03 6.598297e+03
6.5 6.716022e+03 6.723911e+03 6.620384e+03 6.612494e+03
7.5 6.740240e+03 6.732914e+03 6.636590e+03 6.643916e+03
8.5 6.729054e+03 6.739300e+03 6.652652e+03 6.642406e+03
9.5 6.779647e+03 6.743383e+03 6.666054e+03 6.702319e+03
10.5 6.725611e+03 6.745664e+03 6.677320e+03 6.657267e+03
11.5 6.735249e+03 6.746276e+03 6.693597e+03 6.682570e+03
12.5 6.717329e+03 6.743510e+03 6.721104e+03 6.694924e+03
13.5 6.711495e+03 6.735622e+03 6.751344e+03 6.727217e+03
14.5 6.679551e+03 6.723567e+03 6.769762e+03 6.725746e+03
15.5 6.682210e+03 6.710071e+03 6.771153e+03 6.743292e+03
16.5 6.664237e+03 6.697646e+03 6.759836e+03 6.726427e+03
17.5 6.656836e+03 6.687661e+03 6.742954e+03 6.712129e+03
18.5 6.673664e+03 6.680429e+03 6.725944e+03 6.719178e+03
19.5 6.630871e+03 6.675660e+03 6.711503e+03 6.666714e+03
20.5 6.665601e+03 6.672847e+03 6.700341e+03 6.693095e+03
21.5 6.704132e+03 6.671487e+03 6.692202e+03 6.724846e+03
22.5 6.654306e+03 6.671158e+03 6.686548e+03 6.669696e+03
23.5 6.627891e+03 6.671522e+03 6.682864e+03 6.639233e+03
24.5 6.654992e+03 6.672313e+03 6.680719e+03 6.663398e+03
25.5 6.619314e+03 6.673325e+03 6.679753e+03 6.625742e+03
26.5 6.636676e+03 6.674405e+03 6.679645e+03 6.641917e+03
27.5 6.659864e+03 6.675443e+03 6.680107e+03 6.664527e+03
28.5 6.646792e+03 6.676375e+03 6.680892e+03 6.651308e+03
29.5 6.686737e+03 6.677168e+03 6.681803e+03 6.691371e+03
30.5 6.676916e+03 6.677820e+03 6.681595e+03 6.680691e+03
31.5 6.667830e+03 6.678696e+03 6.673370e+03 6.662504e+03
32.5 6.695400e+03 6.681926e+03 6.651440e+03 6.664914e+03
33.5 6.728798e+03 6.689590e+03 6.624814e+03 6.664022e+03
34.5 6.667408e+03 6.700997e+03 6.608475e+03 6.574886e+03
35.5 6.718074e+03 6.713627e+03 6.607987e+03 6.612434e+03
36.5 6.690118e+03 6.725122e+03 6.619351e+03 6.584347e+03
37.5 6.703098e+03 6.734221e+03 6.635712e+03 6.604590e+03
38.5 6.750467e+03 6.740676e+03 6.651881e+03 6.661672e+03
39.5 6.767551e+03 6.744811e+03 6.665355e+03 6.688095e+03
40.5 6.727052e+03 6.747134e+03 6.676669e+03 6.656588e+03
41.5 6.781768e+03 6.747782e+03 6.692979e+03 6.726965e+03
42.5 6.743820e+03 6.745048e+03 6.720509e+03 6.719281e+03
43.5 6.731943e+03 6.737191e+03 6.750766e+03 6.745518e+03
44.5 6.786359e+03 6.725167e+03 6.769198e+03 6.830390e+03
45.5 6.774594e+03 6.711703e+03 6.770601e+03 6.833493e+03
0.5 6.676916e+03 6.677820e+03 6.681595e+03 6.680691e+03
1.5 6.667830e+03 6.678696e+03 6.673370e+03 6.662504e+03
2.5 6.695400e+03 6.681926e+03 6.651440e+03 6.664914e+03
3.5 6.728798e+03 6.689590e+03 6.624814e+03 6.664022e+03
4.5 6.667408e+03 6.700997e+03 6.608475e+03 6.574886e+03
5.5 6.718074e+03 6.713627e+03 6.607987e+03 6.612434e+03
6.5 6.690118e+03 6.725122e+03 6.619351e+03 6.584347e+03
7.5 6.703098e+03 6.734221e+03 6.635712e+03 6.604590e+03
8.5 6.750467e+03 6.740676e+03 6.651881e+03 6.661672e+03
9.5 6.767551e+03 6.744811e+03 6.665355e+03 6.688095e+03
10.5 6.727052e+03 6.747134e+03 6.676669e+03 6.656588e+03
11.5 6.781768e+03 6.747782e+03 6.692979e+03 6.726965e+03
12.5 6.743820e+03 6.745048e+03 6.720509e+03 6.719281e+03
13.5 6.731943e+03 6.737191e+03 6.750766e+03 6.745518e+03
14.5 6.786359e+03 6.725167e+03 6.769198e+03 6.830390e+03
15.5 6.774594e+03 6.711703e+03 6.770601e+03 6.833493e+03
16.5 6.722211e+03 6.699309e+03 6.759295e+03 6.782197e+03
17.5 6.751479e+03 6.689356e+03 6.742423e+03 6.804546e+03
18.5 6.728488e+03 6.682157e+03 6.725421e+03 6.771752e+03
19.5 6.746159e+03 6.677420e+03 6.710988e+03 6.779727e+03
20.5 6.729420e+03 6.674641e+03 6.699836e+03 6.754614e+03
21.5 6.686458e+03 6.673317e+03 6.691705e+03 6.704846e+03
22.5 6.643432e+03 6.673023e+03 6.686060e+03 6.656470e+03
23.5 6.683676e+03 6.673422e+03 6.682384e+03 6.692638e+03
24.5 6.659396e+03 6.674249e+03 6.680249e+03 6.665396e+03
25.5 6.696508e+03 6.675298e+03 6.679292e+03 6.700502e+03
26.5 6.711112e+03 6.676414e+03 6.679193e+03 6.713891e+03
27.5 6.712361e+03 6.677490e+03 6.679663e+03 6.714535e+03
28.5 6.663523e+03 6.678459e+03 6.680458e+03 6.665521e+03
29.5 6.688772e+03 6.679289e+03 6.681382e+03 6.690864e+03
30.5 6.654166e+03 6.679921e+03 6.682297e+03 6.656542e+03
31.5 6.681729e+03 6.679813e+03 6.683119e+03 6.685035e+03
32.5 6.666838e+03 6.677288e+03 6.683807e+03 6.673357e+03
33.5 6.661846e+03 6.671366e+03 6.684351e+03 6.674831e+03
34.5 6.650714e+03 6.663230e+03 6.684762e+03 6.672246e+03
35.5 6.657209e+03 6.654886e+03 6.685059e+03 6.687383e+03
36.5 6.675602e+03 6.647792e+03 6.685266e+03 6.713076e+03
37.5 6.662039e+03 6.642522e+03 6.685406e+03 6.704923e+03
38.5 6.640542e+03 6.639026e+03 6.685498e+03 6.687013e+03
39.5 6.639226e+03 6.636979e+03 6.685555e+03 6.687802e+03
40.5 6.655405e+03 6.636064e+03 6.685589e+03 6.704929e+03
41.5 6.634961e+03 6.636515e+03 6.685607e+03 6.684053e+03
42.5 6.658903e+03 6.639782e+03 6.685616e+03 6.704737e+03
43.5 6.602611e+03 6.646676e+03 6.685619e+03 6.641553e+03
44.5 6.656123e+03 6.655889e+03 6.685618e+03 6.685852e+03
45.5 6.641181e+03 6.665322e+03 6.685615e+03 6.661474e+03
0.5 6.696344e+03 6.685689e+03 6.684414e+03 6.695068e+03
1.5 6.680479e+03 6.685910e+03 6.675370e+03 6.669939e+03
2.5 6.715119e+03 6.688679e+03 6.652755e+03 6.679196e+03
3.5 6.696817e+03 6.696036e+03 6.625589e+03 6.626370e+03
4.5 6.754194e+03 6.707256e+03 6.608841e+03 6.655779e+03
5.5 6.743515e+03 6.719786e+03 6.608059e+03 6.631788e+03
6.5 6.744368e+03 6.731222e+03 6.619212e+03 6.632358e+03
7.5 6.744920e+03 6.740293e+03 6.635428e+03 6.640055e+03
8.5 6.737078e+03 6.746770e+03 6.651505e+03 6.641813e+03
9.5 6.737014e+03 6.750946e+03 6.664923e+03 6.650991e+03
10.5 6.775171e+03 6.753323e+03 6.676203e+03 6.698051e+03
11.5 6.750417e+03 6.754032e+03 6.692494e+03 6.688879e+03
12.5 6.760814e+03 6.751368e+03 6.720015e+03 6.729461e+03
13.5 6.754879e+03 6.743589e+03 6.750269e+03 6.761559e+03
14.5 6.707425e+03 6.731653e+03 6.768700e+03 6.744473e+03
15.5 6.691358e+03 6.718286e+03 6.770104e+03 6.743176e+03
16.5 6.659005e+03 6.706000e+03 6.758799e+03 6.711804e+03
17.5 6.691120e+03 6.696159e+03 6.741929e+03 6.736889e+03
18.5 6.690541e+03 6.689077e+03 6.724929e+03 6.726393e+03
19.5 6.708815e+03 6.684460e+03 6.710499e+03 6.734854e+03
20.5 6.691999e+03 6.681803e+03 6.699347e+03 6.709543e+03
21.5 6.654767e+03 6.680602e+03 6.691217e+03 6.665381e+03
22.5 6.695308e+03 6.680435e+03 6.685571e+03 6.700445e+03
23.5 6.652194e+03 6.680963e+03 6.681894e+03 6.653126e+03
24.5 6.624077e+03 6.681921e+03 6.679757e+03 6.621912e+03
25.5 6.698846e+03 6.683104e+03 6.678797e+03 6.694538e+03
26.5 6.667458e+03 6.684358e+03 6.678694e+03 6.661794e+03
27.5 6.686424e+03 6.685576e+03 6.679161e+03 6.680009e+03
28.5 6.672584e+03 6.686690e+03 6.679950e+03 6.665844e+03
29.5 6.680927e+03 6.687670e+03 6.680868e+03 6.674125e+03
30.5 6.681684e+03 6.688456e+03 6.681776e+03 6.675004e+03
31.5 6.663199e+03 6.688508e+03 6.682590e+03 6.657281e+03
32.5 6.702637e+03 6.686148e+03 6.683270e+03 6.699759e+03
33.5 6.693840e+03 6.680398e+03 6.683804e+03 6.697247e+03
34.5 6.688349e+03 6.672443e+03 6.684205e+03 6.700111e+03
35.5 6.652958e+03 6.664290e+03 6.684490e+03 6.673158e+03
36.5 6.597384e+03 6.657400e+03 6.684685e+03 6.624670e+03
37.5 6.640340e+03 6.652344e+03 6.684812e+03 6.672808e+03
38.5 6.644037e+03 6.649073e+03 6.684889e+03 6.679853e+03
39.5 6.625004e+03 6.647266e+03 6.684931e+03 6.662669e+03
40.5 6.656067e+03 6.647716e+03 6.684948e+03 6.693299e+03
