0.5 8.576345e+03 8.524036e+03 8.557048e+03 8.609356e+03
1.5 8.573782e+03 8.527821e+03 8.551966e+03 8.597927e+03
2.5 8.576605e+03 8.538325e+03 8.539376e+03 8.577656e+03
3.5 8.583798e+03 8.554708e+03 8.524488e+03 8.553578e+03
4.5 8.634858e+03 8.571436e+03 8.515706e+03 8.579128e+03
5.5 8.636939e+03 8.584215e+03 8.516007e+03 8.568730e+03
6.5 8.608480e+03 8.592017e+03 8.522980e+03 8.539443e+03
7.5 8.608964e+03 8.595823e+03 8.532671e+03 8.545812e+03
8.5 8.555275e+03 8.597074e+03 8.542125e+03 8.500325e+03
9.5 8.569478e+03 8.596903e+03 8.549941e+03 8.522517e+03
10.5 8.575863e+03 8.595636e+03 8.556446e+03 8.536673e+03
11.5 8.556352e+03 8.591073e+03 8.565691e+03 8.530970e+03
12.5 8.574180e+03 8.579506e+03 8.581066e+03 8.575740e+03
13.5 8.551750e+03 8.561990e+03 8.597662e+03 8.587422e+03
14.5 8.536345e+03 8.544189e+03 8.607341e+03 8.599497e+03
15.5 8.583439e+03 8.530491e+03 8.607329e+03 8.660278e+03
16.5 8.536396e+03 8.521977e+03 8.600214e+03 8.614633e+03
17.5 8.523255e+03 8.517681e+03 8.590106e+03 8.595681e+03
18.5 8.517865e+03 8.516146e+03 8.580090e+03 8.581809e+03
19.5 8.518125e+03 8.516205e+03 8.571672e+03 8.573592e+03
20.5 8.496083e+03 8.517130e+03 8.565221e+03 8.544175e+03
21.5 8.506829e+03 8.518504e+03 8.560561e+03 8.548886e+03
22.5 8.512545e+03 8.520085e+03 8.557366e+03 8.549825e+03
23.5 8.505298e+03 8.521707e+03 8.555322e+03 8.538913e+03
24.5 8.529243e+03 8.523245e+03 8.554173e+03 8.560171e+03
25.5 8.541746e+03 8.524615e+03 8.553702e+03 8.570833e+03
26.5 8.511672e+03 8.525768e+03 8.553719e+03 8.539623e+03
27.5 8.493281e+03 8.526691e+03 8.554055e+03 8.520645e+03
28.5 8.476883e+03 8.527398e+03 8.554567e+03 8.504052e+03
29.5 8.492458e+03 8.527922e+03 8.555143e+03 8.519678e+03
30.5 8.531880e+03 8.528509e+03 8.555706e+03 8.559077e+03
31.5 8.540089e+03 8.531005e+03 8.556208e+03 8.565292e+03
32.5 8.530890e+03 8.539833e+03 8.556627e+03 8.547684e+03
33.5 8.592517e+03 8.556654e+03 8.556960e+03 8.592822e+03
34.5 8.617542e+03 8.577626e+03 8.557213e+03 8.597129e+03
35.5 8.621716e+03 8.597705e+03 8.557398e+03 8.581408e+03
36.5 8.613944e+03 8.613851e+03 8.557530e+03 8.557623e+03
37.5 8.643130e+03 8.625290e+03 8.557623e+03 8.575462e+03
38.5 8.645903e+03 8.632565e+03 8.557687e+03 8.571024e+03
39.5 8.690755e+03 8.636642e+03 8.557730e+03 8.611843e+03
40.5 8.655165e+03 8.638229e+03 8.557760e+03 8.574696e+03
41.5 8.661692e+03 8.636238e+03 8.557782e+03 8.583235e+03
42.5 8.621100e+03 8.626816e+03 8.557797e+03 8.552081e+03
43.5 8.595559e+03 8.608733e+03 8.557809e+03 8.544635e+03
44.5 8.565136e+03 8.586159e+03 8.557818e+03 8.536795e+03
45.5 8.538367e+03 8.564386e+03 8.557827e+03 8.531808e+03
0.5 8.532536e+03 8.529880e+03 8.557377e+03 8.560034e+03
1.5 8.545332e+03 8.533779e+03 8.552302e+03 8.563855e+03
2.5 8.531315e+03 8.544371e+03 8.539720e+03 8.526664e+03
3.5 8.565101e+03 8.560796e+03 8.524842e+03 8.529148e+03
4.5 8.556177e+03 8.577515e+03 8.516070e+03 8.494732e+03
5.5 8.581817e+03 8.590241e+03 8.516379e+03 8.507955e+03
6.5 8.591480e+03 8.597954e+03 8.523359e+03 8.516885e+03
7.5 8.581949e+03 8.601644e+03 8.533053e+03 8.513359e+03
8.5 8.616391e+03 8.602761e+03 8.542508e+03 8.556138e+03
9.5 8.596256e+03 8.602445e+03 8.550324e+03 8.544135e+03
10.5 8.614550e+03 8.601029e+03 8.556827e+03 8.570349e+03
11.5 8.612083e+03 8.596325e+03 8.566056e+03 8.581815e+03
12.5 8.612155e+03 8.584623e+03 8.581417e+03 8.608949e+03
13.5 8.588442e+03 8.566962e+03 8.598012e+03 8.619492e+03
14.5 8.564879e+03 8.549020e+03 8.607690e+03 8.623549e+03
15.5 8.525046e+03 8.535184e+03 8.607676e+03 8.597538e+03
16.5 8.513033e+03 8.526537e+03 8.600558e+03 8.587054e+03
17.5 8.536112e+03 8.522111e+03 8.590448e+03 8.604448e+03
18.5 8.555225e+03 8.520451e+03 8.580429e+03 8.615203e+03
19.5 8.548261e+03 8.520389e+03 8.572008e+03 8.599880e+03
20.5 8.571900e+03 8.521197e+03 8.565553e+03 8.616257e+03
21.5 8.579391e+03 8.522458e+03 8.560890e+03 8.617824e+03
22.5 8.541210e+03 8.523930e+03 8.557691e+03 8.574971e+03
23.5 8.509418e+03 8.525445e+03 8.555644e+03 8.539617e+03
24.5 8.444955e+03 8.526881e+03 8.554490e+03 8.472565e+03
25.5 8.431524e+03 8.528151e+03 8.554015e+03 8.457389e+03
26.5 8.489596e+03 8.529207e+03 8.554028e+03 8.514417e+03
27.5 8.506544e+03 8.530036e+03 8.554359e+03 8.530867e+03
28.5 8.545066e+03 8.530651e+03 8.554866e+03 8.569281e+03
29.5 8.582027e+03 8.531087e+03 8.555438e+03 8.606378e+03
30.5 8.558506e+03 8.531587e+03 8.555997e+03 8.582916e+03
31.5 8.533151e+03 8.533998e+03 8.556494e+03 8.555648e+03
32.5 8.552639e+03 8.542743e+03 8.556909e+03 8.566805e+03
33.5 8.571754e+03 8.559483e+03 8.557237e+03 8.569508e+03
34.5 8.606940e+03 8.580376e+03 8.557485e+03 8.584049e+03
35.5 8.612619e+03 8.600377e+03 8.557665e+03 8.569907e+03
36.5 8.607606e+03 8.616428e+03 8.557793e+03 8.548972e+03
37.5 8.626989e+03 8.627760e+03 8.557882e+03 8.557111e+03
38.5 8.611563e+03 8.634946e+03 8.557942e+03 8.534560e+03
39.5 8.591927e+03 8.638933e+03 8.557982e+03 8.510976e+03
40.5 8.626766e+03 8.640430e+03 8.558008e+03 8.544344e+03
41.5 8.614859e+03 8.638349e+03 8.558026e+03 8.534536e+03
42.5 8.602294e+03 8.628838e+03 8.558038e+03 8.531494e+03
43.5 8.626804e+03 8.610669e+03 8.558046e+03 8.574181e+03
44.5 8.581143e+03 8.588018e+03 8.558053e+03 8.551178e+03
45.5 8.534824e+03 8.566176e+03 8.558059e+03 8.526707e+03
0.5 8.517273e+03 8.529875e+03 8.557512e+03 8.544910e+03
1.5 8.515055e+03 8.533723e+03 8.552444e+03 8.533776e+03
2.5 8.547588e+03 8.544261e+03 8.539872e+03 8.543199e+03
3.5 8.588607e+03 8.560625e+03 8.525010e+03 8.552992e+03
4.5 8.579552e+03 8.577275e+03 8.516262e+03 8.518540e+03
5.5 8.608065e+03 8.589920e+03 8.516603e+03 8.534748e+03
6.5 8.587451e+03 8.597543e+03 8.523616e+03 8.513524e+03
7.5 8.606617e+03 8.601136e+03 8.533342e+03 8.538823e+03
8.5 8.596705e+03 8.602151e+03 8.542825e+03 8.537379e+03
9.5 8.598323e+03 8.601733e+03 8.550666e+03 8.547256e+03
10.5 8.581306e+03 8.601205e+03 8.557190e+03 8.537291e+03
