0.5 8.579447e+03 8.642383e+03 8.631897e+03 8.568961e+03
1.5 8.578176e+03 8.634144e+03 8.631598e+03 8.575631e+03
2.5 8.543639e+03 8.608588e+03 8.626046e+03 8.561097e+03
3.5 8.583282e+03 8.569320e+03 8.610771e+03 8.624733e+03
4.5 8.554615e+03 8.531125e+03 8.587222e+03 8.610712e+03
5.5 8.502211e+03 8.504332e+03 8.560824e+03 8.558702e+03
6.5 8.498763e+03 8.490439e+03 8.536698e+03 8.545021e+03
7.5 8.501611e+03 8.486070e+03 8.517618e+03 8.533159e+03
8.5 8.498643e+03 8.487156e+03 8.504165e+03 8.515652e+03
9.5 8.493563e+03 8.490789e+03 8.495674e+03 8.498447e+03
10.5 8.464072e+03 8.495373e+03 8.491058e+03 8.459757e+03
11.5 8.461600e+03 8.500159e+03 8.489264e+03 8.450706e+03
12.5 8.435716e+03 8.504796e+03 8.489426e+03 8.420347e+03
13.5 8.497746e+03 8.509078e+03 8.490868e+03 8.479536e+03
14.5 8.492509e+03 8.512857e+03 8.493065e+03 8.472718e+03
15.5 8.484841e+03 8.516036e+03 8.495617e+03 8.464422e+03
16.5 8.537382e+03 8.518584e+03 8.498224e+03 8.517022e+03
17.5 8.564362e+03 8.520532e+03 8.500680e+03 8.544510e+03
18.5 8.542669e+03 8.521959e+03 8.502860e+03 8.523570e+03
19.5 8.577111e+03 8.522970e+03 8.504708e+03 8.558849e+03
20.5 8.576345e+03 8.524036e+03 8.506221e+03 8.558529e+03
21.5 8.573782e+03 8.527821e+03 8.508156e+03 8.554117e+03
22.5 8.576605e+03 8.538325e+03 8.515063e+03 8.553343e+03
23.5 8.583798e+03 8.554708e+03 8.531458e+03 8.560549e+03
24.5 8.634858e+03 8.571436e+03 8.555941e+03 8.619363e+03
25.5 8.636939e+03 8.584215e+03 8.583127e+03 8.635850e+03
26.5 8.608480e+03 8.592017e+03 8.607931e+03 8.624394e+03
27.5 8.608964e+03 8.595823e+03 8.627608e+03 8.640749e+03
28.5 8.555275e+03 8.597074e+03 8.641598e+03 8.599798e+03
29.5 8.569478e+03 8.596903e+03 8.650583e+03 8.623158e+03
30.5 8.575863e+03 8.595636e+03 8.655657e+03 8.635884e+03
31.5 8.556352e+03 8.591073e+03 8.657151e+03 8.622430e+03
32.5 8.574180e+03 8.579506e+03 8.651419e+03 8.646092e+03
33.5 8.551750e+03 8.561990e+03 8.634691e+03 8.624450e+03
34.5 8.536345e+03 8.544189e+03 8.608943e+03 8.601099e+03
35.5 8.583439e+03 8.530491e+03 8.580005e+03 8.632953e+03
36.5 8.536396e+03 8.521977e+03 8.553294e+03 8.567713e+03
37.5 8.523255e+03 8.517681e+03 8.531790e+03 8.537365e+03
38.5 8.517865e+03 8.516146e+03 8.516193e+03 8.517912e+03
39.5 8.518125e+03 8.516205e+03 8.505893e+03 8.507813e+03
40.5 8.496083e+03 8.517130e+03 8.499806e+03 8.478760e+03
41.5 8.506829e+03 8.518504e+03 8.496853e+03 8.485177e+03
42.5 8.512545e+03 8.520085e+03 8.496119e+03 8.488579e+03
43.5 8.505298e+03 8.521707e+03 8.496879e+03 8.480470e+03
44.5 8.529243e+03 8.523245e+03 8.498560e+03 8.504557e+03
45.5 8.541746e+03 8.524615e+03 8.500717e+03 8.517848e+03
46.5 8.511672e+03 8.525768e+03 8.503017e+03 8.488921e+03
47.5 8.493281e+03 8.526691e+03 8.505228e+03 8.471817e+03
48.5 8.476883e+03 8.527398e+03 8.507205e+03 8.456690e+03
49.5 8.492458e+03 8.527922e+03 8.508880e+03 8.473415e+03
50.5 8.531880e+03 8.528509e+03 8.510239e+03 8.513609e+03
51.5 8.540089e+03 8.531005e+03 8.512033e+03 8.521117e+03
52.5 8.530890e+03 8.539833e+03 8.518809e+03 8.509865e+03
53.5 8.592517e+03 8.556654e+03 8.535076e+03 8.570939e+03
54.5 8.617542e+03 8.577626e+03 8.559432e+03 8.599348e+03
55.5 8.621716e+03 8.597705e+03 8.586492e+03 8.610502e+03
0.5 8.575863e+03 8.595636e+03 8.655657e+03 8.635884e+03
1.5 8.556352e+03 8.591073e+03 8.657151e+03 8.622430e+03
2.5 8.574180e+03 8.579506e+03 8.651419e+03 8.646092e+03
3.5 8.551750e+03 8.561990e+03 8.634691e+03 8.624450e+03
4.5 8.536345e+03 8.544189e+03 8.608943e+03 8.601099e+03
5.5 8.583439e+03 8.530491e+03 8.580005e+03 8.632953e+03
6.5 8.536396e+03 8.521977e+03 8.553294e+03 8.567713e+03
7.5 8.523255e+03 8.517681e+03 8.531790e+03 8.537365e+03
8.5 8.517865e+03 8.516146e+03 8.516193e+03 8.517912e+03
9.5 8.518125e+03 8.516205e+03 8.505893e+03 8.507813e+03
10.5 8.496083e+03 8.517130e+03 8.499806e+03 8.478760e+03
11.5 8.506829e+03 8.518504e+03 8.496853e+03 8.485177e+03
12.5 8.512545e+03 8.520085e+03 8.496119e+03 8.488579e+03
13.5 8.505298e+03 8.521707e+03 8.496879e+03 8.480470e+03
14.5 8.529243e+03 8.523245e+03 8.498560e+03 8.504557e+03
15.5 8.541746e+03 8.524615e+03 8.500717e+03 8.517848e+03
16.5 8.511672e+03 8.525768e+03 8.503017e+03 8.488921e+03
17.5 8.493281e+03 8.526691e+03 8.505228e+03 8.471817e+03
18.5 8.476883e+03 8.527398e+03 8.507205e+03 8.456690e+03
19.5 8.492458e+03 8.527922e+03 8.508880e+03 8.473415e+03
20.5 8.531880e+03 8.528509e+03 8.510239e+03 8.513609e+03
21.5 8.540089e+03 8.531005e+03 8.512033e+03 8.521117e+03
22.5 8.530890e+03 8.539833e+03 8.518809e+03 8.509865e+03
23.5 8.592517e+03 8.556654e+03 8.535076e+03 8.570939e+03
24.5 8.617542e+03 8.577626e+03 8.559432e+03 8.599348e+03
25.5 8.621716e+03 8.597705e+03 8.586492e+03 8.610502e+03
26.5 8.613944e+03 8.613851e+03 8.611171e+03 8.611264e+03
27.5 8.643130e+03 8.625290e+03 8.630724e+03 8.648563e+03
28.5 8.645903e+03 8.632565e+03 8.644592e+03 8.657930e+03
29.5 8.690755e+03 8.636642e+03 8.653459e+03 8.707572e+03
30.5 8.655165e+03 8.638229e+03 8.658418e+03 8.675354e+03
31.5 8.661692e+03 8.636238e+03 8.659800e+03 8.685254e+03
32.5 8.621100e+03 8.626816e+03 8.653973e+03 8.648257e+03
33.5 8.595559e+03 8.608733e+03 8.637153e+03 8.623979e+03
34.5 8.565136e+03 8.586159e+03 8.611315e+03 8.590292e+03
35.5 8.538367e+03 8.564386e+03 8.582290e+03 8.556271e+03
36.5 8.489625e+03 8.546630e+03 8.555494e+03 8.498489e+03
37.5 8.504053e+03 8.533774e+03 8.533907e+03 8.504187e+03
38.5 8.488792e+03 8.525327e+03 8.518231e+03 8.481696e+03
39.5 8.445654e+03 8.520332e+03 8.507852e+03 8.433174e+03
40.5 8.459556e+03 8.517856e+03 8.501690e+03 8.443389e+03
41.5 8.500187e+03 8.517144e+03 8.498663e+03 8.481706e+03
42.5 8.512486e+03 8.517619e+03 8.497859e+03 8.492725e+03
43.5 8.504203e+03 8.518837e+03 8.498549e+03 8.483914e+03
44.5 8.523101e+03 8.520454e+03 8.500162e+03 8.502810e+03
45.5 8.484350e+03 8.522206e+03 8.502254e+03 8.464397e+03
46.5 8.452357e+03 8.523906e+03 8.504490e+03 8.432941e+03
47.5 8.511253e+03 8.525436e+03 8.506639e+03 8.492456e+03
48.5 8.518394e+03 8.526734e+03 8.508556e+03 8.500216e+03
49.5 8.535401e+03 8.527786e+03 8.510172e+03 8.517787e+03
50.5 8.555033e+03 8.528812e+03 8.511474e+03 8.537695e+03
51.5 8.568270e+03 8.531654e+03 8.513214e+03 8.549829e+03
52.5 8.585239e+03 8.540740e+03 8.519935e+03 8.564434e+03
53.5 8.590522e+03 8.557742e+03 8.536150e+03 8.568929e+03
54.5 8.567611e+03 8.578834e+03 8.560454e+03 8.549231e+03
55.5 8.574616e+03 8.598987e+03 8.587464e+03 8.563093e+03
0.5 8.655165e+03 8.638229e+03 8.658418e+03 8.675354e+03
1.5 8.661692e+03 8.636238e+03 8.659800e+03 8.685254e+03
2.5 8.621100e+03 8.626816e+03 8.653973e+03 8.648257e+03
3.5 8.595559e+03 8.608733e+03 8.637153e+03 8.623979e+03
4.5 8.565136e+03 8.586159e+03 8.611315e+03 8.590292e+03
5.5 8.538367e+03 8.564386e+03 8.582290e+03 8.556271e+03
6.5 8.489625e+03 8.546630e+03 8.555494e+03 8.498489e+03
7.5 8.504053e+03 8.533774e+03 8.533907e+03 8.504187e+03
8.5 8.488792e+03 8.525327e+03 8.518231e+03 8.481696e+03
9.5 8.445654e+03 8.520332e+03 8.507852e+03 8.433174e+03
10.5 8.459556e+03 8.517856e+03 8.501690e+03 8.443389e+03
11.5 8.500187e+03 8.517144e+03 8.498663e+03 8.481706e+03
12.5 8.512486e+03 8.517619e+03 8.497859e+03 8.492725e+03
13.5 8.504203e+03 8.518837e+03 8.498549e+03 8.483914e+03
14.5 8.523101e+03 8.520454e+03 8.500162e+03 8.502810e+03
15.5 8.484350e+03 8.522206e+03 8.502254e+03 8.464397e+03
16.5 8.452357e+03 8.523906e+03 8.504490e+03 8.432941e+03
17.5 8.511253e+03 8.525436e+03 8.506639e+03 8.492456e+03
18.5 8.518394e+03 8.526734e+03 8.508556e+03 8.500216e+03
19.5 8.535401e+03 8.527786e+03 8.510172e+03 8.517787e+03
20.5 8.555033e+03 8.528812e+03 8.511474e+03 8.537695e+03
21.5 8.568270e+03 8.531654e+03 8.513214e+03 8.549829e+03
22.5 8.585239e+03 8.540740e+03 8.519935e+03 8.564434e+03
23.5 8.590522e+03 8.557742e+03 8.536150e+03 8.568929e+03
24.5 8.567611e+03 8.578834e+03 8.560454e+03 8.549231e+03
25.5 8.574616e+03 8.598987e+03 8.587464e+03 8.563093e+03
26.5 8.566732e+03 8.615171e+03 8.612094e+03 8.563655e+03
27.5 8.583835e+03 8.626625e+03 8.631600e+03 8.588810e+03
28.5 8.617467e+03 8.633898e+03 8.645422e+03 8.628991e+03
29.5 8.613693e+03 8.637963e+03 8.654243e+03 8.629973e+03
30.5 8.632738e+03 8.639531e+03 8.659158e+03 8.652366e+03
31.5 8.636064e+03 8.637518e+03 8.660497e+03 8.659043e+03
32.5 8.652974e+03 8.628072e+03 8.654628e+03 8.679530e+03
33.5 8.645992e+03 8.609963e+03 8.637765e+03 8.673794e+03
34.5 8.644157e+03 8.587365e+03 8.611887e+03 8.668680e+03
35.5 8.625277e+03 8.565568e+03 8.582822e+03 8.642531e+03
36.5 8.577605e+03 8.547789e+03 8.555987e+03 8.585804e+03
37.5 8.576422e+03 8.534910e+03 8.534362e+03 8.575873e+03
38.5 8.597100e+03 8.526441e+03 8.518647e+03 8.589306e+03
39.5 8.609775e+03 8.521426e+03 8.508232e+03 8.596581e+03
40.5 8.583482e+03 8.518930e+03 8.502033e+03 8.566585e+03
41.5 8.534185e+03 8.518199e+03 8.498970e+03 8.514956e+03
42.5 8.513542e+03 8.518656e+03 8.498129e+03 8.493015e+03
43.5 8.498225e+03 8.519856e+03 8.498784e+03 8.477153e+03
44.5 8.524410e+03 8.521455e+03 8.500362e+03 8.503317e+03
45.5 8.551053e+03 8.523191e+03 8.502419e+03 8.530280e+03
46.5 8.563044e+03 8.524876e+03 8.504621e+03 8.542789e+03
47.5 8.549821e+03 8.526390e+03 8.506735e+03 8.530166e+03
48.5 8.532193e+03 8.527673e+03 8.508619e+03 8.513139e+03
49.5 8.511999e+03 8.528710e+03 8.510201e+03 8.493489e+03
50.5 8.532536e+03 8.529880e+03 8.511469e+03 8.514125e+03
51.5 8.545332e+03 8.533779e+03 8.513174e+03 8.524726e+03
52.5 8.531315e+03 8.544371e+03 8.519861e+03 8.506805e+03
53.5 8.565101e+03 8.560796e+03 8.536043e+03 8.540348e+03
54.5 8.556177e+03 8.577515e+03 8.560313e+03 8.538975e+03
55.5 8.581817e+03 8.590241e+03 8.587288e+03 8.578864e+03
0.5 8.632738e+03 8.639531e+03 8.659158e+03 8.652366e+03
1.5 8.636064e+03 8.637518e+03 8.660497e+03 8.659043e+03
2.5 8.652974e+03 8.628072e+03 8.654628e+03 8.679530e+03
3.5 8.645992e+03 8.609963e+03 8.637765e+03 8.673794e+03
4.5 8.644157e+03 8.587365e+03 8.611887e+03 8.668680e+03
5.5 8.625277e+03 8.565568e+03 8.582822e+03 8.642531e+03
6.5 8.577605e+03 8.547789e+03 8.555987e+03 8.585804e+03
7.5 8.576422e+03 8.534910e+03 8.534362e+03 8.575873e+03
8.5 8.597100e+03 8.526441e+03 8.518647e+03 8.589306e+03
9.5 8.609775e+03 8.521426e+03 8.508232e+03 8.596581e+03
10.5 8.583482e+03 8.518930e+03 8.502033e+03 8.566585e+03
11.5 8.534185e+03 8.518199e+03 8.498970e+03 8.514956e+03
12.5 8.513542e+03 8.518656e+03 8.498129e+03 8.493015e+03
13.5 8.498225e+03 8.519856e+03 8.498784e+03 8.477153e+03
14.5 8.524410e+03 8.521455e+03 8.500362e+03 8.503317e+03
15.5 8.551053e+03 8.523191e+03 8.502419e+03 8.530280e+03
16.5 8.563044e+03 8.524876e+03 8.504621e+03 8.542789e+03
17.5 8.549821e+03 8.526390e+03 8.506735e+03 8.530166e+03
18.5 8.532193e+03 8.527673e+03 8.508619e+03 8.513139e+03
19.5 8.511999e+03 8.528710e+03 8.510201e+03 8.493489e+03
20.5 8.532536e+03 8.529880e+03 8.511469e+03 8.514125e+03
21.5 8.545332e+03 8.533779e+03 8.513174e+03 8.524726e+03
22.5 8.531315e+03 8.544371e+03 8.519861e+03 8.506805e+03
23.5 8.565101e+03 8.560796e+03 8.536043e+03 8.540348e+03
24.5 8.556177e+03 8.577515e+03 8.560313e+03 8.538975e+03
25.5 8.581817e+03 8.590241e+03 8.587288e+03 8.578864e+03
26.5 8.591480e+03 8.597954e+03 8.611884e+03 8.605411e+03
27.5 8.581949e+03 8.601644e+03 8.631355e+03 8.611661e+03
28.5 8.616391e+03 8.602761e+03 8.645143e+03 8.658773e+03
29.5 8.596256e+03 8.602445e+03 8.653929e+03 8.647740e+03
30.5 8.614550e+03 8.601029e+03 8.658808e+03 8.672330e+03
31.5 8.612083e+03 8.596325e+03 8.660111e+03 8.675870e+03
32.5 8.612155e+03 8.584623e+03 8.654205e+03 8.681737e+03
33.5 8.588442e+03 8.566962e+03 8.637306e+03 8.658786e+03
34.5 8.564879e+03 8.549020e+03 8.611390e+03 8.627249e+03
35.5 8.525046e+03 8.535184e+03 8.582287e+03 8.572149e+03
36.5 8.513033e+03 8.526537e+03 8.555413e+03 8.541909e+03
37.5 8.536112e+03 8.522111e+03 8.533748e+03 8.547749e+03
38.5 8.555225e+03 8.520451e+03 8.517994e+03 8.552767e+03
39.5 8.548261e+03 8.520389e+03 8.507537e+03 8.535409e+03
40.5 8.571900e+03 8.521197e+03 8.501296e+03 8.552000e+03
41.5 8.579391e+03 8.522458e+03 8.498190e+03 8.555123e+03
42.5 8.541210e+03 8.523930e+03 8.497306e+03 8.514586e+03
43.5 8.509418e+03 8.525445e+03 8.497916e+03 8.481889e+03
44.5 8.444955e+03 8.526881e+03 8.499448e+03 8.417523e+03
45.5 8.431524e+03 8.528151e+03 8.501458e+03 8.404832e+03
46.5 8.489596e+03 8.529207e+03 8.503612e+03 8.464001e+03
47.5 8.506544e+03 8.530036e+03 8.505677e+03 8.482185e+03
48.5 8.545066e+03 8.530651e+03 8.507510e+03 8.521924e+03
49.5 8.582027e+03 8.531087e+03 8.509040e+03 8.559980e+03
50.5 8.558506e+03 8.531587e+03 8.510254e+03 8.537173e+03
51.5 8.533151e+03 8.533998e+03 8.511905e+03 8.511058e+03
52.5 8.552639e+03 8.542743e+03 8.518536e+03 8.528432e+03
53.5 8.571754e+03 8.559483e+03 8.534659e+03 8.546930e+03
54.5 8.606940e+03 8.580376e+03 8.558870e+03 8.585435e+03
55.5 8.612619e+03 8.600377e+03 8.585784e+03 8.598026e+03
0.5 8.614550e+03 8.601029e+03 8.658808e+03 8.672330e+03
1.5 8.612083e+03 8.596325e+03 8.660111e+03 8.675870e+03
2.5 8.612155e+03 8.584623e+03 8.654205e+03 8.681737e+03
3.5 8.588442e+03 8.566962e+03 8.637306e+03 8.658786e+03
4.5 8.564879e+03 8.549020e+03 8.611390e+03 8.627249e+03
5.5 8.525046e+03 8.535184e+03 8.582287e+03 8.572149e+03
6.5 8.513033e+03 8.526537e+03 8.555413e+03 8.541909e+03
7.5 8.536112e+03 8.522111e+03 8.533748e+03 8.547749e+03
8.5 8.555225e+03 8.520451e+03 8.517994e+03 8.552767e+03
9.5 8.548261e+03 8.520389e+03 8.507537e+03 8.535409e+03
10.5 8.571900e+03 8.521197e+03 8.501296e+03 8.552000e+03
11.5 8.579391e+03 8.522458e+03 8.498190e+03 8.555123e+03
12.5 8.541210e+03 8.523930e+03 8.497306e+03 8.514586e+03
13.5 8.509418e+03 8.525445e+03 8.497916e+03 8.481889e+03
14.5 8.444955e+03 8.526881e+03 8.499448e+03 8.417523e+03
15.5 8.431524e+03 8.528151e+03 8.501458e+03 8.404832e+03
16.5 8.489596e+03 8.529207e+03 8.503612e+03 8.464001e+03
17.5 8.506544e+03 8.530036e+03 8.505677e+03 8.482185e+03
18.5 8.545066e+03 8.530651e+03 8.507510e+03 8.521924e+03
19.5 8.582027e+03 8.531087e+03 8.509040e+03 8.559980e+03
20.5 8.558506e+03 8.531587e+03 8.510254e+03 8.537173e+03
21.5 8.533151e+03 8.533998e+03 8.511905e+03 8.511058e+03
22.5 8.552639e+03 8.542743e+03 8.518536e+03 8.528432e+03
23.5 8.571754e+03 8.559483e+03 8.534659e+03 8.546930e+03
24.5 8.606940e+03 8.580376e+03 8.558870e+03 8.585435e+03
25.5 8.612619e+03 8.600377e+03 8.585784e+03 8.598026e+03
26.5 8.607606e+03 8.616428e+03 8.610317e+03 8.601496e+03
27.5 8.626989e+03 8.627760e+03 8.629713e+03 8.628941e+03
28.5 8.611563e+03 8.634946e+03 8.643422e+03 8.620039e+03
29.5 8.591927e+03 8.638933e+03 8.652127e+03 8.605122e+03
30.5 8.626766e+03 8.640430e+03 8.656922e+03 8.643258e+03
31.5 8.614859e+03 8.638349e+03 8.658138e+03 8.634648e+03
32.5 8.602294e+03 8.628838e+03 8.652142e+03 8.625598e+03
33.5 8.626804e+03 8.610669e+03 8.635150e+03 8.651285e+03
34.5 8.581143e+03 8.588018e+03 8.609142e+03 8.602267e+03
35.5 8.534824e+03 8.566176e+03 8.579947e+03 8.548595e+03
36.5 8.532464e+03 8.548357e+03 8.552985e+03 8.537092e+03
37.5 8.531030e+03 8.535442e+03 8.531233e+03 8.526820e+03
38.5 8.512200e+03 8.526939e+03 8.515394e+03 8.500654e+03
39.5 8.516503e+03 8.521890e+03 8.504853e+03 8.499466e+03
40.5 8.536656e+03 8.519359e+03 8.498529e+03 8.515825e+03
41.5 8.521294e+03 8.518592e+03 8.495338e+03 8.498040e+03
42.5 8.498485e+03 8.519011e+03 8.494367e+03 8.473842e+03
43.5 8.508975e+03 8.520172e+03 8.494889e+03 8.483692e+03
44.5 8.484002e+03 8.521731e+03 8.496330e+03 8.458601e+03
45.5 8.505033e+03 8.523424e+03 8.498246e+03 8.479855e+03
46.5 8.483266e+03 8.525064e+03 8.500302e+03 8.458504e+03
47.5 8.499854e+03 8.526533e+03 8.502266e+03 8.475587e+03
48.5 8.504286e+03 8.527768e+03 8.503994e+03 8.480512e+03
49.5 8.512181e+03 8.528756e+03 8.505416e+03 8.488840e+03
50.5 8.517273e+03 8.529875e+03 8.506518e+03 8.493916e+03
51.5 8.515055e+03 8.533723e+03 8.508053e+03 8.489385e+03
52.5 8.547588e+03 8.544261e+03 8.514564e+03 8.517891e+03
53.5 8.588607e+03 8.560625e+03 8.530561e+03 8.558543e+03
54.5 8.579552e+03 8.577275e+03 8.554634e+03 8.556912e+03
55.5 8.608065e+03 8.589920e+03 8.581394e+03 8.599540e+03
0.5 8.626766e+03 8.640430e+03 8.656922e+03 8.643258e+03
1.5 8.614859e+03 8.638349e+03 8.658138e+03 8.634648e+03
2.5 8.602294e+03 8.628838e+03 8.652142e+03 8.625598e+03
3.5 8.626804e+03 8.610669e+03 8.635150e+03 8.651285e+03
4.5 8.581143e+03 8.588018e+03 8.609142e+03 8.602267e+03
5.5 8.534824e+03 8.566176e+03 8.579947e+03 8.548595e+03
6.5 8.532464e+03 8.548357e+03 8.552985e+03 8.537092e+03
7.5 8.531030e+03 8.535442e+03 8.531233e+03 8.526820e+03
8.5 8.512200e+03 8.526939e+03 8.515394e+03 8.500654e+03
9.5 8.516503e+03 8.521890e+03 8.504853e+03 8.499466e+03
10.5 8.536656e+03 8.519359e+03 8.498529e+03 8.515825e+03
11.5 8.521294e+03 8.518592e+03 8.495338e+03 8.498040e+03
12.5 8.498485e+03 8.519011e+03 8.494367e+03 8.473842e+03
13.5 8.508975e+03 8.520172e+03 8.494889e+03 8.483692e+03
14.5 8.484002e+03 8.521731e+03 8.496330e+03 8.458601e+03
15.5 8.505033e+03 8.523424e+03 8.498246e+03 8.479855e+03
16.5 8.483266e+03 8.525064e+03 8.500302e+03 8.458504e+03
17.5 8.499854e+03 8.526533e+03 8.502266e+03 8.475587e+03
18.5 8.504286e+03 8.527768e+03 8.503994e+03 8.480512e+03
19.5 8.512181e+03 8.528756e+03 8.505416e+03 8.488840e+03
20.5 8.517273e+03 8.529875e+03 8.506518e+03 8.493916e+03
21.5 8.515055e+03 8.533723e+03 8.508053e+03 8.489385e+03
22.5 8.547588e+03 8.544261e+03 8.514564e+03 8.517891e+03
23.5 8.588607e+03 8.560625e+03 8.530561e+03 8.558543e+03
24.5 8.579552e+03 8.577275e+03 8.554634e+03 8.556912e+03
25.5 8.608065e+03 8.589920e+03 8.581394e+03 8.599540e+03
26.5 8.587451e+03 8.597543e+03 8.605754e+03 8.595662e+03
27.5 8.606617e+03 8.601136e+03 8.624968e+03 8.630448e+03
28.5 8.596705e+03 8.602151e+03 8.638478e+03 8.633032e+03
29.5 8.598323e+03 8.601733e+03 8.646971e+03 8.643561e+03
30.5 8.581306e+03 8.601205e+03 8.651545e+03 8.631646e+03
