0.5 8.817878e+03 8.780837e+03 8.888533e+03 8.925575e+03
1.5 8.911440e+03 8.763616e+03 8.870942e+03 9.018766e+03
2.5 8.735222e+03 8.721142e+03 8.827117e+03 8.841197e+03
3.5 8.794468e+03 8.671735e+03 8.774606e+03 8.897339e+03
4.5 8.727300e+03 8.644126e+03 8.742405e+03 8.825578e+03
5.5 8.666442e+03 8.648038e+03 8.741188e+03 8.759592e+03
6.5 8.602944e+03 8.674705e+03 8.763087e+03 8.691326e+03
7.5 8.631306e+03 8.710276e+03 8.794737e+03 8.715766e+03
8.5 8.760821e+03 8.744544e+03 8.826035e+03 8.842311e+03
9.5 8.661633e+03 8.772750e+03 8.852105e+03 8.740988e+03
10.5 8.731979e+03 8.793965e+03 8.871833e+03 8.809848e+03
11.5 8.724642e+03 8.809031e+03 8.885880e+03 8.801491e+03
12.5 8.753721e+03 8.819218e+03 8.895366e+03 8.829868e+03
13.5 8.812562e+03 8.825663e+03 8.901311e+03 8.888210e+03
14.5 9.031808e+03 8.829268e+03 8.904528e+03 9.107068e+03
15.5 9.059537e+03 8.830766e+03 8.905682e+03 9.134453e+03
16.5 8.866091e+03 8.830788e+03 8.905353e+03 8.940656e+03
17.5 8.994853e+03 8.829883e+03 8.904057e+03 9.069026e+03
18.5 8.978271e+03 8.828514e+03 8.902234e+03 9.051991e+03
19.5 8.900453e+03 8.827054e+03 8.900243e+03 8.973642e+03
20.5 8.739253e+03 8.830244e+03 8.900472e+03 8.809482e+03
21.5 9.041251e+03 8.869523e+03 8.916260e+03 9.087988e+03
22.5 8.999068e+03 8.990666e+03 8.958549e+03 8.966951e+03
23.5 9.301496e+03 9.179788e+03 9.009802e+03 9.131511e+03
24.5 9.440102e+03 9.368868e+03 9.041009e+03 9.112243e+03
25.5 9.660317e+03 9.507881e+03 9.041464e+03 9.193901e+03
26.5 9.621018e+03 9.587105e+03 9.018993e+03 9.052906e+03
27.5 9.577606e+03 9.620284e+03 8.986920e+03 8.944242e+03
28.5 9.681332e+03 9.625541e+03 8.955311e+03 9.011102e+03
29.5 9.582390e+03 9.616418e+03 8.928999e+03 8.894971e+03
30.5 9.570342e+03 9.596268e+03 8.906933e+03 8.881006e+03
31.5 9.622271e+03 9.537674e+03 8.875211e+03 8.959807e+03
32.5 9.427195e+03 9.397039e+03 8.821871e+03 8.852027e+03
33.5 9.350947e+03 9.189759e+03 8.763465e+03 8.924654e+03
34.5 9.216850e+03 8.984663e+03 8.728117e+03 8.960303e+03
35.5 8.972327e+03 8.832372e+03 8.725813e+03 8.865768e+03
36.5 8.726619e+03 8.742854e+03 8.748096e+03 8.731862e+03
37.5 8.438102e+03 8.702279e+03 8.781081e+03 8.516904e+03
38.5 8.585898e+03 8.692189e+03 8.814223e+03 8.707933e+03
39.5 8.344446e+03 8.698548e+03 8.842302e+03 8.488200e+03
40.5 8.323223e+03 8.713001e+03 8.863961e+03 8.474183e+03
41.5 8.570037e+03 8.731103e+03 8.879715e+03 8.718649e+03
42.5 8.535178e+03 8.750402e+03 8.890619e+03 8.675395e+03
43.5 8.330932e+03 8.769300e+03 8.897686e+03 8.459317e+03
44.5 8.631619e+03 8.786633e+03 8.901754e+03 8.746740e+03
45.5 8.639873e+03 8.801610e+03 8.903532e+03 8.741796e+03
46.5 8.618922e+03 8.813841e+03 8.903648e+03 8.708729e+03
47.5 8.731729e+03 8.823311e+03 8.902663e+03 8.811081e+03
48.5 8.826548e+03 8.830286e+03 8.901054e+03 8.897316e+03
49.5 8.677457e+03 8.835197e+03 8.899209e+03 8.741469e+03
50.5 8.963346e+03 8.838316e+03 8.899538e+03 9.024567e+03
51.5 8.966578e+03 8.837902e+03 8.915392e+03 9.044068e+03
52.5 9.046197e+03 8.827521e+03 8.957719e+03 9.176396e+03
53.5 8.941987e+03 8.803407e+03 9.008991e+03 9.147571e+03
54.5 8.833053e+03 8.770375e+03 9.040205e+03 9.102883e+03
55.5 8.904471e+03 8.736520e+03 9.040666e+03 9.208617e+03
0.5 9.570342e+03 9.596268e+03 8.906933e+03 8.881006e+03
1.5 9.622271e+03 9.537674e+03 8.875211e+03 8.959807e+03
2.5 9.427195e+03 9.397039e+03 8.821871e+03 8.852027e+03
3.5 9.350947e+03 9.189759e+03 8.763465e+03 8.924654e+03
4.5 9.216850e+03 8.984663e+03 8.728117e+03 8.960303e+03
5.5 8.972327e+03 8.832372e+03 8.725813e+03 8.865768e+03
6.5 8.726619e+03 8.742854e+03 8.748096e+03 8.731862e+03
7.5 8.438102e+03 8.702279e+03 8.781081e+03 8.516904e+03
8.5 8.585898e+03 8.692189e+03 8.814223e+03 8.707933e+03
9.5 8.344446e+03 8.698548e+03 8.842302e+03 8.488200e+03
10.5 8.323223e+03 8.713001e+03 8.863961e+03 8.474183e+03
11.5 8.570037e+03 8.731103e+03 8.879715e+03 8.718649e+03
12.5 8.535178e+03 8.750402e+03 8.890619e+03 8.675395e+03
13.5 8.330932e+03 8.769300e+03 8.897686e+03 8.459317e+03
14.5 8.631619e+03 8.786633e+03 8.901754e+03 8.746740e+03
15.5 8.639873e+03 8.801610e+03 8.903532e+03 8.741796e+03
16.5 8.618922e+03 8.813841e+03 8.903648e+03 8.708729e+03
17.5 8.731729e+03 8.823311e+03 8.902663e+03 8.811081e+03
18.5 8.826548e+03 8.830286e+03 8.901054e+03 8.897316e+03
19.5 8.677457e+03 8.835197e+03 8.899209e+03 8.741469e+03
20.5 8.963346e+03 8.838316e+03 8.899538e+03 9.024567e+03
21.5 8.966578e+03 8.837902e+03 8.915392e+03 9.044068e+03
22.5 9.046197e+03 8.827521e+03 8.957719e+03 9.176396e+03
23.5 8.941987e+03 8.803407e+03 9.008991e+03 9.147571e+03
24.5 8.833053e+03 8.770375e+03 9.040205e+03 9.102883e+03
25.5 8.904471e+03 8.736520e+03 9.040666e+03 9.208617e+03
26.5 8.936938e+03 8.707722e+03 9.018205e+03 9.247421e+03
27.5 8.696648e+03 8.686293e+03 8.986145e+03 8.996501e+03
28.5 8.497294e+03 8.672031e+03 8.954553e+03 8.779816e+03
29.5 8.925972e+03 8.663628e+03 8.928262e+03 9.190606e+03
30.5 8.856116e+03 8.659794e+03 8.906219e+03 9.102542e+03
31.5 8.853952e+03 8.661431e+03 8.874558e+03 9.067079e+03
32.5 8.900004e+03 8.674336e+03 8.821274e+03 9.046942e+03
33.5 8.859357e+03 8.701785e+03 8.762886e+03 8.920458e+03
34.5 8.663875e+03 8.738563e+03 8.727554e+03 8.652866e+03
35.5 8.667914e+03 8.776249e+03 8.725267e+03 8.616932e+03
36.5 8.665369e+03 8.808709e+03 8.747566e+03 8.604226e+03
37.5 8.608291e+03 8.833456e+03 8.780566e+03 8.555402e+03
38.5 8.584535e+03 8.850595e+03 8.813724e+03 8.547664e+03
39.5 8.513914e+03 8.861403e+03 8.841817e+03 8.494328e+03
40.5 8.666509e+03 8.867396e+03 8.863490e+03 8.662603e+03
41.5 9.117548e+03 8.869910e+03 8.879258e+03 9.126896e+03
42.5 8.814381e+03 8.870013e+03 8.890175e+03 8.834544e+03
43.5 8.930337e+03 8.868540e+03 8.897255e+03 8.959052e+03
44.5 9.186098e+03 8.866145e+03 8.901335e+03 9.221288e+03
45.5 9.075809e+03 8.863329e+03 8.903126e+03 9.115605e+03
46.5 8.892835e+03 8.860460e+03 8.903254e+03 8.935628e+03
47.5 8.862984e+03 8.857784e+03 8.902279e+03 8.907480e+03
48.5 9.154146e+03 8.855437e+03 8.900681e+03 9.199391e+03
49.5 8.847843e+03 8.853474e+03 8.898847e+03 8.893216e+03
50.5 9.033989e+03 8.851681e+03 8.899186e+03 9.081494e+03
51.5 8.811519e+03 8.847824e+03 8.915049e+03 8.878744e+03
52.5 8.973437e+03 8.835040e+03 8.957386e+03 9.095782e+03
53.5 8.860361e+03 8.809220e+03 9.008667e+03 9.059808e+03
54.5 8.751170e+03 8.774924e+03 9.039890e+03 9.016136e+03
55.5 8.727744e+03 8.740067e+03 9.040359e+03 9.028036e+03
0.5 8.856116e+03 8.659794e+03 8.906219e+03 9.102542e+03
1.5 8.853952e+03 8.661431e+03 8.874558e+03 9.067079e+03
2.5 8.900004e+03 8.674336e+03 8.821274e+03 9.046942e+03
3.5 8.859357e+03 8.701785e+03 8.762886e+03 8.920458e+03
4.5 8.663875e+03 8.738563e+03 8.727554e+03 8.652866e+03
5.5 8.667914e+03 8.776249e+03 8.725267e+03 8.616932e+03
6.5 8.665369e+03 8.808709e+03 8.747566e+03 8.604226e+03
7.5 8.608291e+03 8.833456e+03 8.780566e+03 8.555402e+03
8.5 8.584535e+03 8.850595e+03 8.813724e+03 8.547664e+03
9.5 8.513914e+03 8.861403e+03 8.841817e+03 8.494328e+03
10.5 8.666509e+03 8.867396e+03 8.863490e+03 8.662603e+03
11.5 9.117548e+03 8.869910e+03 8.879258e+03 9.126896e+03
12.5 8.814381e+03 8.870013e+03 8.890175e+03 8.834544e+03
13.5 8.930337e+03 8.868540e+03 8.897255e+03 8.959052e+03
14.5 9.186098e+03 8.866145e+03 8.901335e+03 9.221288e+03
15.5 9.075809e+03 8.863329e+03 8.903126e+03 9.115605e+03
16.5 8.892835e+03 8.860460e+03 8.903254e+03 8.935628e+03
17.5 8.862984e+03 8.857784e+03 8.902279e+03 8.907480e+03
18.5 9.154146e+03 8.855437e+03 8.900681e+03 9.199391e+03
19.5 8.847843e+03 8.853474e+03 8.898847e+03 8.893216e+03
20.5 9.033989e+03 8.851681e+03 8.899186e+03 9.081494e+03
21.5 8.811519e+03 8.847824e+03 8.915049e+03 8.878744e+03
22.5 8.973437e+03 8.835040e+03 8.957386e+03 9.095782e+03
23.5 8.860361e+03 8.809220e+03 9.008667e+03 9.059808e+03
24.5 8.751170e+03 8.774924e+03 9.039890e+03 9.016136e+03
25.5 8.727744e+03 8.740067e+03 9.040359e+03 9.028036e+03
26.5 8.557552e+03 8.710418e+03 9.017906e+03 8.865040e+03
27.5 8.363794e+03 8.688223e+03 8.985854e+03 8.661425e+03
28.5 8.498669e+03 8.673240e+03 8.954269e+03 8.779698e+03
29.5 8.633313e+03 8.664135e+03 8.927985e+03 8.897164e+03
30.5 8.444690e+03 8.659605e+03 8.905949e+03 8.691034e+03
31.5 8.714988e+03 8.660551e+03 8.874294e+03 8.928731e+03
32.5 8.735836e+03 8.672766e+03 8.821016e+03 8.884087e+03
33.5 8.650681e+03 8.699525e+03 8.762634e+03 8.713790e+03
34.5 8.942498e+03 8.735615e+03 8.727307e+03 8.934191e+03
35.5 8.843941e+03 8.772619e+03 8.725025e+03 8.796348e+03
36.5 8.737314e+03 8.804403e+03 8.747329e+03 8.680241e+03
37.5 8.795004e+03 8.828474e+03 8.780334e+03 8.746864e+03
38.5 8.668455e+03 8.844938e+03 8.813496e+03 8.637013e+03
39.5 8.961584e+03 8.855077e+03 8.841593e+03 8.948100e+03
40.5 8.897841e+03 8.860405e+03 8.863270e+03 8.900706e+03
41.5 9.066284e+03 8.862259e+03 8.879041e+03 9.083066e+03
42.5 8.985842e+03 8.861708e+03 8.889962e+03 9.014095e+03
43.5 8.935804e+03 8.859588e+03 8.897044e+03 8.973259e+03
44.5 8.960420e+03 8.856551e+03 8.901127e+03 9.004996e+03
45.5 9.169129e+03 8.853099e+03 8.902920e+03 9.218949e+03
46.5 8.893282e+03 8.849601e+03 8.903049e+03 8.946731e+03
47.5 9.096713e+03 8.846301e+03 8.902077e+03 9.152489e+03
48.5 9.028646e+03 8.843337e+03 8.900481e+03 9.085789e+03
49.5 8.980924e+03 8.840781e+03 8.898647e+03 9.038790e+03
50.5 9.001281e+03 8.843120e+03 8.898987e+03 9.057148e+03
51.5 9.057267e+03 8.881605e+03 8.914851e+03 9.090513e+03
52.5 9.302456e+03 9.001875e+03 8.957188e+03 9.257770e+03
53.5 9.312891e+03 9.189973e+03 9.008469e+03 9.131386e+03
54.5 9.437630e+03 9.377863e+03 9.039692e+03 9.099459e+03
55.5 9.369249e+03 9.515532e+03 9.040161e+03 8.893879e+03
0.5 8.444690e+03 8.659605e+03 8.905949e+03 8.691034e+03
1.5 8.714988e+03 8.660551e+03 8.874294e+03 8.928731e+03
2.5 8.735836e+03 8.672766e+03 8.821016e+03 8.884087e+03
3.5 8.650681e+03 8.699525e+03 8.762634e+03 8.713790e+03
4.5 8.942498e+03 8.735615e+03 8.727307e+03 8.934191e+03
5.5 8.843941e+03 8.772619e+03 8.725025e+03 8.796348e+03
6.5 8.737314e+03 8.804403e+03 8.747329e+03 8.680241e+03
7.5 8.795004e+03 8.828474e+03 8.780334e+03 8.746864e+03
8.5 8.668455e+03 8.844938e+03 8.813496e+03 8.637013e+03
9.5 8.961584e+03 8.855077e+03 8.841593e+03 8.948100e+03
10.5 8.897841e+03 8.860405e+03 8.863270e+03 8.900706e+03
11.5 9.066284e+03 8.862259e+03 8.879041e+03 9.083066e+03
12.5 8.985842e+03 8.861708e+03 8.889962e+03 9.014095e+03
13.5 8.935804e+03 8.859588e+03 8.897044e+03 8.973259e+03
14.5 8.960420e+03 8.856551e+03 8.901127e+03 9.004996e+03
15.5 9.169129e+03 8.853099e+03 8.902920e+03 9.218949e+03
16.5 8.893282e+03 8.849601e+03 8.903049e+03 8.946731e+03
17.5 9.096713e+03 8.846301e+03 8.902077e+03 9.152489e+03
18.5 9.028646e+03 8.843337e+03 8.900481e+03 9.085789e+03
19.5 8.980924e+03 8.840781e+03 8.898647e+03 9.038790e+03
20.5 9.001281e+03 8.843120e+03 8.898987e+03 9.057148e+03
21.5 9.057267e+03 8.881605e+03 8.914851e+03 9.090513e+03
22.5 9.302456e+03 9.001875e+03 8.957188e+03 9.257770e+03
23.5 9.312891e+03 9.189973e+03 9.008469e+03 9.131386e+03
24.5 9.437630e+03 9.377863e+03 9.039692e+03 9.099459e+03
25.5 9.369249e+03 9.515532e+03 9.040161e+03 8.893879e+03
26.5 9.651797e+03 9.593287e+03 9.017707e+03 9.076218e+03
27.5 9.382812e+03 9.624902e+03 8.985655e+03 8.743565e+03
28.5 9.304463e+03 9.628523e+03 8.954068e+03 8.630008e+03
29.5 9.601473e+03 9.617714e+03 8.927783e+03 8.911542e+03
30.5 9.642962e+03 9.595843e+03 8.905745e+03 8.952864e+03
31.5 9.492735e+03 9.535606e+03 8.874088e+03 8.831217e+03
32.5 9.638515e+03 9.393381e+03 8.820809e+03 9.065942e+03
33.5 9.375864e+03 9.184377e+03 8.762424e+03 8.953911e+03
34.5 9.141409e+03 8.977541e+03 8.727094e+03 8.890963e+03
35.5 8.960230e+03 8.823498e+03 8.724809e+03 8.861542e+03
36.5 8.742521e+03 8.732217e+03 8.747110e+03 8.757415e+03
37.5 8.441822e+03 8.689867e+03 8.780111e+03 8.532066e+03
38.5 8.341472e+03 8.677994e+03 8.813269e+03 8.476747e+03
39.5 8.219628e+03 8.682562e+03 8.841362e+03 8.378428e+03
40.5 8.491829e+03 8.695217e+03 8.863035e+03 8.659646e+03
41.5 8.683734e+03 8.711516e+03 8.878801e+03 8.851019e+03
42.5 8.753112e+03 8.729007e+03 8.889717e+03 8.913822e+03
43.5 8.807358e+03 8.746091e+03 8.896793e+03 8.958061e+03
44.5 8.823029e+03 8.761604e+03 8.900871e+03 8.962297e+03
45.5 8.830219e+03 8.774758e+03 8.902658e+03 8.958119e+03
46.5 8.811836e+03 8.785161e+03 8.902782e+03 8.929456e+03
47.5 8.830075e+03 8.792798e+03 8.901802e+03 8.939079e+03
48.5 8.732201e+03 8.797937e+03 8.900200e+03 8.834464e+03
49.5 9.017892e+03 8.801007e+03 8.898359e+03 9.115244e+03
50.5 8.895464e+03 8.802281e+03 8.898692e+03 8.991875e+03
51.5 8.647522e+03 8.800016e+03 8.914548e+03 8.762055e+03
52.5 8.615611e+03 8.787779e+03 8.956877e+03 8.784710e+03
53.5 8.414531e+03 8.761804e+03 9.008150e+03 8.660876e+03
54.5 8.615879e+03 8.726906e+03 9.039364e+03 8.928337e+03
55.5 8.671994e+03 8.691178e+03 9.039824e+03 9.020640e+03
0.5 9.642962e+03 9.595843e+03 8.905745e+03 8.952864e+03
1.5 9.492735e+03 9.535606e+03 8.874088e+03 8.831217e+03
2.5 9.638515e+03 9.393381e+03 8.820809e+03 9.065942e+03
3.5 9.375864e+03 9.184377e+03 8.762424e+03 8.953911e+03
4.5 9.141409e+03 8.977541e+03 8.727094e+03 8.890963e+03
5.5 8.960230e+03 8.823498e+03 8.724809e+03 8.861542e+03
6.5 8.742521e+03 8.732217e+03 8.747110e+03 8.757415e+03
7.5 8.441822e+03 8.689867e+03 8.780111e+03 8.532066e+03
8.5 8.341472e+03 8.677994e+03 8.813269e+03 8.476747e+03
9.5 8.219628e+03 8.682562e+03 8.841362e+03 8.378428e+03
10.5 8.491829e+03 8.695217e+03 8.863035e+03 8.659646e+03
11.5 8.683734e+03 8.711516e+03 8.878801e+03 8.851019e+03
12.5 8.753112e+03 8.729007e+03 8.889717e+03 8.913822e+03
13.5 8.807358e+03 8.746091e+03 8.896793e+03 8.958061e+03
14.5 8.823029e+03 8.761604e+03 8.900871e+03 8.962297e+03
15.5 8.830219e+03 8.774758e+03 8.902658e+03 8.958119e+03
16.5 8.811836e+03 8.785161e+03 8.902782e+03 8.929456e+03
17.5 8.830075e+03 8.792798e+03 8.901802e+03 8.939079e+03
18.5 8.732201e+03 8.797937e+03 8.900200e+03 8.834464e+03
19.5 9.017892e+03 8.801007e+03 8.898359e+03 9.115244e+03
20.5 8.895464e+03 8.802281e+03 8.898692e+03 8.991875e+03
21.5 8.647522e+03 8.800016e+03 8.914548e+03 8.762055e+03
22.5 8.615611e+03 8.787779e+03 8.956877e+03 8.784710e+03
23.5 8.414531e+03 8.761804e+03 9.008150e+03 8.660876e+03
24.5 8.615879e+03 8.726906e+03 9.039364e+03 8.928337e+03
25.5 8.671994e+03 8.691178e+03 9.039824e+03 9.020640e+03
26.5 8.653720e+03 8.660454e+03 9.017330e+03 9.010596e+03
27.5 8.527065e+03 8.637082e+03 8.985234e+03 8.875218e+03
28.5 8.499162e+03 8.620910e+03 8.953632e+03 8.831884e+03
29.5 8.506408e+03 8.610587e+03 8.927331e+03 8.823153e+03
30.5 8.501279e+03 8.604821e+03 8.905277e+03 8.801735e+03
31.5 8.616235e+03 8.604516e+03 8.873604e+03 8.885323e+03
32.5 8.821254e+03 8.615469e+03 8.820310e+03 9.026095e+03
33.5 8.667146e+03 8.640960e+03 8.761919e+03 8.788106e+03
34.5 8.796692e+03 8.675774e+03 8.726595e+03 8.847513e+03
35.5 8.815848e+03 8.711488e+03 8.724322e+03 8.828682e+03
36.5 8.494642e+03 8.741960e+03 8.746639e+03 8.499320e+03
37.5 8.532188e+03 8.764699e+03 8.779655e+03 8.547144e+03
38.5 8.951273e+03 8.779802e+03 8.812822e+03 8.984293e+03
39.5 8.924207e+03 8.788547e+03 8.840919e+03 8.976579e+03
40.5 8.890523e+03 8.792447e+03 8.862590e+03 8.960667e+03
41.5 8.708526e+03 8.792837e+03 8.878351e+03 8.794040e+03
42.5 8.919362e+03 8.790785e+03 8.889257e+03 9.017835e+03
43.5 8.746343e+03 8.787124e+03 8.896321e+03 8.855539e+03
44.5 8.492780e+03 8.782508e+03 8.900384e+03 8.610656e+03
45.5 8.712613e+03 8.777436e+03 8.902154e+03 8.837331e+03
46.5 8.689952e+03 8.772275e+03 8.902259e+03 8.819936e+03
47.5 8.845740e+03 8.767267e+03 8.901260e+03 8.979734e+03
48.5 8.734379e+03 8.762549e+03 8.899638e+03 8.871468e+03
49.5 8.789116e+03 8.758191e+03 8.897778e+03 8.928703e+03
50.5 8.896750e+03 8.758678e+03 8.898091e+03 9.036163e+03
51.5 8.724603e+03 8.795254e+03 8.913926e+03 8.843274e+03
52.5 9.068689e+03 8.913543e+03 8.956227e+03 9.111373e+03
53.5 9.055654e+03 9.099543e+03 9.007448e+03 8.963560e+03
54.5 9.392978e+03 9.285174e+03 9.038583e+03 9.146387e+03
55.5 9.386281e+03 9.420411e+03 9.038942e+03 9.004812e+03
0.5 8.501279e+03 8.604821e+03 8.905277e+03 8.801735e+03
1.5 8.616235e+03 8.604516e+03 8.873604e+03 8.885323e+03
2.5 8.821254e+03 8.615469e+03 8.820310e+03 9.026095e+03
3.5 8.667146e+03 8.640960e+03 8.761919e+03 8.788106e+03
4.5 8.796692e+03 8.675774e+03 8.726595e+03 8.847513e+03
5.5 8.815848e+03 8.711488e+03 8.724322e+03 8.828682e+03
6.5 8.494642e+03 8.741960e+03 8.746639e+03 8.499320e+03
7.5 8.532188e+03 8.764699e+03 8.779655e+03 8.547144e+03
8.5 8.951273e+03 8.779802e+03 8.812822e+03 8.984293e+03
9.5 8.924207e+03 8.788547e+03 8.840919e+03 8.976579e+03
10.5 8.890523e+03 8.792447e+03 8.862590e+03 8.960667e+03
11.5 8.708526e+03 8.792837e+03 8.878351e+03 8.794040e+03
12.5 8.919362e+03 8.790785e+03 8.889257e+03 9.017835e+03
13.5 8.746343e+03 8.787124e+03 8.896321e+03 8.855539e+03
14.5 8.492780e+03 8.782508e+03 8.900384e+03 8.610656e+03
15.5 8.712613e+03 8.777436e+03 8.902154e+03 8.837331e+03
16.5 8.689952e+03 8.772275e+03 8.902259e+03 8.819936e+03
17.5 8.845740e+03 8.767267e+03 8.901260e+03 8.979734e+03
18.5 8.734379e+03 8.762549e+03 8.899638e+03 8.871468e+03
19.5 8.789116e+03 8.758191e+03 8.897778e+03 8.928703e+03
20.5 8.896750e+03 8.758678e+03 8.898091e+03 9.036163e+03
21.5 8.724603e+03 8.795254e+03 8.913926e+03 8.843274e+03
22.5 9.068689e+03 8.913543e+03 8.956227e+03 9.111373e+03
23.5 9.055654e+03 9.099543e+03 9.007448e+03 8.963560e+03
24.5 9.392978e+03 9.285174e+03 9.038583e+03 9.146387e+03
25.5 9.386281e+03 9.420411e+03 9.038942e+03 9.004812e+03
26.5 9.419810e+03 9.495577e+03 9.016371e+03 8.940603e+03
27.5 9.386106e+03 9.524467e+03 8.984204e+03 8.845843e+03
28.5 9.557233e+03 9.525250e+03 8.952516e+03 8.984499e+03
29.5 9.154147e+03 9.511510e+03 8.926151e+03 8.568788e+03
30.5 9.366132e+03 9.488764e+03 8.906196e+03 8.783563e+03
