0.5 8.855833e+03 9.186544e+03 9.071020e+03 8.740310e+03
1.5 8.922701e+03 9.183907e+03 9.069936e+03 8.808730e+03
2.5 8.891264e+03 9.157559e+03 9.049783e+03 8.783488e+03
3.5 9.243284e+03 9.094372e+03 8.994342e+03 9.143254e+03
4.5 9.068209e+03 9.004699e+03 8.908868e+03 8.972379e+03
5.5 8.511338e+03 8.910103e+03 8.813054e+03 8.414289e+03
6.5 8.973526e+03 8.827782e+03 8.725486e+03 8.871231e+03
7.5 9.003608e+03 8.765452e+03 8.656235e+03 8.894391e+03
8.5 8.773924e+03 8.723443e+03 8.607408e+03 8.657888e+03
9.5 8.815995e+03 8.698476e+03 8.576587e+03 8.694106e+03
10.5 8.747019e+03 8.686415e+03 8.559832e+03 8.620436e+03
11.5 8.684246e+03 8.683552e+03 8.553322e+03 8.554017e+03
12.5 8.600127e+03 8.686938e+03 8.553911e+03 8.467100e+03
13.5 9.002465e+03 8.694299e+03 8.559143e+03 8.867309e+03
14.5 8.677613e+03 8.703880e+03 8.567120e+03 8.540853e+03
15.5 9.005695e+03 8.714339e+03 8.576382e+03 8.867738e+03
16.5 8.758202e+03 8.724695e+03 8.585845e+03 8.619352e+03
17.5 8.620117e+03 8.734290e+03 8.594758e+03 8.480585e+03
18.5 8.766930e+03 8.742753e+03 8.602670e+03 8.626847e+03
19.5 8.946285e+03 8.749925e+03 8.609377e+03 8.805737e+03
20.5 8.551179e+03 8.751990e+03 8.614867e+03 8.414056e+03
21.5 8.755393e+03 8.723564e+03 8.621891e+03 8.653719e+03
22.5 8.201635e+03 8.633580e+03 8.646961e+03 8.215016e+03
23.5 8.511409e+03 8.501918e+03 8.706470e+03 8.715962e+03
24.5 8.385367e+03 8.384398e+03 8.795331e+03 8.796300e+03
25.5 7.995800e+03 8.314448e+03 8.894004e+03 8.575356e+03
26.5 8.168641e+03 8.291503e+03 8.984033e+03 8.861171e+03
27.5 8.272854e+03 8.298997e+03 9.055451e+03 9.029308e+03
28.5 8.185365e+03 8.320439e+03 9.106229e+03 8.971155e+03
29.5 8.387042e+03 8.345424e+03 9.138842e+03 9.180460e+03
30.5 8.503723e+03 8.372991e+03 9.157260e+03 9.287991e+03
31.5 8.532477e+03 8.427159e+03 9.162679e+03 9.267997e+03
32.5 8.517955e+03 8.538864e+03 9.141875e+03 9.120967e+03
33.5 8.420234e+03 8.688364e+03 9.081159e+03 8.813029e+03
34.5 8.682541e+03 8.820192e+03 8.987706e+03 8.850055e+03
35.5 8.991194e+03 8.901219e+03 8.882674e+03 8.972649e+03
36.5 8.876628e+03 8.932390e+03 8.785726e+03 8.729964e+03
37.5 8.971601e+03 8.930753e+03 8.707673e+03 8.748521e+03
38.5 9.037885e+03 8.913332e+03 8.651064e+03 8.775617e+03
39.5 8.761229e+03 8.891068e+03 8.613677e+03 8.483837e+03
40.5 9.044652e+03 8.869221e+03 8.591586e+03 8.767017e+03
41.5 9.119973e+03 8.849701e+03 8.580866e+03 8.851137e+03
42.5 8.842012e+03 8.833013e+03 8.578204e+03 8.587203e+03
43.5 8.826600e+03 8.819251e+03 8.580961e+03 8.588310e+03
44.5 8.902488e+03 8.808413e+03 8.587061e+03 8.681136e+03
45.5 8.706642e+03 8.800397e+03 8.594890e+03 8.501135e+03
46.5 8.846690e+03 8.794955e+03 8.603239e+03 8.654975e+03
47.5 8.781392e+03 8.791693e+03 8.611263e+03 8.600961e+03
48.5 8.569520e+03 8.790133e+03 8.618441e+03 8.397828e+03
49.5 8.689743e+03 8.789780e+03 8.624519e+03 8.524481e+03
50.5 8.855894e+03 8.789882e+03 8.629451e+03 8.695463e+03
51.5 8.456891e+03 8.789058e+03 8.635965e+03 8.303798e+03
52.5 8.635967e+03 8.791273e+03 8.660556e+03 8.505250e+03
53.5 8.732752e+03 8.804796e+03 8.719601e+03 8.647558e+03
54.5 8.709929e+03 8.832005e+03 8.808002e+03 8.685926e+03
55.5 8.798902e+03 8.867426e+03 8.906217e+03 8.837694e+03
0.5 8.503723e+03 8.372991e+03 9.157260e+03 9.287991e+03
1.5 8.532477e+03 8.427159e+03 9.162679e+03 9.267997e+03
2.5 8.517955e+03 8.538864e+03 9.141875e+03 9.120967e+03
3.5 8.420234e+03 8.688364e+03 9.081159e+03 8.813029e+03
4.5 8.682541e+03 8.820192e+03 8.987706e+03 8.850055e+03
5.5 8.991194e+03 8.901219e+03 8.882674e+03 8.972649e+03
6.5 8.876628e+03 8.932390e+03 8.785726e+03 8.729964e+03
7.5 8.971601e+03 8.930753e+03 8.707673e+03 8.748521e+03
8.5 9.037885e+03 8.913332e+03 8.651064e+03 8.775617e+03
9.5 8.761229e+03 8.891068e+03 8.613677e+03 8.483837e+03
10.5 9.044652e+03 8.869221e+03 8.591586e+03 8.767017e+03
11.5 9.119973e+03 8.849701e+03 8.580866e+03 8.851137e+03
12.5 8.842012e+03 8.833013e+03 8.578204e+03 8.587203e+03
13.5 8.826600e+03 8.819251e+03 8.580961e+03 8.588310e+03
14.5 8.902488e+03 8.808413e+03 8.587061e+03 8.681136e+03
15.5 8.706642e+03 8.800397e+03 8.594890e+03 8.501135e+03
16.5 8.846690e+03 8.794955e+03 8.603239e+03 8.654975e+03
17.5 8.781392e+03 8.791693e+03 8.611263e+03 8.600961e+03
18.5 8.569520e+03 8.790133e+03 8.618441e+03 8.397828e+03
19.5 8.689743e+03 8.789780e+03 8.624519e+03 8.524481e+03
20.5 8.855894e+03 8.789882e+03 8.629451e+03 8.695463e+03
21.5 8.456891e+03 8.789058e+03 8.635965e+03 8.303798e+03
22.5 8.635967e+03 8.791273e+03 8.660556e+03 8.505250e+03
23.5 8.732752e+03 8.804796e+03 8.719601e+03 8.647558e+03
24.5 8.709929e+03 8.832005e+03 8.808002e+03 8.685926e+03
25.5 8.798902e+03 8.867426e+03 8.906217e+03 8.837694e+03
26.5 8.947438e+03 8.903231e+03 8.995792e+03 9.039999e+03
27.5 8.747055e+03 8.933836e+03 9.066761e+03 8.879980e+03
28.5 8.812598e+03 8.956991e+03 9.117098e+03 8.972704e+03
29.5 8.959110e+03 8.972850e+03 9.149281e+03 9.135541e+03
30.5 8.863449e+03 8.982990e+03 9.167281e+03 9.047740e+03
31.5 8.981191e+03 8.989921e+03 9.172297e+03 9.163567e+03
32.5 9.065062e+03 8.990737e+03 9.151147e+03 9.225472e+03
33.5 8.641947e+03 8.978053e+03 9.090095e+03 8.753989e+03
34.5 9.004661e+03 8.950210e+03 8.996316e+03 9.050767e+03
35.5 8.949304e+03 8.913272e+03 8.890966e+03 8.926998e+03
36.5 8.841879e+03 8.875539e+03 8.793710e+03 8.760050e+03
37.5 9.037829e+03 8.842951e+03 8.715358e+03 8.910236e+03
38.5 9.152373e+03 8.818005e+03 8.658459e+03 8.992827e+03
39.5 8.873849e+03 8.800691e+03 8.620789e+03 8.693947e+03
40.5 9.128045e+03 8.789810e+03 8.598424e+03 8.936658e+03
41.5 8.824268e+03 8.783884e+03 8.587437e+03 8.627821e+03
42.5 8.731937e+03 8.781570e+03 8.584517e+03 8.534883e+03
43.5 8.762088e+03 8.781773e+03 8.587022e+03 8.567337e+03
44.5 8.619285e+03 8.783625e+03 8.592877e+03 8.428538e+03
45.5 8.353473e+03 8.786444e+03 8.600469e+03 8.167498e+03
46.5 8.770642e+03 8.789703e+03 8.608587e+03 8.589525e+03
47.5 8.534494e+03 8.793017e+03 8.616386e+03 8.357862e+03
48.5 8.317007e+03 8.796128e+03 8.623345e+03 8.144224e+03
49.5 8.770139e+03 8.798888e+03 8.629210e+03 8.600461e+03
50.5 8.896183e+03 8.800917e+03 8.633936e+03 8.729201e+03
51.5 8.695729e+03 8.801189e+03 8.640249e+03 8.534789e+03
52.5 8.920336e+03 8.803955e+03 8.664644e+03 8.781025e+03
53.5 9.023314e+03 8.817697e+03 8.723498e+03 8.929115e+03
54.5 8.630480e+03 8.844947e+03 8.811713e+03 8.597247e+03
55.5 9.117002e+03 8.880324e+03 8.909746e+03 9.146425e+03
0.5 8.863449e+03 8.982990e+03 9.167281e+03 9.047740e+03
1.5 8.981191e+03 8.989921e+03 9.172297e+03 9.163567e+03
2.5 9.065062e+03 8.990737e+03 9.151147e+03 9.225472e+03
3.5 8.641947e+03 8.978053e+03 9.090095e+03 8.753989e+03
4.5 9.004661e+03 8.950210e+03 8.996316e+03 9.050767e+03
5.5 8.949304e+03 8.913272e+03 8.890966e+03 8.926998e+03
6.5 8.841879e+03 8.875539e+03 8.793710e+03 8.760050e+03
7.5 9.037829e+03 8.842951e+03 8.715358e+03 8.910236e+03
8.5 9.152373e+03 8.818005e+03 8.658459e+03 8.992827e+03
9.5 8.873849e+03 8.800691e+03 8.620789e+03 8.693947e+03
10.5 9.128045e+03 8.789810e+03 8.598424e+03 8.936658e+03
11.5 8.824268e+03 8.783884e+03 8.587437e+03 8.627821e+03
12.5 8.731937e+03 8.781570e+03 8.584517e+03 8.534883e+03
13.5 8.762088e+03 8.781773e+03 8.587022e+03 8.567337e+03
14.5 8.619285e+03 8.783625e+03 8.592877e+03 8.428538e+03
15.5 8.353473e+03 8.786444e+03 8.600469e+03 8.167498e+03
16.5 8.770642e+03 8.789703e+03 8.608587e+03 8.589525e+03
17.5 8.534494e+03 8.793017e+03 8.616386e+03 8.357862e+03
18.5 8.317007e+03 8.796128e+03 8.623345e+03 8.144224e+03
19.5 8.770139e+03 8.798888e+03 8.629210e+03 8.600461e+03
20.5 8.896183e+03 8.800917e+03 8.633936e+03 8.729201e+03
21.5 8.695729e+03 8.801189e+03 8.640249e+03 8.534789e+03
22.5 8.920336e+03 8.803955e+03 8.664644e+03 8.781025e+03
23.5 9.023314e+03 8.817697e+03 8.723498e+03 8.929115e+03
24.5 8.630480e+03 8.844947e+03 8.811713e+03 8.597247e+03
25.5 9.117002e+03 8.880324e+03 8.909746e+03 9.146425e+03
26.5 8.969406e+03 8.916059e+03 8.999144e+03 9.052492e+03
27.5 9.062656e+03 8.946591e+03 9.069941e+03 9.186006e+03
28.5 9.224833e+03 8.969687e+03 9.120109e+03 9.375255e+03
29.5 9.272631e+03 8.985507e+03 9.152128e+03 9.439252e+03
30.5 8.746949e+03 8.995627e+03 9.169967e+03 8.921290e+03
31.5 9.138223e+03 9.002557e+03 9.174826e+03 9.310492e+03
32.5 9.082531e+03 9.003387e+03 9.153522e+03 9.232667e+03
33.5 8.827055e+03 8.990730e+03 9.092320e+03 8.928645e+03
34.5 9.237230e+03 8.962924e+03 8.998393e+03 9.272699e+03
35.5 9.059315e+03 8.926032e+03 8.892898e+03 9.026181e+03
36.5 8.626547e+03 8.888351e+03 8.795500e+03 8.533696e+03
37.5 9.264740e+03 8.855826e+03 8.717008e+03 9.125923e+03
38.5 8.879328e+03 8.830950e+03 8.659971e+03 8.708349e+03
39.5 8.739602e+03 8.813714e+03 8.622166e+03 8.548054e+03
40.5 8.961070e+03 8.802916e+03 8.599667e+03 8.757822e+03
41.5 8.811743e+03 8.797077e+03 8.588549e+03 8.603215e+03
42.5 8.533942e+03 8.794856e+03 8.585498e+03 8.324585e+03
43.5 9.116755e+03 8.795156e+03 8.587875e+03 8.909474e+03
44.5 8.860440e+03 8.797110e+03 8.593603e+03 8.656934e+03
45.5 8.698521e+03 8.800035e+03 8.601069e+03 8.499555e+03
46.5 8.822349e+03 8.803404e+03 8.609061e+03 8.628006e+03
47.5 8.798343e+03 8.806831e+03 8.616736e+03 8.608248e+03
48.5 8.518053e+03 8.810058e+03 8.623571e+03 8.331566e+03
49.5 8.939174e+03 8.812923e+03 8.629313e+03 8.755564e+03
50.5 8.454341e+03 8.811526e+03 8.633915e+03 8.276730e+03
51.5 8.646780e+03 8.780366e+03 8.640106e+03 8.506520e+03
52.5 8.693865e+03 8.688250e+03 8.664378e+03 8.669993e+03
53.5 8.347599e+03 8.554937e+03 8.723108e+03 8.515770e+03
54.5 8.435356e+03 8.436132e+03 8.811200e+03 8.810425e+03
55.5 8.725222e+03 8.365162e+03 8.909109e+03 9.269169e+03
0.5 8.746949e+03 8.995627e+03 9.169967e+03 8.921290e+03
1.5 9.138223e+03 9.002557e+03 9.174826e+03 9.310492e+03
2.5 9.082531e+03 9.003387e+03 9.153522e+03 9.232667e+03
3.5 8.827055e+03 8.990730e+03 9.092320e+03 8.928645e+03
4.5 9.237230e+03 8.962924e+03 8.998393e+03 9.272699e+03
5.5 9.059315e+03 8.926032e+03 8.892898e+03 9.026181e+03
6.5 8.626547e+03 8.888351e+03 8.795500e+03 8.533696e+03
7.5 9.264740e+03 8.855826e+03 8.717008e+03 9.125923e+03
8.5 8.879328e+03 8.830950e+03 8.659971e+03 8.708349e+03
9.5 8.739602e+03 8.813714e+03 8.622166e+03 8.548054e+03
10.5 8.961070e+03 8.802916e+03 8.599667e+03 8.757822e+03
11.5 8.811743e+03 8.797077e+03 8.588549e+03 8.603215e+03
12.5 8.533942e+03 8.794856e+03 8.585498e+03 8.324585e+03
13.5 9.116755e+03 8.795156e+03 8.587875e+03 8.909474e+03
14.5 8.860440e+03 8.797110e+03 8.593603e+03 8.656934e+03
15.5 8.698521e+03 8.800035e+03 8.601069e+03 8.499555e+03
16.5 8.822349e+03 8.803404e+03 8.609061e+03 8.628006e+03
17.5 8.798343e+03 8.806831e+03 8.616736e+03 8.608248e+03
18.5 8.518053e+03 8.810058e+03 8.623571e+03 8.331566e+03
19.5 8.939174e+03 8.812923e+03 8.629313e+03 8.755564e+03
20.5 8.454341e+03 8.811526e+03 8.633915e+03 8.276730e+03
21.5 8.646780e+03 8.780366e+03 8.640106e+03 8.506520e+03
22.5 8.693865e+03 8.688250e+03 8.664378e+03 8.669993e+03
23.5 8.347599e+03 8.554937e+03 8.723108e+03 8.515770e+03
24.5 8.435356e+03 8.436132e+03 8.811200e+03 8.810425e+03
25.5 8.725222e+03 8.365162e+03 8.909109e+03 9.269169e+03
26.5 8.367276e+03 8.341389e+03 8.998382e+03 9.024269e+03
27.5 8.745855e+03 8.348194e+03 9.069053e+03 9.466715e+03
28.5 8.592466e+03 8.369047e+03 9.119095e+03 9.342514e+03
29.5 8.409737e+03 8.393522e+03 9.150986e+03 9.167201e+03
30.5 8.517603e+03 8.420640e+03 9.168696e+03 9.265659e+03
31.5 8.524845e+03 8.474340e+03 9.173424e+03 9.223928e+03
32.5 8.550398e+03 8.585600e+03 9.151988e+03 9.116787e+03
33.5 8.461757e+03 8.734780e+03 9.090652e+03 8.817628e+03
34.5 8.933282e+03 8.866331e+03 8.996588e+03 9.063540e+03
35.5 8.612698e+03 8.947120e+03 8.890955e+03 8.556534e+03
36.5 9.006341e+03 8.978094e+03 8.793416e+03 8.821663e+03
37.5 9.269510e+03 8.976296e+03 8.714781e+03 9.007995e+03
38.5 8.970603e+03 8.958749e+03 8.657598e+03 8.669452e+03
39.5 8.906472e+03 8.936393e+03 8.619644e+03 8.589723e+03
40.5 9.041350e+03 8.914487e+03 8.596993e+03 8.723856e+03
41.5 8.826634e+03 8.894941e+03 8.585720e+03 8.517412e+03
42.5 8.905635e+03 8.878258e+03 8.582510e+03 8.609887e+03
43.5 8.964918e+03 8.864532e+03 8.584725e+03 8.685111e+03
44.5 8.535185e+03 8.853759e+03 8.590286e+03 8.271712e+03
45.5 8.682851e+03 8.845838e+03 8.597581e+03 8.434594e+03
46.5 9.104015e+03 8.840518e+03 8.605399e+03 8.868896e+03
47.5 8.796922e+03 8.837406e+03 8.612894e+03 8.572410e+03
48.5 9.081126e+03 8.836023e+03 8.619546e+03 8.864649e+03
49.5 9.008625e+03 8.835875e+03 8.625099e+03 8.797849e+03
50.5 8.522710e+03 8.836206e+03 8.629508e+03 8.316012e+03
51.5 9.006830e+03 8.835638e+03 8.635499e+03 8.806691e+03
52.5 8.837011e+03 8.838135e+03 8.659567e+03 8.658443e+03
53.5 8.816153e+03 8.851963e+03 8.718087e+03 8.682278e+03
54.5 9.270690e+03 8.879503e+03 8.805963e+03 9.197150e+03
55.5 8.915862e+03 8.915278e+03 8.903650e+03 8.904234e+03
0.5 8.517603e+03 8.420640e+03 9.168696e+03 9.265659e+03
1.5 8.524845e+03 8.474340e+03 9.173424e+03 9.223928e+03
2.5 8.550398e+03 8.585600e+03 9.151988e+03 9.116787e+03
3.5 8.461757e+03 8.734780e+03 9.090652e+03 8.817628e+03
4.5 8.933282e+03 8.866331e+03 8.996588e+03 9.063540e+03
5.5 8.612698e+03 8.947120e+03 8.890955e+03 8.556534e+03
6.5 9.006341e+03 8.978094e+03 8.793416e+03 8.821663e+03
7.5 9.269510e+03 8.976296e+03 8.714781e+03 9.007995e+03
8.5 8.970603e+03 8.958749e+03 8.657598e+03 8.669452e+03
9.5 8.906472e+03 8.936393e+03 8.619644e+03 8.589723e+03
10.5 9.041350e+03 8.914487e+03 8.596993e+03 8.723856e+03
11.5 8.826634e+03 8.894941e+03 8.585720e+03 8.517412e+03
12.5 8.905635e+03 8.878258e+03 8.582510e+03 8.609887e+03
13.5 8.964918e+03 8.864532e+03 8.584725e+03 8.685111e+03
14.5 8.535185e+03 8.853759e+03 8.590286e+03 8.271712e+03
15.5 8.682851e+03 8.845838e+03 8.597581e+03 8.434594e+03
16.5 9.104015e+03 8.840518e+03 8.605399e+03 8.868896e+03
17.5 8.796922e+03 8.837406e+03 8.612894e+03 8.572410e+03
18.5 9.081126e+03 8.836023e+03 8.619546e+03 8.864649e+03
19.5 9.008625e+03 8.835875e+03 8.625099e+03 8.797849e+03
20.5 8.522710e+03 8.836206e+03 8.629508e+03 8.316012e+03
21.5 9.006830e+03 8.835638e+03 8.635499e+03 8.806691e+03
22.5 8.837011e+03 8.838135e+03 8.659567e+03 8.658443e+03
23.5 8.816153e+03 8.851963e+03 8.718087e+03 8.682278e+03
24.5 9.270690e+03 8.879503e+03 8.805963e+03 9.197150e+03
25.5 8.915862e+03 8.915278e+03 8.903650e+03 8.904234e+03
26.5 8.928510e+03 8.951455e+03 8.992695e+03 8.969749e+03
27.5 8.950333e+03 8.982410e+03 9.063092e+03 9.031015e+03
28.5 8.894865e+03 9.005943e+03 9.112850e+03 9.001773e+03
29.5 9.040356e+03 9.022199e+03 9.144446e+03 9.162604e+03
30.5 9.330443e+03 9.032756e+03 9.161851e+03 9.459538e+03
31.5 8.834368e+03 9.040126e+03 9.166263e+03 8.960505e+03
32.5 8.975914e+03 9.041402e+03 9.144499e+03 9.079011e+03
33.5 9.172088e+03 9.029204e+03 9.082828e+03 9.225711e+03
34.5 8.650085e+03 9.001880e+03 8.988428e+03 8.636632e+03
35.5 8.815082e+03 8.965503e+03 8.882463e+03 8.732042e+03
36.5 8.940747e+03 8.928373e+03 8.784601e+03 8.796975e+03
37.5 8.840264e+03 8.896433e+03 8.705652e+03 8.649482e+03
38.5 8.878288e+03 8.872176e+03 8.648161e+03 8.654274e+03
39.5 9.034083e+03 8.855590e+03 8.609903e+03 8.788396e+03
40.5 8.861914e+03 8.845475e+03 8.586948e+03 8.603388e+03
41.5 8.649942e+03 8.840348e+03 8.575367e+03 8.384962e+03
42.5 9.012864e+03 8.838866e+03 8.571845e+03 8.745843e+03
43.5 8.929604e+03 8.839934e+03 8.573738e+03 8.663409e+03
44.5 8.801939e+03 8.842682e+03 8.578969e+03 8.538226e+03
45.5 9.311145e+03 8.846428e+03 8.585922e+03 9.050638e+03
46.5 8.957263e+03 8.850646e+03 8.593385e+03 8.700002e+03
47.5 8.925319e+03 8.854952e+03 8.600514e+03 8.670882e+03
48.5 9.066888e+03 8.859087e+03 8.606786e+03 8.814587e+03
49.5 8.854081e+03 8.862891e+03 8.611946e+03 8.603136e+03
50.5 8.550569e+03 8.862465e+03 8.615948e+03 8.304052e+03
51.5 8.813520e+03 8.832313e+03 8.621519e+03 8.602726e+03
52.5 8.687691e+03 8.741255e+03 8.645151e+03 8.591587e+03
53.5 8.396993e+03 8.609084e+03 8.703213e+03 8.491122e+03
54.5 8.612316e+03 8.491531e+03 8.790588e+03 8.911373e+03
55.5 8.144483e+03 8.421926e+03 8.887716e+03 8.610273e+03
0.5 9.330443e+03 9.032756e+03 9.161851e+03 9.459538e+03
1.5 8.834368e+03 9.040126e+03 9.166263e+03 8.960505e+03
2.5 8.975914e+03 9.041402e+03 9.144499e+03 9.079011e+03
3.5 9.172088e+03 9.029204e+03 9.082828e+03 9.225711e+03
4.5 8.650085e+03 9.001880e+03 8.988428e+03 8.636632e+03
5.5 8.815082e+03 8.965503e+03 8.882463e+03 8.732042e+03
6.5 8.940747e+03 8.928373e+03 8.784601e+03 8.796975e+03
7.5 8.840264e+03 8.896433e+03 8.705652e+03 8.649482e+03
8.5 8.878288e+03 8.872176e+03 8.648161e+03 8.654274e+03
9.5 9.034083e+03 8.855590e+03 8.609903e+03 8.788396e+03
10.5 8.861914e+03 8.845475e+03 8.586948e+03 8.603388e+03
11.5 8.649942e+03 8.840348e+03 8.575367e+03 8.384962e+03
12.5 9.012864e+03 8.838866e+03 8.571845e+03 8.745843e+03
13.5 8.929604e+03 8.839934e+03 8.573738e+03 8.663409e+03
14.5 8.801939e+03 8.842682e+03 8.578969e+03 8.538226e+03
15.5 9.311145e+03 8.846428e+03 8.585922e+03 9.050638e+03
16.5 8.957263e+03 8.850646e+03 8.593385e+03 8.700002e+03
17.5 8.925319e+03 8.854952e+03 8.600514e+03 8.670882e+03
18.5 9.066888e+03 8.859087e+03 8.606786e+03 8.814587e+03
19.5 8.854081e+03 8.862891e+03 8.611946e+03 8.603136e+03
20.5 8.550569e+03 8.862465e+03 8.615948e+03 8.304052e+03
21.5 8.813520e+03 8.832313e+03 8.621519e+03 8.602726e+03
22.5 8.687691e+03 8.741255e+03 8.645151e+03 8.591587e+03
23.5 8.396993e+03 8.609084e+03 8.703213e+03 8.491122e+03
24.5 8.612316e+03 8.491531e+03 8.790588e+03 8.911373e+03
25.5 8.144483e+03 8.421926e+03 8.887716e+03 8.610273e+03
26.5 8.148136e+03 8.399613e+03 8.976131e+03 8.724654e+03
27.5 8.637987e+03 8.407950e+03 9.045869e+03 9.275906e+03
28.5 8.312089e+03 8.430395e+03 9.094907e+03 8.976601e+03
29.5 8.570683e+03 8.456513e+03 9.125732e+03 9.239901e+03
30.5 8.638319e+03 8.485709e+03 9.142333e+03 9.294943e+03
