0.5 1.057250e+04 1.069973e+04 1.071856e+04 1.059132e+04
1.5 1.071866e+04 1.068458e+04 1.071873e+04 1.075281e+04
2.5 1.061916e+04 1.065143e+04 1.072196e+04 1.068970e+04
3.5 1.070084e+04 1.061697e+04 1.073086e+04 1.081473e+04
4.5 1.067159e+04 1.060366e+04 1.074456e+04 1.081250e+04
5.5 1.068006e+04 1.061690e+04 1.075993e+04 1.082310e+04
6.5 1.051673e+04 1.064738e+04 1.077397e+04 1.064333e+04
7.5 1.068703e+04 1.068274e+04 1.078508e+04 1.078937e+04
8.5 1.063404e+04 1.071453e+04 1.079291e+04 1.071242e+04
9.5 1.075840e+04 1.073924e+04 1.079785e+04 1.081701e+04
10.5 1.077658e+04 1.075659e+04 1.080054e+04 1.082053e+04
11.5 1.080112e+04 1.076775e+04 1.080159e+04 1.083495e+04
12.5 1.094846e+04 1.077412e+04 1.080149e+04 1.097583e+04
13.5 1.076414e+04 1.077691e+04 1.080065e+04 1.078788e+04
14.5 1.094779e+04 1.077710e+04 1.079937e+04 1.097006e+04
15.5 1.074242e+04 1.077543e+04 1.079789e+04 1.076487e+04
16.5 1.079300e+04 1.077257e+04 1.079637e+04 1.081681e+04
17.5 1.070841e+04 1.076903e+04 1.079494e+04 1.073432e+04
18.5 1.078700e+04 1.076526e+04 1.079367e+04 1.081541e+04
19.5 1.088223e+04 1.076155e+04 1.079260e+04 1.091328e+04
20.5 1.098493e+04 1.075848e+04 1.079172e+04 1.101816e+04
21.5 1.094808e+04 1.075898e+04 1.079059e+04 1.097970e+04
22.5 1.092070e+04 1.076852e+04 1.078657e+04 1.093874e+04
23.5 1.092809e+04 1.078774e+04 1.077702e+04 1.091738e+04
24.5 1.075852e+04 1.081050e+04 1.076277e+04 1.071079e+04
25.5 1.080323e+04 1.083059e+04 1.074695e+04 1.071959e+04
26.5 1.070970e+04 1.084513e+04 1.073251e+04 1.059708e+04
27.5 1.080209e+04 1.085412e+04 1.072105e+04 1.066903e+04
28.5 1.072269e+04 1.085874e+04 1.071291e+04 1.057687e+04
29.5 1.076197e+04 1.086032e+04 1.070768e+04 1.060933e+04
30.5 1.071105e+04 1.085955e+04 1.070473e+04 1.055623e+04
31.5 1.063628e+04 1.085430e+04 1.070386e+04 1.048584e+04
32.5 1.082835e+04 1.083964e+04 1.070719e+04 1.069590e+04
33.5 1.076235e+04 1.081530e+04 1.071693e+04 1.066398e+04
34.5 1.081799e+04 1.078762e+04 1.073192e+04 1.076228e+04
35.5 1.084415e+04 1.076298e+04 1.074876e+04 1.082993e+04
36.5 1.079090e+04 1.074432e+04 1.076431e+04 1.081090e+04
37.5 1.075074e+04 1.073168e+04 1.077683e+04 1.079589e+04
38.5 1.075256e+04 1.072385e+04 1.078591e+04 1.081462e+04
39.5 1.078568e+04 1.071946e+04 1.079191e+04 1.085813e+04
40.5 1.071756e+04 1.071740e+04 1.079545e+04 1.079562e+04
41.5 1.081128e+04 1.071688e+04 1.079717e+04 1.089157e+04
42.5 1.077789e+04 1.071735e+04 1.079760e+04 1.085813e+04
43.5 1.081680e+04 1.071840e+04 1.079715e+04 1.089555e+04
44.5 1.078775e+04 1.071971e+04 1.079617e+04 1.086422e+04
45.5 1.077390e+04 1.072102e+04 1.079492e+04 1.084780e+04
46.5 1.062490e+04 1.072219e+04 1.079358e+04 1.069628e+04
47.5 1.067108e+04 1.072313e+04 1.079229e+04 1.074025e+04
48.5 1.061816e+04 1.072378e+04 1.079114e+04 1.068552e+04
49.5 1.052753e+04 1.072417e+04 1.079017e+04 1.059353e+04
50.5 1.087339e+04 1.072409e+04 1.078938e+04 1.093868e+04
51.5 1.073190e+04 1.072319e+04 1.078833e+04 1.079704e+04
52.5 1.070254e+04 1.072660e+04 1.078439e+04 1.076033e+04
53.5 1.070689e+04 1.074243e+04 1.077492e+04 1.073938e+04
54.5 1.080855e+04 1.077182e+04 1.076074e+04 1.079747e+04
55.5 1.085131e+04 1.080843e+04 1.074499e+04 1.078788e+04
0.5 1.071105e+04 1.085955e+04 1.070473e+04 1.055623e+04
1.5 1.063628e+04 1.085430e+04 1.070386e+04 1.048584e+04
2.5 1.082835e+04 1.083964e+04 1.070719e+04 1.069590e+04
3.5 1.076235e+04 1.081530e+04 1.071693e+04 1.066398e+04
4.5 1.081799e+04 1.078762e+04 1.073192e+04 1.076228e+04
5.5 1.084415e+04 1.076298e+04 1.074876e+04 1.082993e+04
6.5 1.079090e+04 1.074432e+04 1.076431e+04 1.081090e+04
7.5 1.075074e+04 1.073168e+04 1.077683e+04 1.079589e+04
8.5 1.075256e+04 1.072385e+04 1.078591e+04 1.081462e+04
9.5 1.078568e+04 1.071946e+04 1.079191e+04 1.085813e+04
10.5 1.071756e+04 1.071740e+04 1.079545e+04 1.079562e+04
11.5 1.081128e+04 1.071688e+04 1.079717e+04 1.089157e+04
12.5 1.077789e+04 1.071735e+04 1.079760e+04 1.085813e+04
13.5 1.081680e+04 1.071840e+04 1.079715e+04 1.089555e+04
14.5 1.078775e+04 1.071971e+04 1.079617e+04 1.086422e+04
15.5 1.077390e+04 1.072102e+04 1.079492e+04 1.084780e+04
16.5 1.062490e+04 1.072219e+04 1.079358e+04 1.069628e+04
17.5 1.067108e+04 1.072313e+04 1.079229e+04 1.074025e+04
18.5 1.061816e+04 1.072378e+04 1.079114e+04 1.068552e+04
19.5 1.052753e+04 1.072417e+04 1.079017e+04 1.059353e+04
20.5 1.087339e+04 1.072409e+04 1.078938e+04 1.093868e+04
21.5 1.073190e+04 1.072319e+04 1.078833e+04 1.079704e+04
22.5 1.070254e+04 1.072660e+04 1.078439e+04 1.076033e+04
23.5 1.070689e+04 1.074243e+04 1.077492e+04 1.073938e+04
24.5 1.080855e+04 1.077182e+04 1.076074e+04 1.079747e+04
25.5 1.085131e+04 1.080843e+04 1.074499e+04 1.078788e+04
26.5 1.098445e+04 1.084431e+04 1.073062e+04 1.087076e+04
27.5 1.087346e+04 1.087419e+04 1.071924e+04 1.071851e+04
28.5 1.093402e+04 1.089620e+04 1.071117e+04 1.074899e+04
29.5 1.102913e+04 1.091075e+04 1.070601e+04 1.082438e+04
30.5 1.094540e+04 1.091946e+04 1.070312e+04 1.072906e+04
31.5 1.099004e+04 1.092427e+04 1.070232e+04 1.076809e+04
32.5 1.089688e+04 1.092143e+04 1.070571e+04 1.068116e+04
33.5 1.082678e+04 1.090389e+04 1.071550e+04 1.063839e+04
34.5 1.087968e+04 1.087139e+04 1.073054e+04 1.073883e+04
35.5 1.103461e+04 1.083092e+04 1.074743e+04 1.095113e+04
36.5 1.072374e+04 1.079091e+04 1.076303e+04 1.069586e+04
37.5 1.080733e+04 1.075700e+04 1.077560e+04 1.082593e+04
38.5 1.092618e+04 1.073129e+04 1.078472e+04 1.097962e+04
39.5 1.057557e+04 1.071349e+04 1.079077e+04 1.065284e+04
40.5 1.048119e+04 1.070224e+04 1.079435e+04 1.057331e+04
41.5 1.076841e+04 1.069599e+04 1.079611e+04 1.086853e+04
42.5 1.058787e+04 1.069336e+04 1.079658e+04 1.069109e+04
43.5 1.053143e+04 1.069323e+04 1.079618e+04 1.063437e+04
44.5 1.066890e+04 1.069472e+04 1.079524e+04 1.076943e+04
45.5 1.050383e+04 1.069713e+04 1.079402e+04 1.060072e+04
46.5 1.064320e+04 1.069993e+04 1.079272e+04 1.073599e+04
47.5 1.055988e+04 1.070274e+04 1.079147e+04 1.064862e+04
48.5 1.057133e+04 1.070530e+04 1.079036e+04 1.065638e+04
49.5 1.069150e+04 1.070748e+04 1.078941e+04 1.077343e+04
50.5 1.063250e+04 1.070901e+04 1.078866e+04 1.071215e+04
51.5 1.068625e+04 1.070948e+04 1.078764e+04 1.076442e+04
52.5 1.089896e+04 1.071403e+04 1.078373e+04 1.096866e+04
53.5 1.075214e+04 1.073080e+04 1.077429e+04 1.079563e+04
54.5 1.083141e+04 1.076096e+04 1.076015e+04 1.083059e+04
55.5 1.080384e+04 1.079820e+04 1.074442e+04 1.075006e+04
0.5 1.094540e+04 1.091946e+04 1.070312e+04 1.072906e+04
1.5 1.099004e+04 1.092427e+04 1.070232e+04 1.076809e+04
2.5 1.089688e+04 1.092143e+04 1.070571e+04 1.068116e+04
3.5 1.082678e+04 1.090389e+04 1.071550e+04 1.063839e+04
4.5 1.087968e+04 1.087139e+04 1.073054e+04 1.073883e+04
5.5 1.103461e+04 1.083092e+04 1.074743e+04 1.095113e+04
6.5 1.072374e+04 1.079091e+04 1.076303e+04 1.069586e+04
7.5 1.080733e+04 1.075700e+04 1.077560e+04 1.082593e+04
8.5 1.092618e+04 1.073129e+04 1.078472e+04 1.097962e+04
9.5 1.057557e+04 1.071349e+04 1.079077e+04 1.065284e+04
10.5 1.048119e+04 1.070224e+04 1.079435e+04 1.057331e+04
11.5 1.076841e+04 1.069599e+04 1.079611e+04 1.086853e+04
12.5 1.058787e+04 1.069336e+04 1.079658e+04 1.069109e+04
13.5 1.053143e+04 1.069323e+04 1.079618e+04 1.063437e+04
14.5 1.066890e+04 1.069472e+04 1.079524e+04 1.076943e+04
15.5 1.050383e+04 1.069713e+04 1.079402e+04 1.060072e+04
16.5 1.064320e+04 1.069993e+04 1.079272e+04 1.073599e+04
17.5 1.055988e+04 1.070274e+04 1.079147e+04 1.064862e+04
18.5 1.057133e+04 1.070530e+04 1.079036e+04 1.065638e+04
19.5 1.069150e+04 1.070748e+04 1.078941e+04 1.077343e+04
20.5 1.063250e+04 1.070901e+04 1.078866e+04 1.071215e+04
21.5 1.068625e+04 1.070948e+04 1.078764e+04 1.076442e+04
22.5 1.089896e+04 1.071403e+04 1.078373e+04 1.096866e+04
23.5 1.075214e+04 1.073080e+04 1.077429e+04 1.079563e+04
24.5 1.083141e+04 1.076096e+04 1.076015e+04 1.083059e+04
25.5 1.080384e+04 1.079820e+04 1.074442e+04 1.075006e+04
26.5 1.095133e+04 1.083461e+04 1.073009e+04 1.084680e+04
27.5 1.060307e+04 1.086495e+04 1.071873e+04 1.045686e+04
28.5 1.092970e+04 1.088736e+04 1.071068e+04 1.075302e+04
29.5 1.062022e+04 1.090227e+04 1.070555e+04 1.042350e+04
30.5 1.110460e+04 1.091131e+04 1.070269e+04 1.089598e+04
31.5 1.100314e+04 1.091643e+04 1.070191e+04 1.078862e+04
32.5 1.072273e+04 1.091387e+04 1.070533e+04 1.051418e+04
33.5 1.104572e+04 1.089662e+04 1.071514e+04 1.086424e+04
34.5 1.095192e+04 1.086439e+04 1.073021e+04 1.081774e+04
35.5 1.078453e+04 1.082419e+04 1.074712e+04 1.070746e+04
36.5 1.067197e+04 1.078444e+04 1.076275e+04 1.065027e+04
37.5 1.075293e+04 1.075078e+04 1.077533e+04 1.077748e+04
38.5 1.084988e+04 1.072532e+04 1.078448e+04 1.090905e+04
39.5 1.061993e+04 1.070776e+04 1.079054e+04 1.070272e+04
40.5 1.071362e+04 1.069675e+04 1.079415e+04 1.081103e+04
41.5 1.057746e+04 1.069073e+04 1.079594e+04 1.068267e+04
42.5 1.054540e+04 1.068832e+04 1.079643e+04 1.065351e+04
43.5 1.047722e+04 1.068841e+04 1.079604e+04 1.058486e+04
44.5 1.056691e+04 1.069011e+04 1.079513e+04 1.067193e+04
45.5 1.054032e+04 1.069273e+04 1.079393e+04 1.064152e+04
46.5 1.078747e+04 1.069573e+04 1.079265e+04 1.088439e+04
47.5 1.077775e+04 1.069873e+04 1.079142e+04 1.087043e+04
48.5 1.060238e+04 1.070149e+04 1.079032e+04 1.069121e+04
49.5 1.065311e+04 1.070386e+04 1.078940e+04 1.073865e+04
50.5 1.061104e+04 1.070616e+04 1.078866e+04 1.069354e+04
51.5 1.074167e+04 1.071122e+04 1.078767e+04 1.081812e+04
52.5 1.091433e+04 1.072455e+04 1.078377e+04 1.097355e+04
53.5 1.072087e+04 1.074685e+04 1.077436e+04 1.074838e+04
54.5 1.086645e+04 1.077212e+04 1.076023e+04 1.085456e+04
55.5 1.080260e+04 1.079425e+04 1.074452e+04 1.075288e+04
0.5 1.110460e+04 1.091131e+04 1.070269e+04 1.089598e+04
1.5 1.100314e+04 1.091643e+04 1.070191e+04 1.078862e+04
2.5 1.072273e+04 1.091387e+04 1.070533e+04 1.051418e+04
3.5 1.104572e+04 1.089662e+04 1.071514e+04 1.086424e+04
4.5 1.095192e+04 1.086439e+04 1.073021e+04 1.081774e+04
5.5 1.078453e+04 1.082419e+04 1.074712e+04 1.070746e+04
6.5 1.067197e+04 1.078444e+04 1.076275e+04 1.065027e+04
7.5 1.075293e+04 1.075078e+04 1.077533e+04 1.077748e+04
8.5 1.084988e+04 1.072532e+04 1.078448e+04 1.090905e+04
9.5 1.061993e+04 1.070776e+04 1.079054e+04 1.070272e+04
10.5 1.071362e+04 1.069675e+04 1.079415e+04 1.081103e+04
11.5 1.057746e+04 1.069073e+04 1.079594e+04 1.068267e+04
12.5 1.054540e+04 1.068832e+04 1.079643e+04 1.065351e+04
13.5 1.047722e+04 1.068841e+04 1.079604e+04 1.058486e+04
14.5 1.056691e+04 1.069011e+04 1.079513e+04 1.067193e+04
15.5 1.054032e+04 1.069273e+04 1.079393e+04 1.064152e+04
16.5 1.078747e+04 1.069573e+04 1.079265e+04 1.088439e+04
17.5 1.077775e+04 1.069873e+04 1.079142e+04 1.087043e+04
18.5 1.060238e+04 1.070149e+04 1.079032e+04 1.069121e+04
19.5 1.065311e+04 1.070386e+04 1.078940e+04 1.073865e+04
20.5 1.061104e+04 1.070616e+04 1.078866e+04 1.069354e+04
21.5 1.074167e+04 1.071122e+04 1.078767e+04 1.081812e+04
22.5 1.091433e+04 1.072455e+04 1.078377e+04 1.097355e+04
23.5 1.072087e+04 1.074685e+04 1.077436e+04 1.074838e+04
24.5 1.086645e+04 1.077212e+04 1.076023e+04 1.085456e+04
25.5 1.080260e+04 1.079425e+04 1.074452e+04 1.075288e+04
26.5 1.066315e+04 1.081049e+04 1.073021e+04 1.058287e+04
27.5 1.077004e+04 1.082091e+04 1.071887e+04 1.066800e+04
28.5 1.093950e+04 1.082679e+04 1.071085e+04 1.082356e+04
29.5 1.091128e+04 1.082950e+04 1.070573e+04 1.078752e+04
30.5 1.084610e+04 1.082976e+04 1.070289e+04 1.071924e+04
31.5 1.088000e+04 1.082550e+04 1.070213e+04 1.075664e+04
32.5 1.081777e+04 1.081177e+04 1.070557e+04 1.071158e+04
33.5 1.091761e+04 1.078831e+04 1.071541e+04 1.084471e+04
34.5 1.086192e+04 1.076148e+04 1.073050e+04 1.083093e+04
35.5 1.064123e+04 1.073767e+04 1.074744e+04 1.065100e+04
36.5 1.064279e+04 1.071982e+04 1.076308e+04 1.068605e+04
37.5 1.088475e+04 1.070797e+04 1.077569e+04 1.095248e+04
38.5 1.084194e+04 1.070091e+04 1.078486e+04 1.092589e+04
39.5 1.056054e+04 1.069727e+04 1.079095e+04 1.065422e+04
40.5 1.071052e+04 1.069594e+04 1.079458e+04 1.080916e+04
41.5 1.088317e+04 1.069615e+04 1.079639e+04 1.098341e+04
42.5 1.059680e+04 1.069733e+04 1.079690e+04 1.069638e+04
43.5 1.062542e+04 1.069907e+04 1.079655e+04 1.072290e+04
44.5 1.065283e+04 1.070104e+04 1.079566e+04 1.074744e+04
45.5 1.065298e+04 1.070302e+04 1.079449e+04 1.074445e+04
46.5 1.073237e+04 1.070483e+04 1.079323e+04 1.082078e+04
47.5 1.064803e+04 1.070639e+04 1.079203e+04 1.073367e+04
48.5 1.052188e+04 1.070765e+04 1.079096e+04 1.060519e+04
49.5 1.072116e+04 1.070864e+04 1.079007e+04 1.080259e+04
50.5 1.078465e+04 1.070914e+04 1.078937e+04 1.086488e+04
51.5 1.080722e+04 1.070881e+04 1.078841e+04 1.088682e+04
52.5 1.080374e+04 1.071276e+04 1.078455e+04 1.087553e+04
53.5 1.072687e+04 1.072913e+04 1.077516e+04 1.077291e+04
54.5 1.093959e+04 1.075904e+04 1.076107e+04 1.094161e+04
55.5 1.076296e+04 1.079615e+04 1.074540e+04 1.071221e+04
0.5 1.084610e+04 1.082976e+04 1.070289e+04 1.071924e+04
1.5 1.088000e+04 1.082550e+04 1.070213e+04 1.075664e+04
2.5 1.081777e+04 1.081177e+04 1.070557e+04 1.071158e+04
3.5 1.091761e+04 1.078831e+04 1.071541e+04 1.084471e+04
4.5 1.086192e+04 1.076148e+04 1.073050e+04 1.083093e+04
5.5 1.064123e+04 1.073767e+04 1.074744e+04 1.065100e+04
6.5 1.064279e+04 1.071982e+04 1.076308e+04 1.068605e+04
7.5 1.088475e+04 1.070797e+04 1.077569e+04 1.095248e+04
8.5 1.084194e+04 1.070091e+04 1.078486e+04 1.092589e+04
9.5 1.056054e+04 1.069727e+04 1.079095e+04 1.065422e+04
10.5 1.071052e+04 1.069594e+04 1.079458e+04 1.080916e+04
11.5 1.088317e+04 1.069615e+04 1.079639e+04 1.098341e+04
12.5 1.059680e+04 1.069733e+04 1.079690e+04 1.069638e+04
13.5 1.062542e+04 1.069907e+04 1.079655e+04 1.072290e+04
14.5 1.065283e+04 1.070104e+04 1.079566e+04 1.074744e+04
15.5 1.065298e+04 1.070302e+04 1.079449e+04 1.074445e+04
16.5 1.073237e+04 1.070483e+04 1.079323e+04 1.082078e+04
17.5 1.064803e+04 1.070639e+04 1.079203e+04 1.073367e+04
18.5 1.052188e+04 1.070765e+04 1.079096e+04 1.060519e+04
19.5 1.072116e+04 1.070864e+04 1.079007e+04 1.080259e+04
20.5 1.078465e+04 1.070914e+04 1.078937e+04 1.086488e+04
21.5 1.080722e+04 1.070881e+04 1.078841e+04 1.088682e+04
22.5 1.080374e+04 1.071276e+04 1.078455e+04 1.087553e+04
23.5 1.072687e+04 1.072913e+04 1.077516e+04 1.077291e+04
24.5 1.093959e+04 1.075904e+04 1.076107e+04 1.094161e+04
25.5 1.076296e+04 1.079615e+04 1.074540e+04 1.071221e+04
26.5 1.073601e+04 1.083249e+04 1.073112e+04 1.063464e+04
27.5 1.096147e+04 1.086282e+04 1.071983e+04 1.081847e+04
28.5 1.069718e+04 1.088531e+04 1.071185e+04 1.052372e+04
29.5 1.074764e+04 1.090032e+04 1.070678e+04 1.055411e+04
30.5 1.071099e+04 1.090947e+04 1.070399e+04 1.050551e+04
31.5 1.086455e+04 1.091471e+04 1.070328e+04 1.065312e+04
32.5 1.081091e+04 1.091229e+04 1.070677e+04 1.060539e+04
33.5 1.090719e+04 1.089518e+04 1.071666e+04 1.072868e+04
34.5 1.085349e+04 1.086308e+04 1.073180e+04 1.072221e+04
35.5 1.085388e+04 1.082301e+04 1.074880e+04 1.077966e+04
36.5 1.075903e+04 1.078340e+04 1.076449e+04 1.074012e+04
37.5 1.086577e+04 1.074986e+04 1.077716e+04 1.089307e+04
38.5 1.059736e+04 1.072451e+04 1.078638e+04 1.065923e+04
39.5 1.079469e+04 1.070705e+04 1.079251e+04 1.088015e+04
40.5 1.071831e+04 1.069612e+04 1.079619e+04 1.081838e+04
41.5 1.064302e+04 1.069018e+04 1.079805e+04 1.075090e+04
42.5 1.079705e+04 1.068784e+04 1.079862e+04 1.090783e+04
43.5 1.063796e+04 1.068798e+04 1.079831e+04 1.074829e+04
44.5 1.055477e+04 1.068973e+04 1.079747e+04 1.066251e+04
45.5 1.062515e+04 1.069239e+04 1.079636e+04 1.072912e+04
46.5 1.067457e+04 1.069543e+04 1.079516e+04 1.077430e+04
47.5 1.051972e+04 1.069846e+04 1.079402e+04 1.061528e+04
48.5 1.069475e+04 1.070124e+04 1.079301e+04 1.078653e+04
49.5 1.073839e+04 1.070363e+04 1.079218e+04 1.082694e+04
50.5 1.062801e+04 1.070594e+04 1.079154e+04 1.071360e+04
51.5 1.080972e+04 1.071101e+04 1.079065e+04 1.088936e+04
52.5 1.072581e+04 1.072435e+04 1.078686e+04 1.078832e+04
53.5 1.074471e+04 1.074664e+04 1.077755e+04 1.077562e+04
54.5 1.080877e+04 1.077188e+04 1.076353e+04 1.080042e+04
55.5 1.103542e+04 1.079397e+04 1.074796e+04 1.098940e+04
0.5 1.071099e+04 1.090947e+04 1.070399e+04 1.050551e+04
1.5 1.086455e+04 1.091471e+04 1.070328e+04 1.065312e+04
2.5 1.081091e+04 1.091229e+04 1.070677e+04 1.060539e+04
3.5 1.090719e+04 1.089518e+04 1.071666e+04 1.072868e+04
4.5 1.085349e+04 1.086308e+04 1.073180e+04 1.072221e+04
5.5 1.085388e+04 1.082301e+04 1.074880e+04 1.077966e+04
6.5 1.075903e+04 1.078340e+04 1.076449e+04 1.074012e+04
7.5 1.086577e+04 1.074986e+04 1.077716e+04 1.089307e+04
8.5 1.059736e+04 1.072451e+04 1.078638e+04 1.065923e+04
9.5 1.079469e+04 1.070705e+04 1.079251e+04 1.088015e+04
10.5 1.071831e+04 1.069612e+04 1.079619e+04 1.081838e+04
11.5 1.064302e+04 1.069018e+04 1.079805e+04 1.075090e+04
12.5 1.079705e+04 1.068784e+04 1.079862e+04 1.090783e+04
13.5 1.063796e+04 1.068798e+04 1.079831e+04 1.074829e+04
14.5 1.055477e+04 1.068973e+04 1.079747e+04 1.066251e+04
15.5 1.062515e+04 1.069239e+04 1.079636e+04 1.072912e+04
16.5 1.067457e+04 1.069543e+04 1.079516e+04 1.077430e+04
17.5 1.051972e+04 1.069846e+04 1.079402e+04 1.061528e+04
18.5 1.069475e+04 1.070124e+04 1.079301e+04 1.078653e+04
19.5 1.073839e+04 1.070363e+04 1.079218e+04 1.082694e+04
20.5 1.062801e+04 1.070594e+04 1.079154e+04 1.071360e+04
21.5 1.080972e+04 1.071101e+04 1.079065e+04 1.088936e+04
22.5 1.072581e+04 1.072435e+04 1.078686e+04 1.078832e+04
23.5 1.074471e+04 1.074664e+04 1.077755e+04 1.077562e+04
24.5 1.080877e+04 1.077188e+04 1.076353e+04 1.080042e+04
25.5 1.103542e+04 1.079397e+04 1.074796e+04 1.098940e+04
26.5 1.084730e+04 1.081015e+04 1.073378e+04 1.077093e+04
27.5 1.094982e+04 1.082050e+04 1.072259e+04 1.085191e+04
28.5 1.096083e+04 1.082628e+04 1.071473e+04 1.084928e+04
29.5 1.090993e+04 1.082890e+04 1.070978e+04 1.079082e+04
30.5 1.083181e+04 1.083078e+04 1.070712e+04 1.070814e+04
