8.748656e+03 8.798413e+03 8.782883e+03 8.764186e+03
8.615553e+03 8.797865e+03 8.782851e+03 8.630567e+03
8.751308e+03 8.797372e+03 8.782853e+03 8.765827e+03
8.880876e+03 8.796934e+03 8.782896e+03 8.894914e+03
8.817878e+03 8.796547e+03 8.780837e+03 8.833588e+03
8.911440e+03 8.796210e+03 8.763616e+03 8.944035e+03
8.735222e+03 8.795921e+03 8.721142e+03 8.810001e+03
8.794468e+03 8.795680e+03 8.671735e+03 8.918413e+03
8.727300e+03 8.795483e+03 8.644126e+03 8.878657e+03
8.666442e+03 8.795331e+03 8.648038e+03 8.813735e+03
8.602944e+03 8.795219e+03 8.674705e+03 8.723458e+03
8.631306e+03 8.795148e+03 8.710276e+03 8.716178e+03
8.760821e+03 8.795116e+03 8.744544e+03 8.811393e+03
8.661633e+03 8.795120e+03 8.772750e+03 8.684004e+03
8.731979e+03 8.795160e+03 8.793965e+03 8.733175e+03
8.724642e+03 8.795234e+03 8.809031e+03 8.710845e+03
8.753721e+03 8.795340e+03 8.819218e+03 8.729843e+03
8.812562e+03 8.795477e+03 8.825663e+03 8.782376e+03
9.031808e+03 8.795643e+03 8.829268e+03 8.998182e+03
9.059537e+03 8.795837e+03 8.830766e+03 9.024607e+03
8.866091e+03 8.796057e+03 8.830788e+03 8.831360e+03
8.994853e+03 8.796302e+03 8.829883e+03 8.961271e+03
8.978271e+03 8.796570e+03 8.828514e+03 8.946327e+03
8.900453e+03 8.796860e+03 8.827054e+03 8.870259e+03
8.739253e+03 8.797186e+03 8.830244e+03 8.706196e+03
9.041251e+03 8.801465e+03 8.869523e+03 8.973193e+03
8.999068e+03 8.833848e+03 8.990666e+03 8.842250e+03
9.301496e+03 8.918280e+03 9.179788e+03 9.039988e+03
9.440102e+03 9.046983e+03 9.368868e+03 9.118216e+03
9.660317e+03 9.190863e+03 9.507881e+03 9.343299e+03
9.621018e+03 9.322469e+03 9.587105e+03 9.356382e+03
9.577606e+03 9.426935e+03 9.620284e+03 9.384257e+03
9.681332e+03 9.501158e+03 9.625541e+03 9.556949e+03
9.582390e+03 9.548720e+03 9.616418e+03 9.514692e+03
9.570342e+03 9.575433e+03 9.596268e+03 9.549506e+03
9.622271e+03 9.583029e+03 9.537674e+03 9.667625e+03
9.427195e+03 9.551935e+03 9.397039e+03 9.582091e+03
9.350947e+03 9.461928e+03 9.189759e+03 9.623117e+03
9.216850e+03 9.323598e+03 8.984663e+03 9.555784e+03
8.972327e+03 9.168192e+03 8.832372e+03 9.308147e+03
8.726619e+03 9.024759e+03 8.742854e+03 9.008525e+03
8.438102e+03 8.909265e+03 8.702279e+03 8.645088e+03
8.585898e+03 8.825470e+03 8.692189e+03 8.719179e+03
8.344446e+03 8.770088e+03 8.698548e+03 8.415986e+03
8.323223e+03 8.737321e+03 8.713001e+03 8.347543e+03
8.570037e+03 8.721367e+03 8.731103e+03 8.560301e+03
8.535178e+03 8.717332e+03 8.750402e+03 8.502107e+03
8.330932e+03 8.721315e+03 8.769300e+03 8.282946e+03
8.631619e+03 8.730247e+03 8.786633e+03 8.575233e+03
8.639873e+03 8.741743e+03 8.801610e+03 8.580006e+03
8.618922e+03 8.754016e+03 8.813841e+03 8.559097e+03
8.731729e+03 8.765817e+03 8.823311e+03 8.674236e+03
8.826548e+03 8.776374e+03 8.830286e+03 8.772636e+03
8.677457e+03 8.785311e+03 8.835197e+03 8.627571e+03
8.963346e+03 8.792545e+03 8.838316e+03 8.917574e+03
8.966578e+03 8.798187e+03 8.837902e+03 8.926864e+03
9.046197e+03 8.802456e+03 8.827521e+03 9.021133e+03
8.941987e+03 8.805608e+03 8.803407e+03 8.944188e+03
8.833053e+03 8.807894e+03 8.770375e+03 8.870572e+03
8.904471e+03 8.809534e+03 8.736520e+03 8.977485e+03
8.936938e+03 8.810712e+03 8.707722e+03 9.039927e+03
8.696648e+03 8.811562e+03 8.686293e+03 8.821918e+03
8.497294e+03 8.812185e+03 8.672031e+03 8.637448e+03
8.925972e+03 8.812654e+03 8.663628e+03 9.074998e+03
8.856116e+03 8.813018e+03 8.659794e+03 9.009341e+03
8.853952e+03 8.813310e+03 8.661431e+03 9.005831e+03
8.900004e+03 8.813551e+03 8.674336e+03 9.039219e+03
8.859357e+03 8.813755e+03 8.701785e+03 8.971327e+03
8.663875e+03 8.813930e+03 8.738563e+03 8.739241e+03
8.667914e+03 8.814080e+03 8.776249e+03 8.705745e+03
8.665369e+03 8.814206e+03 8.808709e+03 8.670866e+03
8.608291e+03 8.814312e+03 8.833456e+03 8.589147e+03
8.584535e+03 8.814400e+03 8.850595e+03 8.548340e+03
8.513914e+03 8.814471e+03 8.861403e+03 8.466981e+03
8.666509e+03 8.814523e+03 8.867396e+03 8.613636e+03
9.117548e+03 8.814558e+03 8.869910e+03 9.062196e+03
8.814381e+03 8.814575e+03 8.870013e+03 8.758943e+03
8.930337e+03 8.814573e+03 8.868540e+03 8.876370e+03
9.186098e+03 8.814554e+03 8.866145e+03 9.134507e+03
9.075809e+03 8.814516e+03 8.863329e+03 9.026996e+03
8.892835e+03 8.814460e+03 8.860460e+03 8.846835e+03
8.862984e+03 8.814386e+03 8.857784e+03 8.819587e+03
9.154146e+03 8.814294e+03 8.855437e+03 9.113003e+03
8.847843e+03 8.814183e+03 8.853474e+03 8.808552e+03
9.033989e+03 8.814055e+03 8.851681e+03 8.996363e+03
8.811519e+03 8.813908e+03 8.847824e+03 8.777602e+03
8.973437e+03 8.813743e+03 8.835040e+03 8.952139e+03
8.860361e+03 8.813560e+03 8.809220e+03 8.864702e+03
8.751170e+03 8.813360e+03 8.774924e+03 8.789606e+03
8.727744e+03 8.813141e+03 8.740067e+03 8.800818e+03
8.557552e+03 8.812905e+03 8.710418e+03 8.660040e+03
8.363794e+03 8.812652e+03 8.688223e+03 8.488223e+03
8.498669e+03 8.812381e+03 8.673240e+03 8.637809e+03
8.633313e+03 8.812092e+03 8.664135e+03 8.781271e+03
8.444690e+03 8.811787e+03 8.659605e+03 8.596872e+03
8.714988e+03 8.811464e+03 8.660551e+03 8.865902e+03
8.735836e+03 8.811124e+03 8.672766e+03 8.874195e+03
8.650681e+03 8.810768e+03 8.699525e+03 8.761924e+03
8.942498e+03 8.810395e+03 8.735615e+03 9.017278e+03
8.843941e+03 8.810005e+03 8.772619e+03 8.881328e+03
8.737314e+03 8.809599e+03 8.804403e+03 8.742511e+03
8.795004e+03 8.809177e+03 8.828474e+03 8.775707e+03
8.668455e+03 8.808738e+03 8.844938e+03 8.632255e+03
8.961584e+03 8.808284e+03 8.855077e+03 8.914791e+03
8.897841e+03 8.807814e+03 8.860405e+03 8.845250e+03
9.066284e+03 8.807328e+03 8.862259e+03 9.011353e+03
8.985842e+03 8.806827e+03 8.861708e+03 8.930960e+03
8.935804e+03 8.806310e+03 8.859588e+03 8.882526e+03
8.960420e+03 8.805779e+03 8.856551e+03 8.909648e+03
9.169129e+03 8.805232e+03 8.853099e+03 9.121261e+03
8.893282e+03 8.804669e+03 8.849601e+03 8.848351e+03
9.096713e+03 8.804092e+03 8.846301e+03 9.054505e+03
9.028646e+03 8.803501e+03 8.843337e+03 8.988809e+03
8.980924e+03 8.802894e+03 8.840781e+03 8.943037e+03
9.001281e+03 8.802288e+03 8.843120e+03 8.960449e+03
9.057267e+03 8.805600e+03 8.881605e+03 8.981262e+03
9.302456e+03 8.836978e+03 9.001875e+03 9.137559e+03
9.312891e+03 8.920357e+03 9.189973e+03 9.043275e+03
9.437630e+03 9.047957e+03 9.377863e+03 9.107724e+03
9.369249e+03 9.190685e+03 9.515532e+03 9.044403e+03
9.651797e+03 9.321097e+03 9.593287e+03 9.379607e+03
9.382812e+03 9.424332e+03 9.624902e+03 9.182242e+03
9.304463e+03 9.497298e+03 9.628523e+03 9.173238e+03
9.601473e+03 9.543581e+03 9.617714e+03 9.527339e+03
9.642962e+03 9.568998e+03 9.595843e+03 9.616116e+03
9.492735e+03 9.575285e+03 9.535606e+03 9.532414e+03
9.638515e+03 9.542949e+03 9.393381e+03 9.788082e+03
9.375864e+03 9.451682e+03 9.184377e+03 9.643169e+03
9.141409e+03 9.312074e+03 8.977541e+03 9.475943e+03
8.960230e+03 9.155375e+03 8.823498e+03 9.292108e+03
8.742521e+03 9.010634e+03 8.732217e+03 9.020939e+03
8.441822e+03 8.893816e+03 8.689867e+03 8.645771e+03
8.341472e+03 8.808684e+03 8.677994e+03 8.472162e+03
8.219628e+03 8.751953e+03 8.682562e+03 8.289019e+03
8.491829e+03 8.717823e+03 8.695217e+03 8.514435e+03
8.683734e+03 8.700494e+03 8.711516e+03 8.672712e+03
8.753112e+03 8.695073e+03 8.729007e+03 8.719178e+03
8.807358e+03 8.697658e+03 8.746091e+03 8.758926e+03
8.823029e+03 8.705181e+03 8.761604e+03 8.766607e+03
8.830219e+03 8.715259e+03 8.774758e+03 8.770720e+03
8.811836e+03 8.726103e+03 8.785161e+03 8.752777e+03
8.830075e+03 8.736464e+03 8.792798e+03 8.773741e+03
8.732201e+03 8.745572e+03 8.797937e+03 8.679836e+03
9.017892e+03 8.753049e+03 8.801007e+03 8.969935e+03
8.895464e+03 8.758814e+03 8.802281e+03 8.851997e+03
8.647522e+03 8.762977e+03 8.800016e+03 8.610484e+03
8.615611e+03 8.765756e+03 8.787779e+03 8.593589e+03
8.414531e+03 8.767408e+03 8.761804e+03 8.420135e+03
8.615879e+03 8.768183e+03 8.726906e+03 8.657156e+03
8.671994e+03 8.768302e+03 8.691178e+03 8.749118e+03
8.653720e+03 8.767947e+03 8.660454e+03 8.761212e+03
8.527065e+03 8.767250e+03 8.637082e+03 8.657234e+03
8.499162e+03 8.766313e+03 8.620910e+03 8.644566e+03
8.506408e+03 8.765209e+03 8.610587e+03 8.661030e+03
8.501279e+03 8.763985e+03 8.604821e+03 8.660443e+03
8.616235e+03 8.762674e+03 8.604516e+03 8.774393e+03
8.821254e+03 8.761297e+03 8.615469e+03 8.967081e+03
8.667146e+03 8.759866e+03 8.640960e+03 8.786052e+03
8.796692e+03 8.758387e+03 8.675774e+03 8.879305e+03
8.815848e+03 8.756866e+03 8.711488e+03 8.861225e+03
8.494642e+03 8.755300e+03 8.741960e+03 8.507982e+03
8.532188e+03 8.753694e+03 8.764699e+03 8.521184e+03
8.951273e+03 8.752048e+03 8.779802e+03 8.923519e+03
8.924207e+03 8.750360e+03 8.788547e+03 8.886020e+03
8.890523e+03 8.748630e+03 8.792447e+03 8.846706e+03
8.708526e+03 8.746856e+03 8.792837e+03 8.662545e+03
8.919362e+03 8.745035e+03 8.790785e+03 8.873613e+03
8.746343e+03 8.743168e+03 8.787124e+03 8.702386e+03
8.492780e+03 8.741251e+03 8.782508e+03 8.451523e+03
8.712613e+03 8.739284e+03 8.777436e+03 8.674461e+03
8.689952e+03 8.737264e+03 8.772275e+03 8.654941e+03
8.845740e+03 8.735189e+03 8.767267e+03 8.813663e+03
8.734379e+03 8.733059e+03 8.762549e+03 8.704889e+03
8.789116e+03 8.730870e+03 8.758191e+03 8.761795e+03
8.896750e+03 8.728637e+03 8.758678e+03 8.866709e+03
8.724603e+03 8.730274e+03 8.795254e+03 8.659622e+03
9.068689e+03 8.759926e+03 8.913543e+03 8.915073e+03
9.055654e+03 8.841514e+03 9.099543e+03 8.797626e+03
9.392978e+03 8.967227e+03 9.285174e+03 9.075030e+03
9.386281e+03 9.107944e+03 9.420411e+03 9.073813e+03
9.419810e+03 9.236205e+03 9.495577e+03 9.160438e+03
9.386106e+03 9.337148e+03 9.524467e+03 9.198787e+03
9.557233e+03 9.407686e+03 9.525250e+03 9.439669e+03
9.154147e+03 9.451417e+03 9.511510e+03 9.094055e+03
9.366132e+03 9.474168e+03 9.488764e+03 9.351535e+03
9.173795e+03 9.477683e+03 9.471688e+03 9.179790e+03
