8.748656e+03 8.827708e+03 8.782883e+03 8.793481e+03
8.615553e+03 8.826890e+03 8.782851e+03 8.659592e+03
8.751308e+03 8.826119e+03 8.782853e+03 8.794574e+03
8.880876e+03 8.825391e+03 8.782896e+03 8.923371e+03
8.817878e+03 8.824701e+03 8.780837e+03 8.861742e+03
8.911440e+03 8.824048e+03 8.763616e+03 8.971873e+03
8.735222e+03 8.823427e+03 8.721142e+03 8.837507e+03
8.794468e+03 8.822833e+03 8.671735e+03 8.945566e+03
8.727300e+03 8.822263e+03 8.644126e+03 8.905436e+03
8.666442e+03 8.821715e+03 8.648038e+03 8.840119e+03
8.602944e+03 8.821189e+03 8.674705e+03 8.749428e+03
8.631306e+03 8.820688e+03 8.710276e+03 8.741717e+03
8.760821e+03 8.820212e+03 8.744544e+03 8.836489e+03
8.661633e+03 8.819764e+03 8.772750e+03 8.708647e+03
8.731979e+03 8.819342e+03 8.793965e+03 8.757357e+03
8.724642e+03 8.818948e+03 8.809031e+03 8.734559e+03
8.753721e+03 8.818581e+03 8.819218e+03 8.753083e+03
8.812562e+03 8.818240e+03 8.825663e+03 8.805139e+03
9.031808e+03 8.817924e+03 8.829268e+03 9.020464e+03
9.059537e+03 8.817634e+03 8.830766e+03 9.046404e+03
8.866091e+03 8.817367e+03 8.830788e+03 8.852670e+03
8.994853e+03 8.817123e+03 8.829883e+03 8.982092e+03
8.978271e+03 8.816900e+03 8.828514e+03 8.966657e+03
8.900453e+03 8.816699e+03 8.827054e+03 8.890098e+03
8.739253e+03 8.816528e+03 8.830244e+03 8.725537e+03
9.041251e+03 8.819157e+03 8.869523e+03 8.990885e+03
8.999068e+03 8.841665e+03 8.990666e+03 8.850067e+03
9.301496e+03 8.900981e+03 9.179788e+03 9.022690e+03
9.440102e+03 8.991608e+03 9.368868e+03 9.062841e+03
9.660317e+03 9.092972e+03 9.507881e+03 9.245408e+03
9.621018e+03 9.185662e+03 9.587105e+03 9.219575e+03
9.577606e+03 9.259167e+03 9.620284e+03 9.216489e+03
9.681332e+03 9.311293e+03 9.625541e+03 9.367084e+03
9.582390e+03 9.344573e+03 9.616418e+03 9.310544e+03
9.570342e+03 9.363116e+03 9.596268e+03 9.337189e+03
9.622271e+03 9.368147e+03 9.537674e+03 9.452743e+03
9.427195e+03 9.345831e+03 9.397039e+03 9.375987e+03
9.350947e+03 9.281863e+03 9.189759e+03 9.443052e+03
9.216850e+03 9.183730e+03 8.984663e+03 9.415917e+03
8.972327e+03 9.073529e+03 8.832372e+03 9.213484e+03
8.726619e+03 8.971800e+03 8.742854e+03 8.955566e+03
8.438102e+03 8.889832e+03 8.702279e+03 8.625655e+03
8.585898e+03 8.830284e+03 8.692189e+03 8.723993e+03
8.344446e+03 8.790834e+03 8.698548e+03 8.436732e+03
8.323223e+03 8.767380e+03 8.713001e+03 8.377602e+03
8.570037e+03 8.755821e+03 8.731103e+03 8.594755e+03
8.535178e+03 8.752696e+03 8.750402e+03 8.537471e+03
8.330932e+03 8.755246e+03 8.769300e+03 8.316877e+03
8.631619e+03 8.761301e+03 8.786633e+03 8.606288e+03
8.639873e+03 8.769176e+03 8.801610e+03 8.607439e+03
8.618922e+03 8.777606e+03 8.813841e+03 8.582686e+03
8.731729e+03 8.785708e+03 8.823311e+03 8.694126e+03
8.826548e+03 8.792936e+03 8.830286e+03 8.789198e+03
8.677457e+03 8.799025e+03 8.835197e+03 8.641286e+03
8.963346e+03 8.803918e+03 8.838316e+03 8.928948e+03
8.966578e+03 8.808258e+03 8.837902e+03 8.936934e+03
9.046197e+03 8.815672e+03 8.827521e+03 9.034349e+03
8.941987e+03 8.829788e+03 8.803407e+03 8.968368e+03
8.833053e+03 8.849662e+03 8.770375e+03 8.912340e+03
8.904471e+03 8.871265e+03 8.736520e+03 9.039216e+03
8.936938e+03 8.890776e+03 8.707722e+03 9.119991e+03
8.696648e+03 8.906153e+03 8.686293e+03 8.916509e+03
8.497294e+03 8.917022e+03 8.672031e+03 8.742285e+03
8.925972e+03 8.923951e+03 8.663628e+03 9.186294e+03
8.856116e+03 8.927810e+03 8.659794e+03 9.124133e+03
8.853952e+03 8.928874e+03 8.661431e+03 9.121396e+03
8.900004e+03 8.924353e+03 8.674336e+03 9.150020e+03
8.859357e+03 8.911333e+03 8.701785e+03 9.068905e+03
8.663875e+03 8.891344e+03 8.738563e+03 8.816656e+03
8.667914e+03 8.868886e+03 8.776249e+03 8.760551e+03
8.665369e+03 8.848140e+03 8.808709e+03 8.704801e+03
8.608291e+03 8.831406e+03 8.833456e+03 8.606241e+03
8.584535e+03 8.819226e+03 8.850595e+03 8.553166e+03
8.513914e+03 8.811128e+03 8.861403e+03 8.463638e+03
8.666509e+03 8.806277e+03 8.867396e+03 8.605389e+03
9.117548e+03 8.803839e+03 8.869910e+03 9.051477e+03
8.814381e+03 8.803109e+03 8.870013e+03 8.747478e+03
8.930337e+03 8.803527e+03 8.868540e+03 8.865324e+03
9.186098e+03 8.804650e+03 8.866145e+03 9.124602e+03
9.075809e+03 8.806135e+03 8.863329e+03 9.018614e+03
8.892835e+03 8.807725e+03 8.860460e+03 8.840100e+03
8.862984e+03 8.809241e+03 8.857784e+03 8.814442e+03
9.154146e+03 8.810571e+03 8.855437e+03 9.109281e+03
8.847843e+03 8.811662e+03 8.853474e+03 8.806031e+03
9.033989e+03 8.812503e+03 8.851681e+03 8.994811e+03
8.811519e+03 8.813675e+03 8.847824e+03 8.777369e+03
8.973437e+03 8.818683e+03 8.835040e+03 8.957079e+03
8.860361e+03 8.831009e+03 8.809220e+03 8.882150e+03
8.751170e+03 8.849569e+03 8.774924e+03 8.825815e+03
8.727744e+03 8.870209e+03 8.740067e+03 8.857886e+03
8.557552e+03 8.889006e+03 8.710418e+03 8.736140e+03
8.363794e+03 8.903842e+03 8.688223e+03 8.579413e+03
8.498669e+03 8.914285e+03 8.673240e+03 8.739714e+03
8.633313e+03 8.920863e+03 8.664135e+03 8.890042e+03
8.444690e+03 8.924419e+03 8.659605e+03 8.709504e+03
8.714988e+03 8.925209e+03 8.660551e+03 8.979646e+03
8.735836e+03 8.920430e+03 8.672766e+03 8.983500e+03
8.650681e+03 8.907162e+03 8.699525e+03 8.858318e+03
8.942498e+03 8.886930e+03 8.735615e+03 9.093814e+03
8.843941e+03 8.864233e+03 8.772619e+03 8.935555e+03
8.737314e+03 8.843249e+03 8.804403e+03 8.776161e+03
8.795004e+03 8.826277e+03 8.828474e+03 8.792807e+03
8.668455e+03 8.813858e+03 8.844938e+03 8.637375e+03
8.961584e+03 8.805521e+03 8.855077e+03 8.912028e+03
8.897841e+03 8.800430e+03 8.860405e+03 8.837866e+03
9.066284e+03 8.797752e+03 8.862259e+03 9.001777e+03
8.985842e+03 8.796781e+03 8.861708e+03 8.920914e+03
8.935804e+03 8.796957e+03 8.859588e+03 8.873173e+03
8.960420e+03 8.797838e+03 8.856551e+03 8.901708e+03
9.169129e+03 8.799082e+03 8.853099e+03 9.115112e+03
8.893282e+03 8.800431e+03 8.849601e+03 8.844112e+03
9.096713e+03 8.801705e+03 8.846301e+03 9.052117e+03
9.028646e+03 8.802794e+03 8.843337e+03 8.988103e+03
8.980924e+03 8.803643e+03 8.840781e+03 8.943786e+03
9.001281e+03 8.804252e+03 8.843120e+03 8.962413e+03
9.057267e+03 8.807406e+03 8.881605e+03 8.983068e+03
9.302456e+03 8.830212e+03 9.001875e+03 9.130794e+03
9.312891e+03 8.889633e+03 9.189973e+03 9.012551e+03
9.437630e+03 8.980202e+03 9.377863e+03 9.039969e+03
9.369249e+03 9.081379e+03 9.515532e+03 8.935096e+03
9.651797e+03 9.173784e+03 9.593287e+03 9.232294e+03
9.382812e+03 9.246931e+03 9.624902e+03 9.004841e+03
9.304463e+03 9.298644e+03 9.628523e+03 8.974584e+03
9.601473e+03 9.331472e+03 9.617714e+03 9.315231e+03
9.642962e+03 9.349535e+03 9.595843e+03 9.396654e+03
9.492735e+03 9.354065e+03 9.535606e+03 9.311194e+03
9.638515e+03 9.331280e+03 9.393381e+03 9.576414e+03
9.375864e+03 9.266825e+03 9.184377e+03 9.458312e+03
9.141409e+03 9.168186e+03 8.977541e+03 9.332055e+03
8.960230e+03 9.057464e+03 8.823498e+03 9.194196e+03
8.742521e+03 8.955197e+03 8.732217e+03 8.965502e+03
8.441822e+03 8.872677e+03 8.689867e+03 8.624631e+03
8.341472e+03 8.812563e+03 8.677994e+03 8.476040e+03
8.219628e+03 8.772533e+03 8.682562e+03 8.309598e+03
8.491829e+03 8.748485e+03 8.695217e+03 8.545097e+03
8.683734e+03 8.736320e+03 8.711516e+03 8.708538e+03
8.753112e+03 8.732576e+03 8.729007e+03 8.756682e+03
8.807358e+03 8.734495e+03 8.746091e+03 8.795763e+03
8.823029e+03 8.739908e+03 8.761604e+03 8.801333e+03
8.830219e+03 8.747128e+03 8.774758e+03 8.802589e+03
8.811836e+03 8.754891e+03 8.785161e+03 8.781565e+03
8.830075e+03 8.762314e+03 8.792798e+03 8.799591e+03
8.732201e+03 8.768853e+03 8.797937e+03 8.703117e+03
9.017892e+03 8.774240e+03 8.801007e+03 8.991125e+03
8.895464e+03 8.778419e+03 8.802281e+03 8.871603e+03
8.647522e+03 8.782034e+03 8.800016e+03 8.629541e+03
8.615611e+03 8.788712e+03 8.787779e+03 8.616544e+03
8.414531e+03 8.802079e+03 8.761804e+03 8.454806e+03
8.615879e+03 8.821193e+03 8.726906e+03 8.710165e+03
8.671994e+03 8.842023e+03 8.691178e+03 8.822839e+03
8.653720e+03 8.860749e+03 8.660454e+03 8.854015e+03
8.527065e+03 8.875331e+03 8.637082e+03 8.765315e+03
8.499162e+03 8.885391e+03 8.620910e+03 8.763644e+03
8.506408e+03 8.891498e+03 8.610587e+03 8.787319e+03
8.501279e+03 8.894522e+03 8.604821e+03 8.790979e+03
8.616235e+03 8.894736e+03 8.604516e+03 8.906455e+03
8.821254e+03 8.889349e+03 8.615469e+03 9.095134e+03
8.667146e+03 8.875449e+03 8.640960e+03 8.901636e+03
8.796692e+03 8.854565e+03 8.675774e+03 8.975483e+03
8.815848e+03 8.831195e+03 8.711488e+03 8.935554e+03
8.494642e+03 8.809519e+03 8.741960e+03 8.562201e+03
8.532188e+03 8.791838e+03 8.764699e+03 8.559328e+03
8.951273e+03 8.778692e+03 8.779802e+03 8.950164e+03
8.924207e+03 8.769610e+03 8.788547e+03 8.905269e+03
8.890523e+03 8.763754e+03 8.792447e+03 8.861830e+03
8.708526e+03 8.760290e+03 8.792837e+03 8.675980e+03
8.919362e+03 8.758513e+03 8.790785e+03 8.887091e+03
8.746343e+03 8.757860e+03 8.787124e+03 8.717079e+03
8.492780e+03 8.757889e+03 8.782508e+03 8.468161e+03
8.712613e+03 8.758256e+03 8.777436e+03 8.693433e+03
8.689952e+03 8.758702e+03 8.772275e+03 8.676380e+03
8.845740e+03 8.759047e+03 8.767267e+03 8.837520e+03
8.734379e+03 8.759178e+03 8.762549e+03 8.731008e+03
8.789116e+03 8.759041e+03 8.758191e+03 8.789966e+03
8.896750e+03 8.758633e+03 8.758678e+03 8.896706e+03
8.724603e+03 8.760739e+03 8.795254e+03 8.690087e+03
9.068689e+03 8.782463e+03 8.913543e+03 8.937609e+03
9.055654e+03 8.840757e+03 9.099543e+03 8.796868e+03
9.392978e+03 8.930134e+03 9.285174e+03 9.037937e+03
9.386281e+03 9.030034e+03 9.420411e+03 8.995904e+03
9.419810e+03 9.121068e+03 9.495577e+03 9.045301e+03
9.386106e+03 9.192745e+03 9.524467e+03 9.054385e+03
9.557233e+03 9.242898e+03 9.525250e+03 9.274882e+03
9.154147e+03 9.274081e+03 9.511510e+03 8.916719e+03
9.366132e+03 9.290422e+03 9.488764e+03 9.167790e+03
9.173795e+03 9.293160e+03 9.471688e+03 8.995267e+03
