8.748656e+03 8.834175e+03 8.782883e+03 8.799948e+03
8.615553e+03 8.833845e+03 8.782851e+03 8.666547e+03
8.751308e+03 8.833554e+03 8.782853e+03 8.802008e+03
8.880876e+03 8.833299e+03 8.782896e+03 8.931280e+03
8.817878e+03 8.833080e+03 8.780837e+03 8.870121e+03
8.911440e+03 8.832806e+03 8.763616e+03 8.980630e+03
8.735222e+03 8.831926e+03 8.721142e+03 8.846006e+03
8.794468e+03 8.829897e+03 8.671735e+03 8.952630e+03
8.727300e+03 8.826893e+03 8.644126e+03 8.910066e+03
8.666442e+03 8.823572e+03 8.648038e+03 8.841977e+03
8.602944e+03 8.820558e+03 8.674705e+03 8.748797e+03
8.631306e+03 8.818186e+03 8.710276e+03 8.739216e+03
8.760821e+03 8.816527e+03 8.744544e+03 8.832804e+03
8.661633e+03 8.815497e+03 8.772750e+03 8.704380e+03
8.731979e+03 8.814963e+03 8.793965e+03 8.752978e+03
8.724642e+03 8.814797e+03 8.809031e+03 8.730408e+03
8.753721e+03 8.814892e+03 8.819218e+03 8.749394e+03
8.812562e+03 8.815164e+03 8.825663e+03 8.802063e+03
9.031808e+03 8.815549e+03 8.829268e+03 9.018088e+03
9.059537e+03 8.815996e+03 8.830766e+03 9.044767e+03
8.866091e+03 8.816469e+03 8.830788e+03 8.851772e+03
8.994853e+03 8.816941e+03 8.829883e+03 8.981911e+03
8.978271e+03 8.817396e+03 8.828514e+03 8.967153e+03
8.900453e+03 8.817826e+03 8.827054e+03 8.891225e+03
8.739253e+03 8.818241e+03 8.830244e+03 8.727250e+03
9.041251e+03 8.821502e+03 8.869523e+03 8.993230e+03
8.999068e+03 8.845241e+03 8.990666e+03 8.853643e+03
9.301496e+03 8.906938e+03 9.179788e+03 9.028646e+03
9.440102e+03 9.000923e+03 9.368868e+03 9.072156e+03
9.660317e+03 9.105970e+03 9.507881e+03 9.258406e+03
9.621018e+03 9.202047e+03 9.587105e+03 9.235960e+03
9.577606e+03 9.278310e+03 9.620284e+03 9.235632e+03
9.681332e+03 9.332496e+03 9.625541e+03 9.388287e+03
9.582390e+03 9.367221e+03 9.616418e+03 9.333192e+03
9.570342e+03 9.386727e+03 9.596268e+03 9.360800e+03
9.622271e+03 9.392280e+03 9.537674e+03 9.476876e+03
9.427195e+03 9.369596e+03 9.397039e+03 9.399752e+03
9.350947e+03 9.303916e+03 9.189759e+03 9.465104e+03
9.216850e+03 9.202969e+03 8.984663e+03 9.435155e+03
8.972327e+03 9.089559e+03 8.832372e+03 9.229514e+03
8.726619e+03 8.984887e+03 8.742854e+03 8.968652e+03
8.438102e+03 8.900603e+03 8.702279e+03 8.636426e+03
8.585898e+03 8.839453e+03 8.692189e+03 8.733163e+03
8.344446e+03 8.799040e+03 8.698548e+03 8.444938e+03
8.323223e+03 8.775129e+03 8.713001e+03 8.385351e+03
8.570037e+03 8.763488e+03 8.731103e+03 8.602422e+03
8.535178e+03 8.760546e+03 8.750402e+03 8.545321e+03
8.330932e+03 8.763455e+03 8.769300e+03 8.325086e+03
8.631619e+03 8.769975e+03 8.786633e+03 8.614962e+03
8.639873e+03 8.778367e+03 8.801610e+03 8.616630e+03
8.618922e+03 8.787325e+03 8.813841e+03 8.592405e+03
8.731729e+03 8.795938e+03 8.823311e+03 8.704357e+03
8.826548e+03 8.803644e+03 8.830286e+03 8.799906e+03
8.677457e+03 8.810167e+03 8.835197e+03 8.652428e+03
8.963346e+03 8.815448e+03 8.838316e+03 8.940477e+03
8.966578e+03 8.819656e+03 8.837902e+03 8.948332e+03
9.046197e+03 8.823499e+03 8.827521e+03 9.042176e+03
8.941987e+03 8.827707e+03 8.803407e+03 8.966287e+03
8.833053e+03 8.832287e+03 8.770375e+03 8.894964e+03
8.904471e+03 8.836739e+03 8.736520e+03 9.004690e+03
8.936938e+03 8.840574e+03 8.707722e+03 9.069790e+03
8.696648e+03 8.843555e+03 8.686293e+03 8.853911e+03
8.497294e+03 8.845683e+03 8.672031e+03 8.670946e+03
8.925972e+03 8.847093e+03 8.663628e+03 9.109437e+03
8.856116e+03 8.847954e+03 8.659794e+03 9.044277e+03
8.853952e+03 8.848329e+03 8.661431e+03 9.040850e+03
8.900004e+03 8.847790e+03 8.674336e+03 9.073458e+03
8.859357e+03 8.845888e+03 8.701785e+03 9.003460e+03
8.663875e+03 8.842867e+03 8.738563e+03 8.768179e+03
8.667914e+03 8.839442e+03 8.776249e+03 8.731107e+03
8.665369e+03 8.836271e+03 8.808709e+03 8.692931e+03
8.608291e+03 8.833719e+03 8.833456e+03 8.608554e+03
8.584535e+03 8.831874e+03 8.850595e+03 8.565814e+03
8.513914e+03 8.830661e+03 8.861403e+03 8.483172e+03
8.666509e+03 8.829949e+03 8.867396e+03 8.629061e+03
9.117548e+03 8.829605e+03 8.869910e+03 9.077243e+03
8.814381e+03 8.829519e+03 8.870013e+03 8.773887e+03
8.930337e+03 8.829602e+03 8.868540e+03 8.891399e+03
9.186098e+03 8.829784e+03 8.866145e+03 9.149737e+03
9.075809e+03 8.830012e+03 8.863329e+03 9.042492e+03
8.892835e+03 8.830245e+03 8.860460e+03 8.862619e+03
8.862984e+03 8.830454e+03 8.857784e+03 8.835655e+03
9.154146e+03 8.830622e+03 8.855437e+03 9.129331e+03
8.847843e+03 8.830740e+03 8.853474e+03 8.825109e+03
9.033989e+03 8.830808e+03 8.851681e+03 9.013116e+03
8.811519e+03 8.830916e+03 8.847824e+03 8.794610e+03
8.973437e+03 8.831617e+03 8.835040e+03 8.970013e+03
8.860361e+03 8.833461e+03 8.809220e+03 8.884602e+03
8.751170e+03 8.836276e+03 8.774924e+03 8.812522e+03
8.727744e+03 8.839408e+03 8.740067e+03 8.827085e+03
8.557552e+03 8.842238e+03 8.710418e+03 8.689372e+03
8.363794e+03 8.844432e+03 8.688223e+03 8.520003e+03
8.498669e+03 8.845922e+03 8.673240e+03 8.671351e+03
8.633313e+03 8.846792e+03 8.664135e+03 8.815970e+03
8.444690e+03 8.847174e+03 8.659605e+03 8.632259e+03
8.714988e+03 8.847108e+03 8.660551e+03 8.901546e+03
8.735836e+03 8.846154e+03 8.672766e+03 8.909224e+03
8.650681e+03 8.843850e+03 8.699525e+03 8.795006e+03
8.942498e+03 8.840438e+03 8.735615e+03 9.047321e+03
8.843941e+03 8.836625e+03 8.772619e+03 8.907948e+03
8.737314e+03 8.833073e+03 8.804403e+03 8.765985e+03
8.795004e+03 8.830143e+03 8.828474e+03 8.796673e+03
8.668455e+03 8.827921e+03 8.844938e+03 8.651438e+03
8.961584e+03 8.826333e+03 8.855077e+03 8.932840e+03
8.897841e+03 8.825246e+03 8.860405e+03 8.862682e+03
9.066284e+03 8.824530e+03 8.862259e+03 9.028555e+03
8.985842e+03 8.824073e+03 8.861708e+03 8.948207e+03
8.935804e+03 8.823788e+03 8.859588e+03 8.900003e+03
8.960420e+03 8.823603e+03 8.856551e+03 8.927473e+03
9.169129e+03 8.823467e+03 8.853099e+03 9.139497e+03
8.893282e+03 8.823337e+03 8.849601e+03 8.867019e+03
9.096713e+03 8.823187e+03 8.846301e+03 9.073599e+03
9.028646e+03 8.822997e+03 8.843337e+03 9.008306e+03
8.980924e+03 8.822761e+03 8.840781e+03 8.962904e+03
9.001281e+03 8.822487e+03 8.843120e+03 8.980648e+03
9.057267e+03 8.825036e+03 8.881605e+03 9.000698e+03
9.302456e+03 8.848037e+03 9.001875e+03 9.148618e+03
9.312891e+03 8.908964e+03 9.189973e+03 9.031882e+03
9.437630e+03 9.002144e+03 9.377863e+03 9.061911e+03
9.369249e+03 9.106350e+03 9.515532e+03 8.960068e+03
9.651797e+03 9.201558e+03 9.593287e+03 9.260068e+03
9.382812e+03 9.276926e+03 9.624902e+03 9.034836e+03
9.304463e+03 9.330198e+03 9.628523e+03 9.006137e+03
9.601473e+03 9.363994e+03 9.617714e+03 9.347752e+03
9.642962e+03 9.382560e+03 9.595843e+03 9.429679e+03
9.492735e+03 9.387164e+03 9.535606e+03 9.344293e+03
9.638515e+03 9.363581e+03 9.393381e+03 9.608714e+03
9.375864e+03 9.296989e+03 9.184377e+03 9.488476e+03
9.141409e+03 9.195118e+03 8.977541e+03 9.358986e+03
8.960230e+03 9.080774e+03 8.823498e+03 9.217506e+03
8.742521e+03 8.975157e+03 8.732217e+03 8.985462e+03
8.441822e+03 8.889918e+03 8.689867e+03 8.641873e+03
8.341472e+03 8.827804e+03 8.677994e+03 8.491281e+03
8.219628e+03 8.786416e+03 8.682562e+03 8.323482e+03
8.491829e+03 8.761523e+03 8.695217e+03 8.558135e+03
8.683734e+03 8.748892e+03 8.711516e+03 8.721110e+03
8.753112e+03 8.744951e+03 8.729007e+03 8.769057e+03
8.807358e+03 8.746853e+03 8.746091e+03 8.808121e+03
8.823029e+03 8.752359e+03 8.761604e+03 8.813785e+03
8.830219e+03 8.759730e+03 8.774758e+03 8.815191e+03
8.811836e+03 8.767660e+03 8.785161e+03 8.794334e+03
8.830075e+03 8.775237e+03 8.792798e+03 8.812514e+03
8.732201e+03 8.781901e+03 8.797937e+03 8.716165e+03
9.017892e+03 8.787374e+03 8.801007e+03 9.004259e+03
8.895464e+03 8.791598e+03 8.802281e+03 8.884782e+03
8.647522e+03 8.794743e+03 8.800016e+03 8.642250e+03
8.615611e+03 8.797515e+03 8.787779e+03 8.625347e+03
8.414531e+03 8.800645e+03 8.761804e+03 8.453371e+03
8.615879e+03 8.804139e+03 8.726906e+03 8.693111e+03
8.671994e+03 8.807498e+03 8.691178e+03 8.788314e+03
8.653720e+03 8.810231e+03 8.660454e+03 8.803497e+03
8.527065e+03 8.812099e+03 8.637082e+03 8.702082e+03
8.499162e+03 8.813104e+03 8.620910e+03 8.691357e+03
8.506408e+03 8.813382e+03 8.610587e+03 8.709204e+03
8.501279e+03 8.813101e+03 8.604821e+03 8.709558e+03
8.616235e+03 8.812322e+03 8.604516e+03 8.824041e+03
8.821254e+03 8.810618e+03 8.615469e+03 9.016403e+03
8.667146e+03 8.807539e+03 8.640960e+03 8.833725e+03
8.796692e+03 8.803329e+03 8.675774e+03 8.924247e+03
8.815848e+03 8.798701e+03 8.711488e+03 8.903060e+03
8.494642e+03 8.794313e+03 8.741960e+03 8.546994e+03
8.532188e+03 8.790530e+03 8.764699e+03 8.558020e+03
8.951273e+03 8.787439e+03 8.779802e+03 8.958910e+03
8.924207e+03 8.784963e+03 8.788547e+03 8.920623e+03
8.890523e+03 8.782970e+03 8.792447e+03 8.881046e+03
8.708526e+03 8.781327e+03 8.792837e+03 8.697017e+03
8.919362e+03 8.779922e+03 8.790785e+03 8.908500e+03
8.746343e+03 8.778665e+03 8.787124e+03 8.737883e+03
8.492780e+03 8.777485e+03 8.782508e+03 8.487757e+03
8.712613e+03 8.776327e+03 8.777436e+03 8.711504e+03
8.689952e+03 8.775149e+03 8.772275e+03 8.692826e+03
8.845740e+03 8.773921e+03 8.767267e+03 8.852394e+03
8.734379e+03 8.772625e+03 8.762549e+03 8.744455e+03
8.789116e+03 8.771250e+03 8.758191e+03 8.802175e+03
8.896750e+03 8.769805e+03 8.758678e+03 8.907878e+03
8.724603e+03 8.771150e+03 8.795254e+03 8.700498e+03
9.068689e+03 8.792909e+03 8.913543e+03 8.948056e+03
9.055654e+03 8.852547e+03 9.099543e+03 8.808658e+03
9.392978e+03 8.944368e+03 9.285174e+03 9.052172e+03
9.386281e+03 9.047126e+03 9.420411e+03 9.012996e+03
9.419810e+03 9.140784e+03 9.495577e+03 9.065017e+03
9.386106e+03 9.214500e+03 9.524467e+03 9.076139e+03
9.557233e+03 9.266022e+03 9.525250e+03 9.298005e+03
9.154147e+03 9.297978e+03 9.511510e+03 8.940615e+03
9.366132e+03 9.314621e+03 9.488764e+03 9.191989e+03
9.173795e+03 9.317316e+03 9.471688e+03 9.019423e+03
