6.263045e+03 6.429822e+03 6.390363e+03 6.302503e+03
6.349132e+03 6.429486e+03 6.390048e+03 6.388570e+03
6.360943e+03 6.429185e+03 6.389760e+03 6.400368e+03
6.509260e+03 6.428916e+03 6.389499e+03 6.548678e+03
6.481022e+03 6.428679e+03 6.387920e+03 6.521781e+03
6.485015e+03 6.428473e+03 6.377109e+03 6.536379e+03
6.380423e+03 6.428297e+03 6.352570e+03 6.456150e+03
6.360743e+03 6.428149e+03 6.327667e+03 6.461224e+03
6.376626e+03 6.428029e+03 6.319880e+03 6.484775e+03
6.363691e+03 6.427935e+03 6.333092e+03 6.458534e+03
6.310674e+03 6.427867e+03 6.359682e+03 6.378859e+03
6.328493e+03 6.427824e+03 6.389796e+03 6.366521e+03
6.416926e+03 6.427804e+03 6.416774e+03 6.427956e+03
6.353916e+03 6.427806e+03 6.437896e+03 6.343826e+03
6.388919e+03 6.427831e+03 6.453027e+03 6.363723e+03
6.386105e+03 6.427876e+03 6.463128e+03 6.350853e+03
6.439411e+03 6.427941e+03 6.469356e+03 6.397996e+03
6.441846e+03 6.428025e+03 6.472703e+03 6.397168e+03
6.567211e+03 6.428126e+03 6.473954e+03 6.521384e+03
6.547975e+03 6.428245e+03 6.473734e+03 6.502486e+03
6.524819e+03 6.428379e+03 6.472564e+03 6.480635e+03
6.585348e+03 6.428529e+03 6.470874e+03 6.543003e+03
6.588426e+03 6.428694e+03 6.469006e+03 6.548114e+03
6.529640e+03 6.428871e+03 6.467219e+03 6.491292e+03
6.485593e+03 6.429071e+03 6.468590e+03 6.446073e+03
6.562400e+03 6.431689e+03 6.493098e+03 6.500991e+03
6.670475e+03 6.451508e+03 6.567715e+03 6.554268e+03
6.726676e+03 6.503181e+03 6.680652e+03 6.549205e+03
6.845766e+03 6.581948e+03 6.788556e+03 6.639158e+03
6.944909e+03 6.670003e+03 6.862219e+03 6.752693e+03
6.982217e+03 6.750547e+03 6.898452e+03 6.834312e+03
6.852249e+03 6.814481e+03 6.907884e+03 6.758847e+03
6.887549e+03 6.859906e+03 6.902644e+03 6.844811e+03
6.864613e+03 6.889015e+03 6.891123e+03 6.862505e+03
6.846421e+03 6.905363e+03 6.874830e+03 6.876953e+03
6.861431e+03 6.910012e+03 6.835742e+03 6.935701e+03
6.737814e+03 6.890982e+03 6.747753e+03 6.881043e+03
6.742977e+03 6.835897e+03 6.623186e+03 6.955688e+03
6.629853e+03 6.751238e+03 6.505579e+03 6.875512e+03
6.511394e+03 6.656129e+03 6.424262e+03 6.743260e+03
6.335294e+03 6.568347e+03 6.382389e+03 6.521251e+03
6.180456e+03 6.497664e+03 6.369140e+03 6.308979e+03
6.245887e+03 6.446380e+03 6.372084e+03 6.320184e+03
6.145229e+03 6.412487e+03 6.382469e+03 6.175246e+03
6.092464e+03 6.392433e+03 6.395530e+03 6.089366e+03
6.283000e+03 6.382669e+03 6.409041e+03 6.256628e+03
6.261692e+03 6.380199e+03 6.421967e+03 6.219924e+03
6.221756e+03 6.382637e+03 6.433717e+03 6.170676e+03
6.300583e+03 6.388103e+03 6.443884e+03 6.244802e+03
6.395255e+03 6.395139e+03 6.452230e+03 6.338165e+03
6.300683e+03 6.402650e+03 6.458703e+03 6.244630e+03
6.483274e+03 6.409872e+03 6.463437e+03 6.429709e+03
6.457710e+03 6.416334e+03 6.466694e+03 6.407349e+03
6.381854e+03 6.421803e+03 6.468798e+03 6.334859e+03
6.546288e+03 6.426230e+03 6.470076e+03 6.502442e+03
6.601615e+03 6.429683e+03 6.470130e+03 6.561168e+03
6.592474e+03 6.432296e+03 6.464662e+03 6.560108e+03
6.510962e+03 6.434225e+03 6.449216e+03 6.495972e+03
6.467356e+03 6.435624e+03 6.425226e+03 6.477754e+03
6.471908e+03 6.436628e+03 6.398203e+03 6.510332e+03
6.500668e+03 6.437348e+03 6.373399e+03 6.564617e+03
6.353915e+03 6.437869e+03 6.353694e+03 6.438090e+03
6.291089e+03 6.438250e+03 6.339722e+03 6.389618e+03
6.452491e+03 6.438537e+03 6.330827e+03 6.560202e+03
6.446292e+03 6.438760e+03 6.325899e+03 6.559153e+03
6.408625e+03 6.438939e+03 6.324540e+03 6.523024e+03
6.467312e+03 6.439086e+03 6.330376e+03 6.576023e+03
6.456553e+03 6.439211e+03 6.347320e+03 6.548444e+03
6.395452e+03 6.439318e+03 6.373500e+03 6.461269e+03
6.321958e+03 6.439410e+03 6.403052e+03 6.358316e+03
6.333935e+03 6.439487e+03 6.430442e+03 6.342980e+03
6.288111e+03 6.439552e+03 6.452591e+03 6.275071e+03
6.307380e+03 6.439606e+03 6.468737e+03 6.278248e+03
6.257975e+03 6.439649e+03 6.479474e+03 6.218150e+03
6.403746e+03 6.439681e+03 6.485892e+03 6.357535e+03
6.623952e+03 6.439702e+03 6.489089e+03 6.574565e+03
6.467371e+03 6.439713e+03 6.489997e+03 6.417086e+03
6.543284e+03 6.439712e+03 6.489357e+03 6.493639e+03
6.617314e+03 6.439700e+03 6.487752e+03 6.569261e+03
6.608920e+03 6.439677e+03 6.485638e+03 6.562959e+03
6.416826e+03 6.439643e+03 6.483354e+03 6.373115e+03
6.504639e+03 6.439597e+03 6.481140e+03 6.463096e+03
6.716651e+03 6.439541e+03 6.479144e+03 6.677048e+03
6.496599e+03 6.439473e+03 6.477438e+03 6.458634e+03
6.586095e+03 6.439394e+03 6.476046e+03 6.549443e+03
6.481983e+03 6.439304e+03 6.474270e+03 6.447017e+03
6.511397e+03 6.439204e+03 6.467554e+03 6.483047e+03
6.516801e+03 6.439092e+03 6.451242e+03 6.504651e+03
6.419372e+03 6.438969e+03 6.426622e+03 6.431720e+03
6.375440e+03 6.438835e+03 6.399101e+03 6.415174e+03
6.293735e+03 6.438691e+03 6.373873e+03 6.358554e+03
6.192558e+03 6.438536e+03 6.353781e+03 6.277313e+03
6.258864e+03 6.438370e+03 6.339439e+03 6.357795e+03
6.343490e+03 6.438193e+03 6.330179e+03 6.451504e+03
6.238848e+03 6.438006e+03 6.324886e+03 6.351968e+03
6.360645e+03 6.437809e+03 6.323161e+03 6.475293e+03
6.403759e+03 6.437601e+03 6.328629e+03 6.512731e+03
6.345405e+03 6.437383e+03 6.345204e+03 6.437584e+03
6.396902e+03 6.437154e+03 6.371015e+03 6.463041e+03
6.405815e+03 6.436916e+03 6.400200e+03 6.442531e+03
6.411735e+03 6.436667e+03 6.427226e+03 6.421176e+03
6.421138e+03 6.436409e+03 6.449010e+03 6.408537e+03
6.367998e+03 6.436141e+03 6.464790e+03 6.339348e+03
6.553898e+03 6.435863e+03 6.475164e+03 6.514596e+03
6.515476e+03 6.435575e+03 6.481221e+03 6.469830e+03
6.604474e+03 6.435278e+03 6.484061e+03 6.555691e+03
6.565563e+03 6.434971e+03 6.484613e+03 6.515921e+03
6.608922e+03 6.434655e+03 6.483620e+03 6.559956e+03
6.570289e+03 6.434329e+03 6.481666e+03 6.522952e+03
6.657744e+03 6.433994e+03 6.479205e+03 6.612533e+03
6.566455e+03 6.433650e+03 6.476579e+03 6.523527e+03
6.667073e+03 6.433297e+03 6.474025e+03 6.626346e+03
6.568106e+03 6.432935e+03 6.471691e+03 6.529350e+03
6.567060e+03 6.432564e+03 6.469663e+03 6.529961e+03
6.579988e+03 6.432193e+03 6.470876e+03 6.541306e+03
6.594654e+03 6.434220e+03 6.495205e+03 6.533669e+03
6.732410e+03 6.453423e+03 6.569556e+03 6.616277e+03
6.798075e+03 6.504452e+03 6.682105e+03 6.620422e+03
6.767412e+03 6.582544e+03 6.789500e+03 6.560456e+03
6.725642e+03 6.669895e+03 6.862548e+03 6.532989e+03
6.934828e+03 6.749707e+03 6.898080e+03 6.786456e+03
6.710892e+03 6.812888e+03 6.906747e+03 6.617034e+03
6.773429e+03 6.857544e+03 6.900694e+03 6.730278e+03
6.885354e+03 6.885869e+03 6.888325e+03 6.882899e+03
6.916234e+03 6.901425e+03 6.871160e+03 6.946499e+03
6.894679e+03 6.905273e+03 6.831246e+03 6.968706e+03
6.944792e+03 6.885482e+03 6.742454e+03 7.087820e+03
6.767664e+03 6.829627e+03 6.616998e+03 6.980293e+03
6.688899e+03 6.744186e+03 6.498489e+03 6.934596e+03
6.480862e+03 6.648285e+03 6.416261e+03 6.712886e+03
6.304619e+03 6.559702e+03 6.373468e+03 6.490854e+03
6.134728e+03 6.488209e+03 6.359290e+03 6.263647e+03
6.142185e+03 6.436108e+03 6.361297e+03 6.216995e+03
6.135368e+03 6.401388e+03 6.370740e+03 6.166015e+03
6.287272e+03 6.380500e+03 6.382853e+03 6.284919e+03
6.402749e+03 6.369895e+03 6.395410e+03 6.377234e+03
6.449421e+03 6.366577e+03 6.407377e+03 6.408621e+03
6.474286e+03 6.368159e+03 6.418163e+03 6.424281e+03
6.490797e+03 6.372763e+03 6.427363e+03 6.436197e+03
6.516489e+03 6.378931e+03 6.434736e+03 6.460684e+03
6.403224e+03 6.385567e+03 6.440232e+03 6.348559e+03
6.458167e+03 6.391908e+03 6.443986e+03 6.406089e+03
6.418181e+03 6.397482e+03 6.446258e+03 6.369406e+03
6.530941e+03 6.402059e+03 6.447373e+03 6.485627e+03
6.490879e+03 6.405587e+03 6.447659e+03 6.448807e+03
6.303687e+03 6.408135e+03 6.446716e+03 6.265106e+03
6.341256e+03 6.409835e+03 6.440247e+03 6.310844e+03
6.235989e+03 6.410846e+03 6.423796e+03 6.223040e+03
6.294819e+03 6.411321e+03 6.398797e+03 6.307343e+03
6.332012e+03 6.411394e+03 6.370760e+03 6.372646e+03
6.343214e+03 6.411176e+03 6.344908e+03 6.409482e+03
6.222370e+03 6.410750e+03 6.324149e+03 6.308970e+03
6.206700e+03 6.410176e+03 6.309144e+03 6.307732e+03
6.234012e+03 6.409500e+03 6.299209e+03 6.344303e+03
6.216906e+03 6.408751e+03 6.293235e+03 6.332423e+03
6.298695e+03 6.407949e+03 6.290823e+03 6.415821e+03
6.380186e+03 6.407106e+03 6.295600e+03 6.491692e+03
6.309051e+03 6.406230e+03 6.311482e+03 6.403799e+03
6.394602e+03 6.405325e+03 6.336596e+03 6.463331e+03
6.437339e+03 6.404394e+03 6.365075e+03 6.476658e+03
6.278547e+03 6.403436e+03 6.391382e+03 6.290601e+03
6.319151e+03 6.402453e+03 6.412432e+03 6.309172e+03
6.453567e+03 6.401446e+03 6.427462e+03 6.427551e+03
6.495925e+03 6.400413e+03 6.437064e+03 6.459273e+03
6.513827e+03 6.399354e+03 6.442329e+03 6.470852e+03
6.411546e+03 6.398268e+03 6.444354e+03 6.365460e+03
6.473516e+03 6.397154e+03 6.444071e+03 6.426599e+03
6.378670e+03 6.396011e+03 6.442220e+03 6.332461e+03
6.245711e+03 6.394838e+03 6.439386e+03 6.201163e+03
6.331267e+03 6.393634e+03 6.436021e+03 6.288880e+03
6.351717e+03 6.392398e+03 6.432466e+03 6.311648e+03
6.458097e+03 6.391128e+03 6.428959e+03 6.420266e+03
6.381203e+03 6.389824e+03 6.425647e+03 6.345381e+03
6.443420e+03 6.388485e+03 6.422612e+03 6.409292e+03
6.515586e+03 6.387118e+03 6.422791e+03 6.479913e+03
6.508051e+03 6.388120e+03 6.446054e+03 6.450117e+03
6.614242e+03 6.406267e+03 6.519297e+03 6.501213e+03
6.644798e+03 6.456200e+03 6.630668e+03 6.470330e+03
6.810735e+03 6.533137e+03 6.736790e+03 6.607081e+03
6.812547e+03 6.619256e+03 6.808466e+03 6.623337e+03
6.808964e+03 6.697753e+03 6.842539e+03 6.664178e+03
6.719258e+03 6.759531e+03 6.849673e+03 6.629116e+03
6.823214e+03 6.802701e+03 6.842029e+03 6.783886e+03
6.655254e+03 6.829464e+03 6.828020e+03 6.656698e+03
6.743417e+03 6.843388e+03 6.810518e+03 6.776287e+03
6.592486e+03 6.845539e+03 6.798608e+03 6.639417e+03
