6.925981e+03 6.671591e+03 6.766178e+03 6.831394e+03
6.818524e+03 6.671633e+03 6.766801e+03 6.723355e+03
6.800519e+03 6.671681e+03 6.767369e+03 6.704831e+03
6.727877e+03 6.671736e+03 6.767914e+03 6.631699e+03
6.697646e+03 6.671799e+03 6.767326e+03 6.602119e+03
6.697957e+03 6.671869e+03 6.758200e+03 6.611626e+03
6.650891e+03 6.671947e+03 6.731342e+03 6.591496e+03
6.718629e+03 6.672034e+03 6.692290e+03 6.698372e+03
6.679222e+03 6.672130e+03 6.657190e+03 6.694161e+03
6.626177e+03 6.672235e+03 6.635855e+03 6.662557e+03
6.655629e+03 6.672348e+03 6.628268e+03 6.699709e+03
6.637277e+03 6.672469e+03 6.629710e+03 6.680036e+03
6.644777e+03 6.672597e+03 6.635414e+03 6.681959e+03
6.648720e+03 6.672729e+03 6.642331e+03 6.679118e+03
6.634859e+03 6.672867e+03 6.649026e+03 6.658699e+03
6.634125e+03 6.673008e+03 6.655007e+03 6.652127e+03
6.636974e+03 6.673153e+03 6.660168e+03 6.649960e+03
6.701978e+03 6.673302e+03 6.664502e+03 6.710778e+03
6.677436e+03 6.673454e+03 6.668016e+03 6.682874e+03
6.686239e+03 6.673608e+03 6.670736e+03 6.689111e+03
6.711751e+03 6.673765e+03 6.672725e+03 6.712791e+03
6.711413e+03 6.673924e+03 6.674087e+03 6.711250e+03
6.708112e+03 6.674085e+03 6.674953e+03 6.707245e+03
6.711464e+03 6.674248e+03 6.675457e+03 6.710255e+03
6.692550e+03 6.674415e+03 6.675671e+03 6.691295e+03
6.702842e+03 6.675183e+03 6.675141e+03 6.702883e+03
6.654654e+03 6.680228e+03 6.672241e+03 6.662641e+03
6.662784e+03 6.693197e+03 6.666014e+03 6.689967e+03
6.693787e+03 6.712905e+03 6.657647e+03 6.749046e+03
6.642628e+03 6.734923e+03 6.649138e+03 6.728413e+03
6.657938e+03 6.755070e+03 6.641933e+03 6.771075e+03
6.631957e+03 6.771083e+03 6.636593e+03 6.766447e+03
6.627473e+03 6.782489e+03 6.633055e+03 6.776907e+03
6.602093e+03 6.789834e+03 6.630985e+03 6.760943e+03
6.637269e+03 6.794003e+03 6.630057e+03 6.801215e+03
6.630742e+03 6.795259e+03 6.630496e+03 6.795505e+03
6.652551e+03 6.790620e+03 6.633757e+03 6.809414e+03
6.655598e+03 6.777010e+03 6.640648e+03 6.791959e+03
6.667667e+03 6.756039e+03 6.649855e+03 6.773851e+03
6.688484e+03 6.732467e+03 6.659277e+03 6.761673e+03
6.662275e+03 6.710716e+03 6.667390e+03 6.705601e+03
6.650776e+03 6.693218e+03 6.673581e+03 6.670413e+03
6.689635e+03 6.680545e+03 6.677879e+03 6.692301e+03
6.660086e+03 6.672197e+03 6.680604e+03 6.651679e+03
6.669011e+03 6.667290e+03 6.682135e+03 6.654165e+03
6.694431e+03 6.664942e+03 6.682805e+03 6.676568e+03
6.657101e+03 6.664407e+03 6.682878e+03 6.638630e+03
6.647664e+03 6.665091e+03 6.682564e+03 6.630192e+03
6.696278e+03 6.666527e+03 6.682024e+03 6.680781e+03
6.685370e+03 6.668352e+03 6.681383e+03 6.672339e+03
6.658737e+03 6.670294e+03 6.680733e+03 6.648297e+03
6.673341e+03 6.672161e+03 6.680135e+03 6.665367e+03
6.663992e+03 6.673838e+03 6.679623e+03 6.658207e+03
6.641605e+03 6.675266e+03 6.679211e+03 6.637660e+03
6.714405e+03 6.676432e+03 6.678901e+03 6.711937e+03
6.677791e+03 6.677190e+03 6.679040e+03 6.675941e+03
6.659288e+03 6.676556e+03 6.681722e+03 6.654122e+03
6.675556e+03 6.673565e+03 6.688990e+03 6.660130e+03
6.698606e+03 6.668581e+03 6.700117e+03 6.667070e+03
6.701608e+03 6.662861e+03 6.712552e+03 6.651917e+03
6.716022e+03 6.657586e+03 6.723911e+03 6.649696e+03
6.740240e+03 6.653400e+03 6.732914e+03 6.660726e+03
6.729054e+03 6.650450e+03 6.739300e+03 6.640203e+03
6.779647e+03 6.648595e+03 6.743383e+03 6.684859e+03
6.725611e+03 6.647598e+03 6.745664e+03 6.627545e+03
6.735249e+03 6.647392e+03 6.746276e+03 6.636366e+03
6.717329e+03 6.648799e+03 6.743510e+03 6.622619e+03
6.711495e+03 6.652675e+03 6.735622e+03 6.628548e+03
6.679551e+03 6.658574e+03 6.723567e+03 6.614558e+03
6.682210e+03 6.665186e+03 6.710071e+03 6.637325e+03
6.664237e+03 6.671290e+03 6.697646e+03 6.637881e+03
6.656836e+03 6.676215e+03 6.687661e+03 6.645390e+03
6.673664e+03 6.679803e+03 6.680429e+03 6.673037e+03
6.630871e+03 6.682193e+03 6.675660e+03 6.637404e+03
6.665601e+03 6.683629e+03 6.672847e+03 6.676383e+03
6.704132e+03 6.684353e+03 6.671487e+03 6.716997e+03
6.654306e+03 6.684572e+03 6.671158e+03 6.667720e+03
6.627891e+03 6.684450e+03 6.671522e+03 6.640819e+03
6.654992e+03 6.684115e+03 6.672313e+03 6.666794e+03
6.619314e+03 6.683668e+03 6.673325e+03 6.629656e+03
6.636676e+03 6.683183e+03 6.674405e+03 6.645455e+03
6.659864e+03 6.682714e+03 6.675443e+03 6.667134e+03
6.646792e+03 6.682292e+03 6.676375e+03 6.652708e+03
6.686737e+03 6.681934e+03 6.677168e+03 6.691503e+03
6.676916e+03 6.681642e+03 6.677820e+03 6.680738e+03
6.667830e+03 6.681247e+03 6.678696e+03 6.670382e+03
6.695400e+03 6.679726e+03 6.681926e+03 6.693200e+03
6.728798e+03 6.676061e+03 6.689590e+03 6.715269e+03
6.667408e+03 6.670569e+03 6.700997e+03 6.636981e+03
6.718074e+03 6.664463e+03 6.713627e+03 6.668910e+03
6.690118e+03 6.658889e+03 6.725122e+03 6.623886e+03
6.703098e+03 6.654466e+03 6.734221e+03 6.623344e+03
6.750467e+03 6.651319e+03 6.740676e+03 6.661111e+03
6.767551e+03 6.649295e+03 6.744811e+03 6.672035e+03
6.727052e+03 6.648147e+03 6.747134e+03 6.628065e+03
6.781768e+03 6.647800e+03 6.747782e+03 6.681787e+03
6.743820e+03 6.649074e+03 6.745048e+03 6.647847e+03
6.731943e+03 6.652821e+03 6.737191e+03 6.647573e+03
6.786359e+03 6.658595e+03 6.725167e+03 6.719786e+03
6.774594e+03 6.665083e+03 6.711703e+03 6.727975e+03
6.722211e+03 6.671065e+03 6.699309e+03 6.693967e+03
6.751479e+03 6.675870e+03 6.689356e+03 6.737993e+03
6.728488e+03 6.679339e+03 6.682157e+03 6.725671e+03
6.746159e+03 6.681611e+03 6.677420e+03 6.750350e+03
6.729420e+03 6.682929e+03 6.674641e+03 6.737707e+03
6.686458e+03 6.683537e+03 6.673317e+03 6.696678e+03
6.643432e+03 6.683640e+03 6.673023e+03 6.654050e+03
6.683676e+03 6.683404e+03 6.673422e+03 6.693658e+03
6.659396e+03 6.682956e+03 6.674249e+03 6.668103e+03
6.696508e+03 6.682396e+03 6.675298e+03 6.703606e+03
6.711112e+03 6.681801e+03 6.676414e+03 6.716499e+03
6.712361e+03 6.681222e+03 6.677490e+03 6.716093e+03
6.663523e+03 6.680691e+03 6.678459e+03 6.665755e+03
6.688772e+03 6.680226e+03 6.679289e+03 6.689708e+03
6.654166e+03 6.679830e+03 6.679921e+03 6.654075e+03
6.681729e+03 6.680097e+03 6.679813e+03 6.682013e+03
6.666838e+03 6.684695e+03 6.677288e+03 6.674244e+03
6.661846e+03 6.697256e+03 6.671366e+03 6.687736e+03
6.650714e+03 6.716585e+03 6.663230e+03 6.704070e+03
6.657209e+03 6.738244e+03 6.654886e+03 6.740568e+03
6.675602e+03 6.758046e+03 6.647792e+03 6.785856e+03
6.662039e+03 6.773723e+03 6.642522e+03 6.793240e+03
6.640542e+03 6.784798e+03 6.639026e+03 6.786314e+03
6.639226e+03 6.791816e+03 6.636979e+03 6.794064e+03
6.655405e+03 6.795660e+03 6.636064e+03 6.815000e+03
6.634961e+03 6.796593e+03 6.636515e+03 6.795039e+03
6.658903e+03 6.791646e+03 6.639782e+03 6.810766e+03
6.602611e+03 6.777725e+03 6.646676e+03 6.733660e+03
6.656123e+03 6.756444e+03 6.655889e+03 6.756678e+03
6.641181e+03 6.732560e+03 6.665322e+03 6.708419e+03
6.657248e+03 6.710497e+03 6.673452e+03 6.694293e+03
6.686285e+03 6.692686e+03 6.679664e+03 6.699307e+03
6.704738e+03 6.679698e+03 6.683987e+03 6.700449e+03
6.687596e+03 6.671035e+03 6.686744e+03 6.671887e+03
6.702682e+03 6.665813e+03 6.688312e+03 6.680183e+03
6.715865e+03 6.663148e+03 6.689022e+03 6.689991e+03
6.684010e+03 6.662297e+03 6.689142e+03 6.657164e+03
6.649753e+03 6.662664e+03 6.688879e+03 6.623538e+03
6.616503e+03 6.663782e+03 6.688394e+03 6.591891e+03
6.634013e+03 6.665289e+03 6.687813e+03 6.611490e+03
6.691050e+03 6.666913e+03 6.687227e+03 6.670736e+03
6.690289e+03 6.668462e+03 6.686697e+03 6.672055e+03
6.736908e+03 6.669820e+03 6.686257e+03 6.720471e+03
6.762196e+03 6.670930e+03 6.685920e+03 6.747206e+03
6.696344e+03 6.671777e+03 6.685689e+03 6.682432e+03
6.680479e+03 6.672215e+03 6.685910e+03 6.666785e+03
6.715119e+03 6.671262e+03 6.688679e+03 6.697703e+03
6.696817e+03 6.667951e+03 6.696036e+03 6.668732e+03
6.754194e+03 6.662648e+03 6.707256e+03 6.709586e+03
6.743515e+03 6.656608e+03 6.719786e+03 6.680336e+03
6.744368e+03 6.651012e+03 6.731222e+03 6.664158e+03
6.744920e+03 6.646504e+03 6.740293e+03 6.651130e+03
6.737078e+03 6.643230e+03 6.746770e+03 6.633537e+03
6.737014e+03 6.641050e+03 6.750946e+03 6.627118e+03
6.775171e+03 6.639728e+03 6.753323e+03 6.661576e+03
6.750417e+03 6.639195e+03 6.754032e+03 6.635580e+03
6.760814e+03 6.640274e+03 6.751368e+03 6.649720e+03
6.754879e+03 6.643820e+03 6.743589e+03 6.655110e+03
6.707425e+03 6.649388e+03 6.731653e+03 6.625161e+03
6.691358e+03 6.655667e+03 6.718286e+03 6.628739e+03
6.659005e+03 6.661435e+03 6.706000e+03 6.614440e+03
6.691120e+03 6.666022e+03 6.696159e+03 6.660982e+03
6.690541e+03 6.669270e+03 6.689077e+03 6.670734e+03
6.708815e+03 6.671317e+03 6.684460e+03 6.695672e+03
6.691999e+03 6.672406e+03 6.681803e+03 6.682603e+03
6.654767e+03 6.672781e+03 6.680602e+03 6.646945e+03
6.695308e+03 6.672647e+03 6.680435e+03 6.687520e+03
6.652194e+03 6.672168e+03 6.680963e+03 6.643399e+03
6.624077e+03 6.671472e+03 6.681921e+03 6.613627e+03
6.698846e+03 6.670659e+03 6.683104e+03 6.686400e+03
6.667458e+03 6.669804e+03 6.684358e+03 6.652903e+03
6.686424e+03 6.668959e+03 6.685576e+03 6.669807e+03
6.672584e+03 6.668156e+03 6.686690e+03 6.654050e+03
6.680927e+03 6.667411e+03 6.687670e+03 6.660668e+03
6.681684e+03 6.666729e+03 6.688456e+03 6.659957e+03
6.663199e+03 6.666702e+03 6.688508e+03 6.641393e+03
6.702637e+03 6.670996e+03 6.686148e+03 6.687485e+03
6.693840e+03 6.683243e+03 6.680398e+03 6.696685e+03
6.688349e+03 6.702244e+03 6.672443e+03 6.718150e+03
6.652958e+03 6.723554e+03 6.664290e+03 6.712221e+03
6.597384e+03 6.742985e+03 6.657400e+03 6.682970e+03
6.640340e+03 6.758268e+03 6.652344e+03 6.746264e+03
6.644037e+03 6.768928e+03 6.649073e+03 6.763892e+03
6.625004e+03 6.775511e+03 6.647266e+03 6.753249e+03
6.656067e+03 6.778901e+03 6.647716e+03 6.787252e+03
6.623571e+03 6.779363e+03 6.649602e+03 6.753332e+03
