8.804456e+03 8.504983e+03 8.640993e+03 8.668445e+03
8.651687e+03 8.504746e+03 8.641632e+03 8.514800e+03
8.647063e+03 8.504511e+03 8.642232e+03 8.509341e+03
8.618251e+03 8.504281e+03 8.642812e+03 8.479720e+03
8.579447e+03 8.504060e+03 8.642383e+03 8.441124e+03
8.578176e+03 8.504367e+03 8.634144e+03 8.448399e+03
8.543639e+03 8.508388e+03 8.608588e+03 8.443439e+03
8.583282e+03 8.519287e+03 8.569320e+03 8.533248e+03
8.554615e+03 8.536037e+03 8.531125e+03 8.559528e+03
8.502211e+03 8.554805e+03 8.504332e+03 8.552683e+03
8.498763e+03 8.571967e+03 8.490439e+03 8.580291e+03
8.501611e+03 8.585562e+03 8.486070e+03 8.601104e+03
8.498643e+03 8.595179e+03 8.487156e+03 8.606666e+03
8.493563e+03 8.601287e+03 8.490789e+03 8.604060e+03
8.464072e+03 8.604655e+03 8.495373e+03 8.573354e+03
8.461600e+03 8.606025e+03 8.500159e+03 8.567467e+03
8.435716e+03 8.606012e+03 8.504796e+03 8.536933e+03
8.497746e+03 8.605094e+03 8.509078e+03 8.593762e+03
8.492509e+03 8.603639e+03 8.512857e+03 8.583291e+03
8.484841e+03 8.601933e+03 8.516036e+03 8.570738e+03
8.537382e+03 8.600186e+03 8.518584e+03 8.618984e+03
8.564362e+03 8.598546e+03 8.520532e+03 8.642376e+03
8.542669e+03 8.597099e+03 8.521959e+03 8.617809e+03
8.577111e+03 8.595886e+03 8.522970e+03 8.650026e+03
8.576345e+03 8.594908e+03 8.524036e+03 8.647217e+03
8.573782e+03 8.593631e+03 8.527821e+03 8.639592e+03
8.576605e+03 8.588837e+03 8.538325e+03 8.627117e+03
8.583798e+03 8.577332e+03 8.554708e+03 8.606422e+03
8.634858e+03 8.560108e+03 8.571436e+03 8.623530e+03
8.636939e+03 8.540970e+03 8.584215e+03 8.593694e+03
8.608480e+03 8.523516e+03 8.592017e+03 8.539979e+03
8.608964e+03 8.509686e+03 8.595823e+03 8.522827e+03
8.555275e+03 8.499876e+03 8.597074e+03 8.458077e+03
8.569478e+03 8.493603e+03 8.596903e+03 8.466178e+03
8.575863e+03 8.490094e+03 8.595636e+03 8.470321e+03
8.556352e+03 8.489117e+03 8.591073e+03 8.454396e+03
8.574180e+03 8.493245e+03 8.579506e+03 8.487919e+03
8.551750e+03 8.505148e+03 8.561990e+03 8.494908e+03
8.536345e+03 8.523427e+03 8.544189e+03 8.515583e+03
8.583439e+03 8.543962e+03 8.530491e+03 8.596910e+03
8.536396e+03 8.562919e+03 8.521977e+03 8.577338e+03
8.523255e+03 8.578195e+03 8.517681e+03 8.583769e+03
8.517865e+03 8.589291e+03 8.516146e+03 8.591010e+03
8.518125e+03 8.596641e+03 8.516205e+03 8.598561e+03
8.496083e+03 8.601010e+03 8.517130e+03 8.579964e+03
8.506829e+03 8.603162e+03 8.518504e+03 8.591487e+03
8.512545e+03 8.603744e+03 8.520085e+03 8.596203e+03
8.505298e+03 8.603268e+03 8.521707e+03 8.586858e+03
8.529243e+03 8.602139e+03 8.523245e+03 8.608137e+03
8.541746e+03 8.600672e+03 8.524615e+03 8.617803e+03
8.511672e+03 8.599103e+03 8.525768e+03 8.585006e+03
8.493281e+03 8.597595e+03 8.526691e+03 8.564185e+03
8.476883e+03 8.596251e+03 8.527398e+03 8.545736e+03
8.492458e+03 8.595120e+03 8.527922e+03 8.559655e+03
8.531880e+03 8.594210e+03 8.528509e+03 8.597581e+03
8.540089e+03 8.592861e+03 8.531005e+03 8.601945e+03
8.530890e+03 8.587060e+03 8.539833e+03 8.578116e+03
8.592517e+03 8.572826e+03 8.556654e+03 8.608689e+03
8.617542e+03 8.551409e+03 8.577626e+03 8.591326e+03
8.621716e+03 8.527579e+03 8.597705e+03 8.551589e+03
8.613944e+03 8.505837e+03 8.613851e+03 8.505930e+03
8.643130e+03 8.488616e+03 8.625290e+03 8.506455e+03
8.645903e+03 8.476414e+03 8.632565e+03 8.489751e+03
8.690755e+03 8.468628e+03 8.636642e+03 8.522741e+03
8.655165e+03 8.464294e+03 8.638229e+03 8.481230e+03
8.661692e+03 8.463120e+03 8.636238e+03 8.488573e+03
8.621100e+03 8.468318e+03 8.626816e+03 8.462602e+03
8.595559e+03 8.483236e+03 8.608733e+03 8.470063e+03
8.565136e+03 8.506127e+03 8.586159e+03 8.485104e+03
8.538367e+03 8.531835e+03 8.564386e+03 8.505816e+03
8.489625e+03 8.555569e+03 8.546630e+03 8.498563e+03
8.504053e+03 8.574695e+03 8.533774e+03 8.544974e+03
8.488792e+03 8.588593e+03 8.525327e+03 8.552058e+03
8.445654e+03 8.597803e+03 8.520332e+03 8.523125e+03
8.459556e+03 8.603283e+03 8.517856e+03 8.544983e+03
8.500187e+03 8.605990e+03 8.517144e+03 8.589032e+03
8.512486e+03 8.606729e+03 8.517619e+03 8.601596e+03
8.504203e+03 8.606145e+03 8.518837e+03 8.591510e+03
8.523101e+03 8.604743e+03 8.520454e+03 8.607390e+03
8.484350e+03 8.602916e+03 8.522206e+03 8.565060e+03
8.452357e+03 8.600961e+03 8.523906e+03 8.529411e+03
8.511253e+03 8.599081e+03 8.525436e+03 8.584898e+03
8.518394e+03 8.597404e+03 8.526734e+03 8.589064e+03
8.535401e+03 8.595993e+03 8.527786e+03 8.603608e+03
8.555033e+03 8.594859e+03 8.528812e+03 8.621080e+03
8.568270e+03 8.593336e+03 8.531654e+03 8.629951e+03
8.585239e+03 8.587406e+03 8.540740e+03 8.631905e+03
8.590522e+03 8.573078e+03 8.557742e+03 8.605858e+03
8.567611e+03 8.551596e+03 8.578834e+03 8.540372e+03
8.574616e+03 8.527720e+03 8.598987e+03 8.503349e+03
8.566732e+03 8.505947e+03 8.615171e+03 8.457508e+03
8.583835e+03 8.488705e+03 8.626625e+03 8.445915e+03
8.617467e+03 8.476488e+03 8.633898e+03 8.460056e+03
8.613693e+03 8.468692e+03 8.637963e+03 8.444422e+03
8.632738e+03 8.464350e+03 8.639531e+03 8.457557e+03
8.636064e+03 8.463169e+03 8.637518e+03 8.461716e+03
8.652974e+03 8.468362e+03 8.628072e+03 8.493265e+03
8.645992e+03 8.483276e+03 8.609963e+03 8.519305e+03
8.644157e+03 8.506162e+03 8.587365e+03 8.562955e+03
8.625277e+03 8.531866e+03 8.565568e+03 8.591575e+03
8.577605e+03 8.555595e+03 8.547789e+03 8.585412e+03
8.576422e+03 8.574718e+03 8.534910e+03 8.616229e+03
8.597100e+03 8.588611e+03 8.526441e+03 8.659270e+03
8.609775e+03 8.597818e+03 8.521426e+03 8.686167e+03
8.583482e+03 8.603294e+03 8.518930e+03 8.667847e+03
8.534185e+03 8.605997e+03 8.518199e+03 8.621983e+03
8.513542e+03 8.606733e+03 8.518656e+03 8.601619e+03
8.498225e+03 8.606145e+03 8.519856e+03 8.584514e+03
8.524410e+03 8.604741e+03 8.521455e+03 8.607696e+03
8.551053e+03 8.602912e+03 8.523191e+03 8.630773e+03
8.563044e+03 8.600953e+03 8.524876e+03 8.639122e+03
8.549821e+03 8.599072e+03 8.526390e+03 8.622503e+03
8.532193e+03 8.597394e+03 8.527673e+03 8.601914e+03
8.511999e+03 8.595982e+03 8.528710e+03 8.579270e+03
8.532536e+03 8.594847e+03 8.529880e+03 8.597503e+03
8.545332e+03 8.593454e+03 8.533779e+03 8.605006e+03
8.531315e+03 8.588583e+03 8.544371e+03 8.575527e+03
8.565101e+03 8.577035e+03 8.560796e+03 8.581340e+03
8.556177e+03 8.559795e+03 8.577515e+03 8.538457e+03
8.581817e+03 8.540662e+03 8.590241e+03 8.532238e+03
8.591480e+03 8.523226e+03 8.597954e+03 8.516753e+03
8.581949e+03 8.509424e+03 8.601644e+03 8.489730e+03
8.616391e+03 8.499648e+03 8.602761e+03 8.513278e+03
8.596256e+03 8.493412e+03 8.602445e+03 8.487223e+03
8.614550e+03 8.489941e+03 8.601029e+03 8.503462e+03
8.612083e+03 8.489000e+03 8.596325e+03 8.504759e+03
8.612155e+03 8.493158e+03 8.584623e+03 8.520690e+03
8.588442e+03 8.505089e+03 8.566962e+03 8.526569e+03
8.564879e+03 8.523396e+03 8.549020e+03 8.539255e+03
8.525046e+03 8.543957e+03 8.535184e+03 8.533819e+03
8.513033e+03 8.562941e+03 8.526537e+03 8.549437e+03
8.536112e+03 8.578241e+03 8.522111e+03 8.592242e+03
8.555225e+03 8.589363e+03 8.520451e+03 8.624136e+03
8.548261e+03 8.596737e+03 8.520389e+03 8.624609e+03
8.571900e+03 8.601130e+03 8.521197e+03 8.651834e+03
8.579391e+03 8.603306e+03 8.522458e+03 8.660239e+03
8.541210e+03 8.603911e+03 8.523930e+03 8.621191e+03
8.509418e+03 8.603458e+03 8.525445e+03 8.587432e+03
8.444955e+03 8.602354e+03 8.526881e+03 8.520428e+03
8.431524e+03 8.600911e+03 8.528151e+03 8.504285e+03
8.489596e+03 8.599366e+03 8.529207e+03 8.559755e+03
8.506544e+03 8.597883e+03 8.530036e+03 8.574392e+03
8.545066e+03 8.596565e+03 8.530651e+03 8.610980e+03
8.582027e+03 8.595460e+03 8.531087e+03 8.646400e+03
8.558506e+03 8.594578e+03 8.531587e+03 8.621497e+03
8.533151e+03 8.593256e+03 8.533998e+03 8.592410e+03
8.552639e+03 8.587485e+03 8.542743e+03 8.597381e+03
8.571754e+03 8.573281e+03 8.559483e+03 8.585552e+03
8.606940e+03 8.551896e+03 8.580376e+03 8.578461e+03
8.612619e+03 8.528099e+03 8.600377e+03 8.540340e+03
8.607606e+03 8.506391e+03 8.616428e+03 8.497569e+03
8.626989e+03 8.489213e+03 8.627760e+03 8.488442e+03
8.611563e+03 8.477056e+03 8.634946e+03 8.453674e+03
8.591927e+03 8.469318e+03 8.638933e+03 8.422313e+03
8.626766e+03 8.465034e+03 8.640430e+03 8.451370e+03
8.614859e+03 8.463912e+03 8.638349e+03 8.440423e+03
8.602294e+03 8.469166e+03 8.628838e+03 8.442623e+03
8.626804e+03 8.484142e+03 8.610669e+03 8.500277e+03
8.581143e+03 8.507090e+03 8.588018e+03 8.500216e+03
8.534824e+03 8.532856e+03 8.566176e+03 8.501505e+03
8.532464e+03 8.556647e+03 8.548357e+03 8.540754e+03
8.531030e+03 8.575829e+03 8.535442e+03 8.571416e+03
8.512200e+03 8.589782e+03 8.526939e+03 8.575042e+03
8.516503e+03 8.599048e+03 8.521890e+03 8.593661e+03
8.536656e+03 8.604584e+03 8.519359e+03 8.621881e+03
8.521294e+03 8.607347e+03 8.518592e+03 8.610049e+03
8.498485e+03 8.608146e+03 8.519011e+03 8.587621e+03
8.508975e+03 8.607624e+03 8.520172e+03 8.596427e+03
8.484002e+03 8.606287e+03 8.521731e+03 8.568558e+03
8.505033e+03 8.604529e+03 8.523424e+03 8.586138e+03
8.483266e+03 8.602644e+03 8.525064e+03 8.560845e+03
8.499854e+03 8.600839e+03 8.526533e+03 8.574160e+03
8.504286e+03 8.599241e+03 8.527768e+03 8.575758e+03
8.512181e+03 8.597911e+03 8.528756e+03 8.581336e+03
8.517273e+03 8.596863e+03 8.529875e+03 8.584260e+03
8.515055e+03 8.595560e+03 8.533723e+03 8.576892e+03
8.547588e+03 8.590782e+03 8.544261e+03 8.594109e+03
8.588607e+03 8.579332e+03 8.560625e+03 8.607314e+03
8.579552e+03 8.562198e+03 8.577275e+03 8.564476e+03
8.608065e+03 8.543184e+03 8.589920e+03 8.561330e+03
8.587451e+03 8.525882e+03 8.597543e+03 8.515790e+03
8.606617e+03 8.512227e+03 8.601136e+03 8.517707e+03
8.596705e+03 8.502610e+03 8.602151e+03 8.497163e+03
8.598323e+03 8.496545e+03 8.601733e+03 8.493134e+03
8.581306e+03 8.493252e+03 8.601205e+03 8.473354e+03
8.563901e+03 8.491980e+03 8.601688e+03 8.454193e+03
