1.045041e+04 9.776331e+03 1.022850e+04 9.998244e+03
1.030699e+04 9.775637e+03 1.023078e+04 9.851847e+03
1.018534e+04 9.774949e+03 1.023294e+04 9.727347e+03
1.021275e+04 9.774276e+03 1.023503e+04 9.751998e+03
1.017928e+04 9.773633e+03 1.023452e+04 9.718401e+03
9.955956e+03 9.774692e+03 1.021351e+04 9.517134e+03
9.963657e+03 9.787742e+03 1.014469e+04 9.606713e+03
1.009554e+04 9.822989e+03 1.003427e+04 9.884262e+03
9.936907e+03 9.877129e+03 9.921035e+03 9.893001e+03
9.972740e+03 9.937779e+03 9.835054e+03 1.007547e+04
9.632217e+03 9.993250e+03 9.783584e+03 9.841883e+03
9.790469e+03 1.003721e+04 9.759845e+03 1.006783e+04
9.765452e+03 1.006832e+04 9.753824e+03 1.007995e+04
9.792370e+03 1.008811e+04 9.757634e+03 1.012285e+04
9.670349e+03 1.009906e+04 9.766462e+03 1.000294e+04
9.682766e+03 1.010355e+04 9.777689e+03 1.000863e+04
9.572616e+03 1.010359e+04 9.789837e+03 9.886366e+03
9.589289e+03 1.010069e+04 9.801925e+03 9.888058e+03
9.718372e+03 1.009607e+04 9.813224e+03 1.000122e+04
9.821907e+03 1.009063e+04 9.823218e+03 1.008932e+04
9.730854e+03 1.008507e+04 9.831625e+03 9.984297e+03
9.819976e+03 1.007984e+04 9.838388e+03 1.006143e+04
9.856055e+03 1.007524e+04 9.843625e+03 1.008767e+04
1.001460e+04 1.007139e+04 9.847569e+03 1.023843e+04
9.930003e+03 1.006830e+04 9.851557e+03 1.014675e+04
9.972024e+03 1.006425e+04 9.862842e+03 1.017343e+04
1.007908e+04 1.004884e+04 9.889731e+03 1.023819e+04
9.903898e+03 1.001177e+04 9.926331e+03 9.989333e+03
1.002649e+04 9.956232e+03 9.957502e+03 1.002522e+04
1.019846e+04 9.894524e+03 9.974809e+03 1.011818e+04
1.021432e+04 9.838246e+03 9.979178e+03 1.007338e+04
9.902443e+03 9.793667e+03 9.975641e+03 9.720469e+03
9.766856e+03 9.762061e+03 9.968892e+03 9.560025e+03
9.832875e+03 9.741872e+03 9.961758e+03 9.612989e+03
9.822645e+03 9.730604e+03 9.954374e+03 9.598874e+03
9.963690e+03 9.727505e+03 9.940025e+03 9.751171e+03
9.744392e+03 9.740886e+03 9.910615e+03 9.574662e+03
9.875583e+03 9.779360e+03 9.872146e+03 9.782796e+03
9.938396e+03 9.838414e+03 9.839758e+03 9.937053e+03
9.871143e+03 9.904745e+03 9.821878e+03 9.954010e+03
9.875520e+03 9.965987e+03 9.817521e+03 1.002399e+04
9.881372e+03 1.001534e+04 9.821561e+03 1.007515e+04
9.950402e+03 1.005121e+04 9.829174e+03 1.017244e+04
9.839153e+03 1.007498e+04 9.837401e+03 1.007673e+04
9.724247e+03 1.008913e+04 9.844927e+03 9.968450e+03
9.867437e+03 1.009612e+04 9.851366e+03 1.011219e+04
9.929825e+03 1.009804e+04 9.856699e+03 1.017117e+04
9.929063e+03 1.009655e+04 9.860999e+03 1.016462e+04
9.857127e+03 1.009295e+04 9.864344e+03 1.008574e+04
9.976095e+03 1.008826e+04 9.866823e+03 1.019753e+04
9.899215e+03 1.008324e+04 9.868549e+03 1.011390e+04
9.852426e+03 1.007841e+04 9.869664e+03 1.006117e+04
1.000527e+04 1.007411e+04 9.870321e+03 1.020906e+04
9.757865e+03 1.007050e+04 9.870669e+03 9.957695e+03
9.845658e+03 1.006760e+04 9.871469e+03 1.004179e+04
9.921354e+03 1.006319e+04 9.878314e+03 1.010623e+04
9.894297e+03 1.004373e+04 9.904474e+03 1.003355e+04
9.913553e+03 9.995814e+03 9.954757e+03 9.954610e+03
1.011670e+04 9.923653e+03 1.001744e+04 1.002291e+04
1.014115e+04 9.843339e+03 1.007732e+04 9.907168e+03
1.022269e+04 9.770059e+03 1.012535e+04 9.867396e+03
1.025119e+04 9.712020e+03 1.015928e+04 9.803923e+03
1.053503e+04 9.670902e+03 1.018080e+04 1.002514e+04
1.035886e+04 9.644677e+03 1.019280e+04 9.810732e+03
1.028538e+04 9.630088e+03 1.019741e+04 9.718065e+03
1.038069e+04 9.626156e+03 1.019125e+04 9.815599e+03
1.012468e+04 9.643714e+03 1.016273e+04 9.605662e+03
1.014740e+04 9.694053e+03 1.010827e+04 9.733183e+03
9.904646e+03 9.771279e+03 1.004056e+04 9.635370e+03
9.784402e+03 9.858005e+03 9.975462e+03 9.666945e+03
9.849499e+03 9.938073e+03 9.922554e+03 9.865018e+03
9.779368e+03 1.000260e+04 9.884372e+03 9.897596e+03
9.863660e+03 1.004949e+04 9.859377e+03 1.005377e+04
9.777756e+03 1.008057e+04 9.844673e+03 1.001366e+04
9.890052e+03 1.009907e+04 9.837457e+03 1.015167e+04
9.981532e+03 1.010822e+04 9.835477e+03 1.025427e+04
9.874586e+03 1.011073e+04 9.837013e+03 1.014830e+04
9.992323e+03 1.010877e+04 9.840746e+03 1.026035e+04
1.002194e+04 1.010406e+04 9.845652e+03 1.028035e+04
9.883593e+03 1.009791e+04 9.850949e+03 1.013056e+04
9.519348e+03 1.009133e+04 9.856082e+03 9.754595e+03
9.744500e+03 1.008500e+04 9.860697e+03 9.968804e+03
9.763905e+03 1.007936e+04 9.864617e+03 9.978646e+03
9.925991e+03 1.007461e+04 9.867799e+03 1.013280e+04
9.965618e+03 1.007079e+04 9.870924e+03 1.016549e+04
9.906595e+03 1.006566e+04 9.879585e+03 1.009267e+04
9.942282e+03 1.004567e+04 9.907104e+03 1.008085e+04
9.923980e+03 9.997359e+03 9.958360e+03 9.962979e+03
9.961141e+03 9.924912e+03 1.002171e+04 9.864344e+03
9.831947e+03 9.844393e+03 1.008204e+04 9.594304e+03
9.870999e+03 9.770965e+03 1.013034e+04 9.511623e+03
9.992310e+03 9.712818e+03 1.016443e+04 9.540695e+03
1.007809e+04 9.671618e+03 1.018603e+04 9.563679e+03
1.021983e+04 9.645329e+03 1.019807e+04 9.667090e+03
1.014679e+04 9.630687e+03 1.020268e+04 9.574804e+03
1.020180e+04 9.626708e+03 1.019651e+04 9.632000e+03
1.026606e+04 9.644224e+03 1.016796e+04 9.742317e+03
1.027039e+04 9.694523e+03 1.011348e+04 9.851430e+03
1.019608e+04 9.771710e+03 1.004574e+04 9.922052e+03
1.019995e+04 9.858399e+03 9.980617e+03 1.007774e+04
1.011220e+04 9.938430e+03 9.927685e+03 1.012295e+04
9.893618e+03 1.000292e+04 9.889482e+03 1.000706e+04
1.007133e+04 1.004978e+04 9.864468e+03 1.025664e+04
9.984999e+03 1.008083e+04 9.849749e+03 1.021608e+04
1.001693e+04 1.009929e+04 9.842522e+03 1.027370e+04
9.882102e+03 1.010840e+04 9.840532e+03 1.014997e+04
9.850068e+03 1.011088e+04 9.842062e+03 1.011889e+04
1.002408e+04 1.010890e+04 9.845792e+03 1.028718e+04
9.892039e+03 1.010415e+04 9.850695e+03 1.014550e+04
9.970368e+03 1.009798e+04 9.855993e+03 1.021235e+04
1.011227e+04 1.009137e+04 9.861128e+03 1.034251e+04
1.001352e+04 1.008501e+04 9.865747e+03 1.023279e+04
9.825954e+03 1.007935e+04 9.869672e+03 1.003563e+04
9.793671e+03 1.007458e+04 9.872862e+03 9.995386e+03
9.890943e+03 1.007074e+04 9.876428e+03 1.008526e+04
9.808708e+03 1.006611e+04 9.887454e+03 9.987366e+03
9.868382e+03 1.005029e+04 9.914130e+03 1.000454e+04
9.889104e+03 1.001294e+04 9.950500e+03 9.951541e+03
9.856258e+03 9.957231e+03 9.981396e+03 9.832093e+03
9.960603e+03 9.895433e+03 9.998378e+03 9.857657e+03
9.863178e+03 9.839123e+03 1.000238e+04 9.699917e+03
9.883955e+03 9.794549e+03 9.998452e+03 9.680052e+03
9.787490e+03 9.762973e+03 9.991293e+03 9.559170e+03
9.952672e+03 9.742828e+03 9.983743e+03 9.711757e+03
1.003033e+04 9.731609e+03 9.975947e+03 9.785992e+03
1.010982e+04 9.728560e+03 9.961223e+03 9.877161e+03
1.007153e+04 9.741966e+03 9.931456e+03 9.882041e+03
1.004546e+04 9.780464e+03 9.892613e+03 9.933314e+03
9.843102e+03 9.839541e+03 9.859867e+03 9.822775e+03
9.807935e+03 9.905893e+03 9.841649e+03 9.872179e+03
9.642893e+03 9.967155e+03 9.836973e+03 9.773075e+03
9.781612e+03 1.001653e+04 9.840710e+03 9.957431e+03
9.970975e+03 1.005241e+04 9.848037e+03 1.017535e+04
9.872216e+03 1.007620e+04 9.855995e+03 1.009242e+04
9.955325e+03 1.009037e+04 9.863268e+03 1.018242e+04
9.931146e+03 1.009737e+04 9.869470e+03 1.015905e+04
9.914068e+03 1.009931e+04 9.874582e+03 1.013880e+04
9.821849e+03 1.009784e+04 9.878676e+03 1.004101e+04
9.727921e+03 1.009426e+04 9.881828e+03 9.940348e+03
9.787915e+03 1.008958e+04 9.884127e+03 9.993371e+03
9.768241e+03 1.008458e+04 9.885685e+03 9.967136e+03
9.843323e+03 1.007978e+04 9.886645e+03 1.003646e+04
1.010051e+04 1.007551e+04 9.887158e+03 1.028886e+04
9.955392e+03 1.007192e+04 9.887374e+03 1.013994e+04
9.872170e+03 1.006906e+04 9.888051e+03 1.005318e+04
9.718875e+03 1.006468e+04 9.894783e+03 9.888774e+03
9.883712e+03 1.004527e+04 9.920841e+03 1.000814e+04
1.003093e+04 9.997399e+03 9.971029e+03 1.005730e+04
1.007056e+04 9.925289e+03 1.003362e+04 9.962226e+03
1.012123e+04 9.845031e+03 1.009343e+04 9.872833e+03
1.016129e+04 9.771813e+03 1.014134e+04 9.791756e+03
1.014575e+04 9.713863e+03 1.017512e+04 9.684489e+03
1.004708e+04 9.672842e+03 1.019653e+04 9.523391e+03
1.012292e+04 9.646722e+03 1.020844e+04 9.561205e+03
1.012059e+04 9.632247e+03 1.021294e+04 9.539900e+03
1.026209e+04 9.628438e+03 1.020669e+04 9.683833e+03
1.024514e+04 9.646128e+03 1.017808e+04 9.713191e+03
9.906716e+03 9.696606e+03 1.012355e+04 9.479771e+03
9.982539e+03 9.773974e+03 1.005578e+04 9.700731e+03
9.798798e+03 9.860842e+03 9.990666e+03 9.668974e+03
9.821465e+03 9.941049e+03 9.937760e+03 9.824754e+03
9.753216e+03 1.000571e+04 9.899599e+03 9.859329e+03
9.823100e+03 1.005274e+04 9.874639e+03 1.000120e+04
9.781024e+03 1.008396e+04 9.859980e+03 1.000500e+04
9.819868e+03 1.010260e+04 9.852817e+03 1.006965e+04
9.708701e+03 1.011188e+04 9.850895e+03 9.969689e+03
9.745465e+03 1.011454e+04 9.852493e+03 1.000751e+04
9.702289e+03 1.011275e+04 9.856292e+03 9.958743e+03
9.671891e+03 1.010820e+04 9.861265e+03 9.918826e+03
9.709387e+03 1.010223e+04 9.866634e+03 9.944986e+03
9.775072e+03 1.009584e+04 9.871840e+03 9.999070e+03
9.915147e+03 1.008971e+04 9.876532e+03 1.012833e+04
9.829377e+03 1.008428e+04 9.880532e+03 1.003313e+04
9.853501e+03 1.007976e+04 9.883800e+03 1.004946e+04
9.915406e+03 1.007618e+04 9.887446e+03 1.010414e+04
1.011624e+04 1.007181e+04 9.898555e+03 1.028950e+04
9.975719e+03 1.005627e+04 9.925315e+03 1.010667e+04
1.001124e+04 1.001921e+04 9.961760e+03 1.006869e+04
1.011304e+04 9.963823e+03 9.992719e+03 1.008414e+04
1.007174e+04 9.902385e+03 1.000975e+04 9.964370e+03
1.009485e+04 9.846479e+03 1.001380e+04 9.927534e+03
1.000050e+04 9.802354e+03 1.000991e+04 9.792944e+03
1.001326e+04 9.771268e+03 1.000280e+04 9.781727e+03
1.008131e+04 9.751648e+03 9.995310e+03 9.837652e+03
1.008278e+04 9.740979e+03 9.990126e+03 9.833632e+03
9.930960e+03 9.736831e+03 9.990891e+03 9.676900e+03
