9.736124e+03 8.716906e+03 9.173424e+03 9.279607e+03
9.369183e+03 8.717360e+03 9.177005e+03 8.909537e+03
9.378105e+03 8.717845e+03 9.180415e+03 8.915536e+03
8.821068e+03 8.718367e+03 9.183724e+03 8.355711e+03
8.855833e+03 8.718927e+03 9.186544e+03 8.388216e+03
8.922701e+03 8.719528e+03 9.183907e+03 8.458322e+03
8.891264e+03 8.720174e+03 9.157559e+03 8.453879e+03
9.243284e+03 8.720872e+03 9.094372e+03 8.869784e+03
9.068209e+03 8.721626e+03 9.004699e+03 8.785136e+03
8.511338e+03 8.722436e+03 8.910103e+03 8.323671e+03
8.973526e+03 8.723295e+03 8.827782e+03 8.869040e+03
9.003608e+03 8.724197e+03 8.765452e+03 8.962353e+03
8.773924e+03 8.725135e+03 8.723443e+03 8.775616e+03
8.815995e+03 8.726103e+03 8.698476e+03 8.843622e+03
8.747019e+03 8.727096e+03 8.686415e+03 8.787700e+03
8.684246e+03 8.728110e+03 8.683552e+03 8.728805e+03
8.600127e+03 8.729143e+03 8.686938e+03 8.642332e+03
9.002465e+03 8.730192e+03 8.694299e+03 9.038358e+03
8.677613e+03 8.731255e+03 8.703880e+03 8.704989e+03
9.005695e+03 8.732331e+03 8.714339e+03 9.023687e+03
8.758202e+03 8.733418e+03 8.724695e+03 8.766925e+03
8.620117e+03 8.734515e+03 8.734290e+03 8.620342e+03
8.766930e+03 8.735620e+03 8.742753e+03 8.759797e+03
8.946285e+03 8.736733e+03 8.749925e+03 8.933093e+03
8.551179e+03 8.737865e+03 8.751990e+03 8.537054e+03
8.755393e+03 8.742324e+03 8.723564e+03 8.774152e+03
8.201635e+03 8.770507e+03 8.633580e+03 8.338562e+03
8.511409e+03 8.842637e+03 8.501918e+03 8.852129e+03
8.385367e+03 8.952146e+03 8.384398e+03 8.953115e+03
7.995800e+03 9.074460e+03 8.314448e+03 8.755812e+03
8.168641e+03 9.186397e+03 8.291503e+03 9.063536e+03
8.272854e+03 9.275400e+03 8.298997e+03 9.249258e+03
8.185365e+03 9.338849e+03 8.320439e+03 9.203776e+03
8.387042e+03 9.379769e+03 8.345424e+03 9.421387e+03
8.503723e+03 9.403068e+03 8.372991e+03 9.533800e+03
8.532477e+03 9.410209e+03 8.427159e+03 9.515526e+03
8.517955e+03 9.384650e+03 8.538864e+03 9.363741e+03
8.420234e+03 9.309324e+03 8.688364e+03 9.041194e+03
8.682541e+03 9.193174e+03 8.820192e+03 9.055522e+03
8.991194e+03 9.062590e+03 8.901219e+03 9.152566e+03
8.876628e+03 8.942107e+03 8.932390e+03 8.886345e+03
8.971601e+03 8.845207e+03 8.930753e+03 8.886055e+03
9.037885e+03 8.775067e+03 8.913332e+03 8.899620e+03
8.761229e+03 8.728912e+03 8.891068e+03 8.599072e+03
9.044652e+03 8.701843e+03 8.869221e+03 8.877275e+03
9.119973e+03 8.688962e+03 8.849701e+03 8.959234e+03
8.842012e+03 8.686135e+03 8.833013e+03 8.695134e+03
8.826600e+03 8.690066e+03 8.819251e+03 8.697414e+03
8.902488e+03 8.698165e+03 8.808413e+03 8.792240e+03
8.706642e+03 8.708417e+03 8.800397e+03 8.614662e+03
8.846690e+03 8.719312e+03 8.794955e+03 8.771048e+03
8.781392e+03 8.729796e+03 8.791693e+03 8.719494e+03
8.569520e+03 8.739216e+03 8.790133e+03 8.518603e+03
8.689743e+03 8.747256e+03 8.789780e+03 8.647219e+03
8.855894e+03 8.753839e+03 8.789882e+03 8.819851e+03
8.456891e+03 8.757859e+03 8.789058e+03 8.425692e+03
8.635967e+03 8.752088e+03 8.791273e+03 8.596782e+03
8.732752e+03 8.729397e+03 8.804796e+03 8.657354e+03
8.709929e+03 8.692387e+03 8.832005e+03 8.570310e+03
8.798902e+03 8.650171e+03 8.867426e+03 8.581648e+03
8.947438e+03 8.611327e+03 8.903231e+03 8.655535e+03
8.747055e+03 8.580530e+03 8.933836e+03 8.393749e+03
8.812598e+03 8.558814e+03 8.956991e+03 8.414421e+03
8.959110e+03 8.545140e+03 8.972850e+03 8.531401e+03
8.863449e+03 8.537765e+03 8.982990e+03 8.418224e+03
8.981191e+03 8.536182e+03 8.989921e+03 8.527452e+03
9.065062e+03 8.546394e+03 8.990737e+03 8.620719e+03
8.641947e+03 8.574643e+03 8.978053e+03 8.238537e+03
9.004661e+03 8.617686e+03 8.950210e+03 8.672138e+03
8.949304e+03 8.665938e+03 8.913272e+03 8.701969e+03
8.841879e+03 8.710483e+03 8.875539e+03 8.676823e+03
9.037829e+03 8.746424e+03 8.842951e+03 8.941302e+03
9.152373e+03 8.772609e+03 8.818005e+03 9.106978e+03
8.873849e+03 8.790047e+03 8.800691e+03 8.863205e+03
9.128045e+03 8.800517e+03 8.789810e+03 9.138752e+03
8.824268e+03 8.805799e+03 8.783884e+03 8.846182e+03
8.731937e+03 8.807394e+03 8.781570e+03 8.757761e+03
8.762088e+03 8.806501e+03 8.781773e+03 8.786816e+03
8.619285e+03 8.804060e+03 8.783625e+03 8.639721e+03
8.353473e+03 8.800804e+03 8.786444e+03 8.367833e+03
8.770642e+03 8.797280e+03 8.789703e+03 8.778219e+03
8.534494e+03 8.793873e+03 8.793017e+03 8.535350e+03
8.317007e+03 8.790818e+03 8.796128e+03 8.311697e+03
8.770139e+03 8.788232e+03 8.798888e+03 8.759483e+03
8.896183e+03 8.786135e+03 8.800917e+03 8.881401e+03
8.695729e+03 8.783291e+03 8.801189e+03 8.677832e+03
8.920336e+03 8.772222e+03 8.803955e+03 8.888603e+03
9.023314e+03 8.745502e+03 8.817697e+03 8.951120e+03
8.630480e+03 8.705444e+03 8.844947e+03 8.490978e+03
9.117002e+03 8.660909e+03 8.880324e+03 8.897587e+03
8.969406e+03 8.620262e+03 8.916059e+03 8.673610e+03
9.062656e+03 8.588024e+03 8.946591e+03 8.704089e+03
9.224833e+03 8.565112e+03 8.969687e+03 8.820258e+03
9.272631e+03 8.550404e+03 8.985507e+03 8.837529e+03
8.746949e+03 8.542100e+03 8.995627e+03 8.293423e+03
9.138223e+03 8.539657e+03 9.002557e+03 8.675323e+03
9.082531e+03 8.549051e+03 9.003387e+03 8.628195e+03
8.827055e+03 8.576510e+03 8.990730e+03 8.412835e+03
9.237230e+03 8.618783e+03 8.962924e+03 8.893089e+03
9.059315e+03 8.666277e+03 8.926032e+03 8.799560e+03
8.626547e+03 8.710076e+03 8.888351e+03 8.448273e+03
9.264740e+03 8.745282e+03 8.855826e+03 9.154196e+03
8.879328e+03 8.770737e+03 8.830950e+03 8.819115e+03
8.739602e+03 8.787450e+03 8.813714e+03 8.713338e+03
8.961070e+03 8.797202e+03 8.802916e+03 8.955356e+03
8.811743e+03 8.801772e+03 8.797077e+03 8.816438e+03
8.533942e+03 8.802663e+03 8.794856e+03 8.541750e+03
9.116755e+03 8.801073e+03 8.795156e+03 9.122671e+03
8.860440e+03 8.797941e+03 8.797110e+03 8.861272e+03
8.698521e+03 8.794002e+03 8.800035e+03 8.692489e+03
8.822349e+03 8.789803e+03 8.803404e+03 8.808748e+03
8.798343e+03 8.785728e+03 8.806831e+03 8.777240e+03
8.518053e+03 8.782013e+03 8.810058e+03 8.490007e+03
8.939174e+03 8.778774e+03 8.812923e+03 8.905025e+03
8.454341e+03 8.776050e+03 8.811526e+03 8.418865e+03
8.646780e+03 8.777114e+03 8.780366e+03 8.643529e+03
8.693865e+03 8.802295e+03 8.688250e+03 8.807910e+03
8.347599e+03 8.871728e+03 8.554937e+03 8.664390e+03
8.435356e+03 8.978766e+03 8.436132e+03 8.977990e+03
8.725222e+03 9.098768e+03 8.365162e+03 9.458828e+03
8.367276e+03 9.208503e+03 8.341389e+03 9.234390e+03
8.745855e+03 9.295377e+03 8.348194e+03 9.693039e+03
8.592466e+03 9.356746e+03 8.369047e+03 9.580165e+03
8.409737e+03 9.395620e+03 8.393522e+03 9.411835e+03
8.517603e+03 9.416893e+03 8.420640e+03 9.513856e+03
8.524845e+03 9.422024e+03 8.474340e+03 9.472529e+03
8.550398e+03 9.394542e+03 8.585600e+03 9.359340e+03
8.461757e+03 9.317292e+03 8.734780e+03 9.044268e+03
8.933282e+03 9.199214e+03 8.866331e+03 9.266166e+03
8.612698e+03 9.066701e+03 8.947120e+03 8.732280e+03
9.006341e+03 8.944286e+03 8.978094e+03 8.972533e+03
9.269510e+03 8.845451e+03 8.976296e+03 9.138665e+03
8.970603e+03 8.773374e+03 8.958749e+03 8.785227e+03
8.906472e+03 8.725279e+03 8.936393e+03 8.695357e+03
9.041350e+03 8.696269e+03 8.914487e+03 8.823132e+03
8.826634e+03 8.681446e+03 8.894941e+03 8.613139e+03
8.905635e+03 8.676676e+03 8.878258e+03 8.704053e+03
8.964918e+03 8.678665e+03 8.864532e+03 8.779051e+03
8.535185e+03 8.684822e+03 8.853759e+03 8.366247e+03
8.682851e+03 8.693133e+03 8.845838e+03 8.530146e+03
9.104015e+03 8.702088e+03 8.840518e+03 8.965585e+03
8.796922e+03 8.710632e+03 8.837406e+03 8.670147e+03
9.081126e+03 8.718115e+03 8.836023e+03 8.963217e+03
9.008625e+03 8.724217e+03 8.835875e+03 8.896967e+03
8.522710e+03 8.728865e+03 8.836206e+03 8.415369e+03
9.006830e+03 8.730951e+03 8.835638e+03 8.902143e+03
8.837011e+03 8.723246e+03 8.838135e+03 8.722122e+03
8.816153e+03 8.698623e+03 8.851963e+03 8.662813e+03
9.270690e+03 8.659680e+03 8.879503e+03 9.050867e+03
8.915862e+03 8.615532e+03 8.915278e+03 8.616116e+03
8.928510e+03 8.574755e+03 8.951455e+03 8.551809e+03
8.950333e+03 8.542015e+03 8.982410e+03 8.509938e+03
8.894865e+03 8.518354e+03 9.005943e+03 8.407277e+03
9.040356e+03 8.502732e+03 9.022199e+03 8.520889e+03
9.330443e+03 8.493403e+03 9.032756e+03 8.791090e+03
8.834368e+03 8.489863e+03 9.040126e+03 8.284105e+03
8.975914e+03 8.498111e+03 9.041402e+03 8.432623e+03
9.172088e+03 8.524390e+03 9.029204e+03 8.667273e+03
8.650085e+03 8.565455e+03 9.001880e+03 8.213660e+03
8.815082e+03 8.611720e+03 8.965503e+03 8.461299e+03
8.940747e+03 8.654267e+03 8.928373e+03 8.666641e+03
8.840264e+03 8.688200e+03 8.896433e+03 8.632030e+03
8.878288e+03 8.712363e+03 8.872176e+03 8.718476e+03
9.034083e+03 8.727765e+03 8.855590e+03 8.906258e+03
8.861914e+03 8.736184e+03 8.845475e+03 8.752623e+03
8.649942e+03 8.739397e+03 8.840348e+03 8.548991e+03
9.012864e+03 8.738905e+03 8.838866e+03 8.912903e+03
8.929604e+03 8.735903e+03 8.839934e+03 8.825574e+03
8.801939e+03 8.731332e+03 8.842682e+03 8.690590e+03
9.311145e+03 8.725921e+03 8.846428e+03 9.190637e+03
8.957263e+03 8.720217e+03 8.850646e+03 8.826833e+03
8.925319e+03 8.714601e+03 8.854952e+03 8.784969e+03
9.066888e+03 8.709309e+03 8.859087e+03 8.917109e+03
8.854081e+03 8.704452e+03 8.862891e+03 8.695642e+03
8.550569e+03 8.700068e+03 8.862465e+03 8.388172e+03
8.813520e+03 8.699429e+03 8.832313e+03 8.680636e+03
8.687691e+03 8.722858e+03 8.741255e+03 8.669294e+03
8.396993e+03 8.790479e+03 8.609084e+03 8.578387e+03
8.612316e+03 8.895617e+03 8.491531e+03 9.016402e+03
8.144483e+03 9.013611e+03 8.421926e+03 8.736168e+03
8.148136e+03 9.121212e+03 8.399613e+03 8.869735e+03
8.637987e+03 9.205826e+03 8.407950e+03 9.435863e+03
8.312089e+03 9.264813e+03 8.430395e+03 9.146507e+03
8.570683e+03 9.301191e+03 8.456513e+03 9.415361e+03
8.638319e+03 9.319864e+03 8.485709e+03 9.472474e+03
8.495719e+03 9.322296e+03 8.506305e+03 9.311710e+03
