8.887176e+03 8.709360e+03 8.770191e+03 8.826346e+03
8.759316e+03 8.708834e+03 8.771378e+03 8.696772e+03
8.753986e+03 8.708316e+03 8.772542e+03 8.689760e+03
8.774684e+03 8.707803e+03 8.773685e+03 8.708802e+03
8.739800e+03 8.707293e+03 8.773990e+03 8.673103e+03
8.759942e+03 8.706783e+03 8.767760e+03 8.698965e+03
8.717133e+03 8.706271e+03 8.746685e+03 8.676719e+03
8.687736e+03 8.705751e+03 8.713309e+03 8.680178e+03
8.698843e+03 8.705221e+03 8.680013e+03 8.724050e+03
8.670015e+03 8.704680e+03 8.655884e+03 8.718811e+03
8.656848e+03 8.704130e+03 8.642666e+03 8.718312e+03
8.664242e+03 8.703574e+03 8.637837e+03 8.729979e+03
8.629893e+03 8.703017e+03 8.638086e+03 8.694824e+03
8.615533e+03 8.702460e+03 8.640936e+03 8.677057e+03
8.644581e+03 8.701906e+03 8.644956e+03 8.701531e+03
8.620064e+03 8.701356e+03 8.649420e+03 8.672000e+03
8.622761e+03 8.700811e+03 8.653950e+03 8.669622e+03
8.635935e+03 8.700271e+03 8.658308e+03 8.677897e+03
8.638955e+03 8.699737e+03 8.662319e+03 8.676373e+03
8.636262e+03 8.699209e+03 8.665863e+03 8.669608e+03
8.690745e+03 8.698688e+03 8.668883e+03 8.720549e+03
8.722502e+03 8.698173e+03 8.671385e+03 8.749290e+03
8.739250e+03 8.697664e+03 8.673421e+03 8.763493e+03
8.732847e+03 8.697161e+03 8.675078e+03 8.754930e+03
8.725414e+03 8.696665e+03 8.677903e+03 8.744175e+03
8.727622e+03 8.696155e+03 8.691587e+03 8.732190e+03
8.790923e+03 8.695506e+03 8.727485e+03 8.758943e+03
8.822436e+03 8.694595e+03 8.777567e+03 8.739464e+03
8.868148e+03 8.693462e+03 8.820891e+03 8.740718e+03
8.899502e+03 8.692257e+03 8.845539e+03 8.746220e+03
8.871913e+03 8.691122e+03 8.852459e+03 8.710576e+03
8.865816e+03 8.690135e+03 8.848362e+03 8.707589e+03
8.822766e+03 8.689311e+03 8.839626e+03 8.672451e+03
8.833002e+03 8.688632e+03 8.830138e+03 8.691496e+03
8.753121e+03 8.688068e+03 8.820135e+03 8.621053e+03
8.749259e+03 8.687609e+03 8.800440e+03 8.636428e+03
8.765274e+03 8.687365e+03 8.759768e+03 8.692870e+03
8.709328e+03 8.687431e+03 8.706147e+03 8.690612e+03
8.692732e+03 8.687754e+03 8.660410e+03 8.720075e+03
8.686747e+03 8.688172e+03 8.634393e+03 8.740526e+03
8.598714e+03 8.688535e+03 8.627017e+03 8.660232e+03
8.585701e+03 8.688760e+03 8.631409e+03 8.643052e+03
8.596999e+03 8.688829e+03 8.640999e+03 8.644830e+03
8.592281e+03 8.688759e+03 8.651707e+03 8.629333e+03
8.572009e+03 8.688578e+03 8.661676e+03 8.598911e+03
8.607018e+03 8.688318e+03 8.670322e+03 8.625014e+03
8.600909e+03 8.688004e+03 8.677574e+03 8.611339e+03
8.594882e+03 8.687655e+03 8.683494e+03 8.599044e+03
8.593843e+03 8.687289e+03 8.688158e+03 8.592974e+03
8.633107e+03 8.686916e+03 8.691664e+03 8.628359e+03
8.594661e+03 8.686546e+03 8.694152e+03 8.587056e+03
8.644547e+03 8.686187e+03 8.695802e+03 8.634932e+03
8.629384e+03 8.685841e+03 8.696816e+03 8.618408e+03
8.679913e+03 8.685511e+03 8.697392e+03 8.668032e+03
8.724646e+03 8.685200e+03 8.697863e+03 8.711983e+03
8.745830e+03 8.685601e+03 8.699075e+03 8.732357e+03
8.752295e+03 8.690994e+03 8.700060e+03 8.743230e+03
8.757350e+03 8.705619e+03 8.697624e+03 8.765345e+03
8.716360e+03 8.728095e+03 8.690157e+03 8.754298e+03
8.680955e+03 8.753266e+03 8.679130e+03 8.755091e+03
8.682345e+03 8.776267e+03 8.667313e+03 8.791299e+03
8.654439e+03 8.794462e+03 8.656905e+03 8.791997e+03
8.676969e+03 8.807304e+03 8.648926e+03 8.835347e+03
8.713660e+03 8.815427e+03 8.643463e+03 8.885623e+03
8.698298e+03 8.819862e+03 8.639974e+03 8.878186e+03
8.690777e+03 8.820916e+03 8.637239e+03 8.874454e+03
8.687903e+03 8.815136e+03 8.635859e+03 8.867180e+03
8.679093e+03 8.798920e+03 8.638712e+03 8.839301e+03
8.679603e+03 8.774147e+03 8.647151e+03 8.806599e+03
8.634563e+03 8.746355e+03 8.659490e+03 8.721428e+03
8.608114e+03 8.720691e+03 8.672784e+03 8.656020e+03
8.617994e+03 8.699986e+03 8.684702e+03 8.633278e+03
8.594329e+03 8.684907e+03 8.694127e+03 8.585109e+03
8.596020e+03 8.674871e+03 8.700911e+03 8.569979e+03
8.662604e+03 8.668850e+03 8.705406e+03 8.626048e+03
8.707442e+03 8.665816e+03 8.708108e+03 8.665150e+03
8.735716e+03 8.664903e+03 8.709484e+03 8.691135e+03
8.762657e+03 8.665418e+03 8.709921e+03 8.718154e+03
8.779381e+03 8.666818e+03 8.709725e+03 8.736473e+03
8.801936e+03 8.668681e+03 8.709139e+03 8.761478e+03
8.726303e+03 8.670689e+03 8.708353e+03 8.688639e+03
8.788796e+03 8.672620e+03 8.707508e+03 8.753908e+03
8.860251e+03 8.674340e+03 8.706702e+03 8.827888e+03
8.787689e+03 8.675780e+03 8.705996e+03 8.757474e+03
8.805145e+03 8.676929e+03 8.705581e+03 8.776493e+03
8.749787e+03 8.678501e+03 8.706178e+03 8.722110e+03
8.738620e+03 8.684814e+03 8.706719e+03 8.716715e+03
8.732196e+03 8.700156e+03 8.703938e+03 8.728413e+03
8.702419e+03 8.723192e+03 8.696177e+03 8.729434e+03
8.673294e+03 8.748806e+03 8.684877e+03 8.737223e+03
8.646770e+03 8.772165e+03 8.672793e+03 8.746142e+03
8.605674e+03 8.790660e+03 8.662117e+03 8.734217e+03
8.615225e+03 8.803761e+03 8.653869e+03 8.765117e+03
8.631100e+03 8.812116e+03 8.648134e+03 8.795082e+03
8.661179e+03 8.816764e+03 8.644370e+03 8.833573e+03
8.679912e+03 8.818019e+03 8.641360e+03 8.856571e+03
8.707481e+03 8.812430e+03 8.639706e+03 8.880205e+03
8.676202e+03 8.796400e+03 8.642287e+03 8.830315e+03
8.639501e+03 8.771808e+03 8.650457e+03 8.760852e+03
8.653578e+03 8.744193e+03 8.662531e+03 8.735240e+03
8.650810e+03 8.718702e+03 8.675565e+03 8.693947e+03
8.668700e+03 8.698168e+03 8.687225e+03 8.679644e+03
8.682685e+03 8.683256e+03 8.696395e+03 8.669547e+03
8.700999e+03 8.673385e+03 8.702929e+03 8.671455e+03
8.717999e+03 8.667526e+03 8.707177e+03 8.678348e+03
8.733351e+03 8.664653e+03 8.709638e+03 8.688366e+03
8.751956e+03 8.663896e+03 8.710777e+03 8.705075e+03
8.723123e+03 8.664566e+03 8.710981e+03 8.676708e+03
8.718776e+03 8.666117e+03 8.710556e+03 8.674338e+03
8.706189e+03 8.668128e+03 8.709744e+03 8.664573e+03
8.704831e+03 8.670282e+03 8.708737e+03 8.666375e+03
8.729755e+03 8.672357e+03 8.707675e+03 8.694437e+03
8.743260e+03 8.674217e+03 8.706656e+03 8.710820e+03
8.720706e+03 8.675794e+03 8.705746e+03 8.690755e+03
8.766990e+03 8.677075e+03 8.706431e+03 8.737634e+03
8.732027e+03 8.678058e+03 8.718321e+03 8.691764e+03
8.773968e+03 8.678659e+03 8.752690e+03 8.699937e+03
8.798382e+03 8.678797e+03 8.801436e+03 8.675743e+03
8.798703e+03 8.678559e+03 8.843565e+03 8.633698e+03
8.846399e+03 8.678133e+03 8.867116e+03 8.657416e+03
8.831385e+03 8.677694e+03 8.873012e+03 8.636067e+03
8.790265e+03 8.677343e+03 8.867943e+03 8.599665e+03
8.881358e+03 8.677113e+03 8.858272e+03 8.700198e+03
8.869599e+03 8.676998e+03 8.847878e+03 8.698719e+03
8.883695e+03 8.676978e+03 8.836991e+03 8.723682e+03
8.905858e+03 8.677049e+03 8.816461e+03 8.766446e+03
8.846347e+03 8.677316e+03 8.774985e+03 8.748677e+03
8.786682e+03 8.677885e+03 8.720535e+03 8.744032e+03
8.742369e+03 8.678704e+03 8.673981e+03 8.747093e+03
8.662174e+03 8.679613e+03 8.647156e+03 8.694630e+03
8.608421e+03 8.680460e+03 8.638984e+03 8.649897e+03
8.598633e+03 8.681164e+03 8.642589e+03 8.637208e+03
8.579680e+03 8.681707e+03 8.651401e+03 8.609987e+03
8.618613e+03 8.682105e+03 8.661340e+03 8.639378e+03
8.716419e+03 8.682388e+03 8.670549e+03 8.728258e+03
8.725569e+03 8.682586e+03 8.678444e+03 8.729712e+03
8.747752e+03 8.682725e+03 8.684955e+03 8.745522e+03
8.763124e+03 8.682823e+03 8.690143e+03 8.755805e+03
8.706456e+03 8.682898e+03 8.694083e+03 8.695272e+03
8.676938e+03 8.682962e+03 8.696875e+03 8.663025e+03
8.677382e+03 8.683024e+03 8.698657e+03 8.661748e+03
8.681148e+03 8.683089e+03 8.699609e+03 8.664628e+03
8.660124e+03 8.683163e+03 8.699934e+03 8.643353e+03
8.729001e+03 8.683247e+03 8.699828e+03 8.712420e+03
8.733378e+03 8.683345e+03 8.699626e+03 8.717097e+03
8.694800e+03 8.684150e+03 8.700172e+03 8.678778e+03
8.671145e+03 8.689940e+03 8.700498e+03 8.660587e+03
8.664137e+03 8.704957e+03 8.697412e+03 8.671682e+03
8.627458e+03 8.727821e+03 8.689301e+03 8.665978e+03
8.650605e+03 8.753373e+03 8.677636e+03 8.726342e+03
8.636119e+03 8.776750e+03 8.665172e+03 8.747697e+03
8.628762e+03 8.795321e+03 8.654105e+03 8.769978e+03
8.582345e+03 8.808533e+03 8.645486e+03 8.745392e+03
8.585782e+03 8.817022e+03 8.639388e+03 8.763416e+03
8.580527e+03 8.821818e+03 8.635267e+03 8.767078e+03
8.581609e+03 8.823230e+03 8.631904e+03 8.772935e+03
8.608772e+03 8.817803e+03 8.629900e+03 8.796675e+03
8.655536e+03 8.801936e+03 8.632136e+03 8.825336e+03
8.667812e+03 8.777507e+03 8.639966e+03 8.805353e+03
8.682579e+03 8.750056e+03 8.651706e+03 8.780930e+03
8.684949e+03 8.724729e+03 8.664410e+03 8.745268e+03
8.646826e+03 8.704358e+03 8.675743e+03 8.675441e+03
8.645602e+03 8.689609e+03 8.684587e+03 8.650625e+03
8.651812e+03 8.679901e+03 8.690793e+03 8.640920e+03
8.700462e+03 8.674204e+03 8.694711e+03 8.679955e+03
8.710123e+03 8.671492e+03 8.696836e+03 8.684779e+03
8.713151e+03 8.670898e+03 8.697636e+03 8.686413e+03
8.711859e+03 8.671730e+03 8.697495e+03 8.686095e+03
8.682004e+03 8.673445e+03 8.696719e+03 8.658730e+03
8.636878e+03 8.675620e+03 8.695551e+03 8.616947e+03
8.634640e+03 8.677940e+03 8.694180e+03 8.618400e+03
8.643074e+03 8.680182e+03 8.692746e+03 8.630509e+03
8.661470e+03 8.682210e+03 8.691349e+03 8.652331e+03
8.674626e+03 8.683959e+03 8.690052e+03 8.668533e+03
8.700812e+03 8.685413e+03 8.690342e+03 8.695883e+03
8.711394e+03 8.686572e+03 8.701827e+03 8.696139e+03
8.742589e+03 8.687351e+03 8.735776e+03 8.694164e+03
8.794284e+03 8.687672e+03 8.784076e+03 8.697879e+03
8.860383e+03 8.687619e+03 8.825721e+03 8.722281e+03
8.881399e+03 8.687383e+03 8.848753e+03 8.720030e+03
8.886643e+03 8.687138e+03 8.854100e+03 8.719681e+03
8.803775e+03 8.686986e+03 8.848460e+03 8.642300e+03
8.769266e+03 8.686960e+03 8.838203e+03 8.618023e+03
8.754393e+03 8.687055e+03 8.827214e+03 8.614235e+03
8.741932e+03 8.687250e+03 8.816540e+03 8.612643e+03
8.717499e+03 8.687542e+03 8.811295e+03 8.593746e+03
