9.002118e+03 8.727140e+03 8.854219e+03 8.875039e+03
8.847703e+03 8.726793e+03 8.855230e+03 8.719266e+03
8.834467e+03 8.726451e+03 8.856218e+03 8.704699e+03
8.846378e+03 8.726114e+03 8.857187e+03 8.715305e+03
8.805305e+03 8.725787e+03 8.857365e+03 8.673727e+03
8.826217e+03 8.726008e+03 8.851268e+03 8.700956e+03
8.790533e+03 8.730087e+03 8.830321e+03 8.690300e+03
8.780915e+03 8.741309e+03 8.796174e+03 8.726049e+03
8.779952e+03 8.758608e+03 8.760722e+03 8.777838e+03
8.735185e+03 8.777999e+03 8.733422e+03 8.779762e+03
8.730088e+03 8.795722e+03 8.716770e+03 8.809039e+03
8.737863e+03 8.809737e+03 8.708855e+03 8.838746e+03
8.703398e+03 8.819619e+03 8.706655e+03 8.816363e+03
8.699745e+03 8.825857e+03 8.707731e+03 8.817871e+03
8.701413e+03 8.829247e+03 8.710554e+03 8.820106e+03
8.679642e+03 8.830565e+03 8.714267e+03 8.795940e+03
8.674161e+03 8.830445e+03 8.718370e+03 8.786236e+03
8.697151e+03 8.829386e+03 8.722526e+03 8.804011e+03
8.698813e+03 8.827771e+03 8.726484e+03 8.800100e+03
8.691031e+03 8.825895e+03 8.730063e+03 8.786864e+03
8.749918e+03 8.823979e+03 8.733161e+03 8.840736e+03
8.777659e+03 8.822174e+03 8.735748e+03 8.864085e+03
8.783333e+03 8.820572e+03 8.737854e+03 8.866050e+03
8.793399e+03 8.819213e+03 8.739548e+03 8.873064e+03
8.784682e+03 8.818101e+03 8.741977e+03 8.860806e+03
8.798089e+03 8.816661e+03 8.752480e+03 8.862271e+03
8.846294e+03 8.811449e+03 8.780995e+03 8.876748e+03
8.877696e+03 8.799045e+03 8.823338e+03 8.853403e+03
8.919073e+03 8.780511e+03 8.863755e+03 8.835829e+03
8.949154e+03 8.759927e+03 8.891595e+03 8.817485e+03
8.926672e+03 8.741144e+03 8.905679e+03 8.762138e+03
8.931749e+03 8.726244e+03 8.909875e+03 8.748118e+03
8.884790e+03 8.715651e+03 8.908617e+03 8.691823e+03
8.910546e+03 8.708847e+03 8.904982e+03 8.714412e+03
8.853763e+03 8.705006e+03 8.899540e+03 8.659229e+03
8.844452e+03 8.703876e+03 8.885734e+03 8.662595e+03
8.857809e+03 8.708220e+03 8.854017e+03 8.712012e+03
8.801367e+03 8.720892e+03 8.808842e+03 8.713417e+03
8.780982e+03 8.740396e+03 8.766094e+03 8.755284e+03
8.790121e+03 8.762317e+03 8.736523e+03 8.815915e+03
8.709018e+03 8.782550e+03 8.721333e+03 8.770234e+03
8.688093e+03 8.798840e+03 8.716617e+03 8.770315e+03
8.688409e+03 8.810654e+03 8.717853e+03 8.781211e+03
8.686219e+03 8.818457e+03 8.721846e+03 8.782831e+03
8.663751e+03 8.823068e+03 8.726849e+03 8.759971e+03
8.690143e+03 8.825306e+03 8.732039e+03 8.783410e+03
8.687315e+03 8.825862e+03 8.737032e+03 8.776145e+03
8.675407e+03 8.825287e+03 8.741603e+03 8.759091e+03
8.680904e+03 8.824014e+03 8.745599e+03 8.759320e+03
8.711813e+03 8.822381e+03 8.748928e+03 8.785266e+03
8.678169e+03 8.820639e+03 8.751569e+03 8.747239e+03
8.702996e+03 8.818964e+03 8.753567e+03 8.768393e+03
8.679587e+03 8.817466e+03 8.755018e+03 8.742035e+03
8.716681e+03 8.816198e+03 8.756040e+03 8.776839e+03
8.757361e+03 8.815169e+03 8.756984e+03 8.815546e+03
8.779334e+03 8.813827e+03 8.759465e+03 8.833696e+03
8.793489e+03 8.808832e+03 8.765169e+03 8.837151e+03
8.826616e+03 8.796869e+03 8.772647e+03 8.850838e+03
8.816012e+03 8.778968e+03 8.778625e+03 8.816356e+03
8.799216e+03 8.759084e+03 8.781456e+03 8.776845e+03
8.803722e+03 8.740951e+03 8.781538e+03 8.763135e+03
8.787188e+03 8.726585e+03 8.780083e+03 8.733690e+03
8.789600e+03 8.716395e+03 8.778144e+03 8.727851e+03
8.824562e+03 8.709880e+03 8.776316e+03 8.758125e+03
8.808111e+03 8.706235e+03 8.774585e+03 8.739762e+03
8.813332e+03 8.705219e+03 8.771462e+03 8.747089e+03
8.803212e+03 8.709498e+03 8.765296e+03 8.747415e+03
8.788117e+03 8.721853e+03 8.757544e+03 8.752425e+03
8.780687e+03 8.740831e+03 8.751475e+03 8.770044e+03
8.740263e+03 8.762151e+03 8.748720e+03 8.753694e+03
8.697699e+03 8.781834e+03 8.748857e+03 8.730675e+03
8.702617e+03 8.797690e+03 8.750641e+03 8.749666e+03
8.671361e+03 8.809205e+03 8.752983e+03 8.727584e+03
8.653808e+03 8.816828e+03 8.755253e+03 8.715383e+03
8.699833e+03 8.821355e+03 8.757204e+03 8.763984e+03
8.738897e+03 8.823578e+03 8.758790e+03 8.803685e+03
8.766406e+03 8.824169e+03 8.760043e+03 8.830531e+03
8.781453e+03 8.823662e+03 8.761007e+03 8.844107e+03
8.800680e+03 8.822477e+03 8.761721e+03 8.861435e+03
8.802158e+03 8.820941e+03 8.762222e+03 8.860877e+03
8.749733e+03 8.819298e+03 8.762546e+03 8.806485e+03
8.807123e+03 8.817720e+03 8.762735e+03 8.862108e+03
8.864300e+03 8.816312e+03 8.762827e+03 8.917785e+03
8.817675e+03 8.815125e+03 8.762858e+03 8.869943e+03
8.848015e+03 8.814170e+03 8.763092e+03 8.899093e+03
8.818753e+03 8.812893e+03 8.765059e+03 8.866586e+03
8.817824e+03 8.807956e+03 8.770382e+03 8.855398e+03
8.813676e+03 8.796046e+03 8.777558e+03 8.832164e+03
8.792308e+03 8.778194e+03 8.783280e+03 8.787222e+03
8.781814e+03 8.758355e+03 8.785879e+03 8.754290e+03
8.757666e+03 8.740263e+03 8.785740e+03 8.712189e+03
8.731094e+03 8.725936e+03 8.784070e+03 8.672961e+03
8.746975e+03 8.715784e+03 8.781918e+03 8.680842e+03
8.750646e+03 8.709306e+03 8.779878e+03 8.680074e+03
8.781714e+03 8.705697e+03 8.777935e+03 8.709476e+03
8.794301e+03 8.704715e+03 8.774601e+03 8.724414e+03
8.821156e+03 8.709028e+03 8.768226e+03 8.761957e+03
8.796468e+03 8.721415e+03 8.760268e+03 8.757615e+03
8.773034e+03 8.740426e+03 8.753995e+03 8.759465e+03
8.770604e+03 8.761778e+03 8.751039e+03 8.781342e+03
8.747235e+03 8.781491e+03 8.750979e+03 8.777748e+03
8.761471e+03 8.797378e+03 8.752568e+03 8.806281e+03
8.772421e+03 8.808923e+03 8.754717e+03 8.826627e+03
8.785824e+03 8.816576e+03 8.756798e+03 8.845602e+03
8.793197e+03 8.821132e+03 8.758562e+03 8.855766e+03
8.781024e+03 8.823384e+03 8.759965e+03 8.844443e+03
8.785983e+03 8.824003e+03 8.761039e+03 8.848948e+03
8.759475e+03 8.823524e+03 8.761826e+03 8.821174e+03
8.763255e+03 8.822367e+03 8.762366e+03 8.823256e+03
8.756718e+03 8.820859e+03 8.762696e+03 8.814881e+03
8.764685e+03 8.819244e+03 8.762852e+03 8.821077e+03
8.774749e+03 8.817693e+03 8.762875e+03 8.829566e+03
8.782735e+03 8.816312e+03 8.762805e+03 8.836242e+03
8.764247e+03 8.815153e+03 8.762680e+03 8.816719e+03
8.806547e+03 8.814224e+03 8.763592e+03 8.857179e+03
8.788914e+03 8.812957e+03 8.772817e+03 8.829054e+03
8.818693e+03 8.807911e+03 8.800232e+03 8.826371e+03
8.848521e+03 8.795669e+03 8.841601e+03 8.802589e+03
8.854044e+03 8.777295e+03 8.881133e+03 8.750206e+03
8.898609e+03 8.756870e+03 8.908150e+03 8.747329e+03
8.897029e+03 8.738246e+03 8.921455e+03 8.713820e+03
8.861562e+03 8.723502e+03 8.924905e+03 8.660160e+03
8.937227e+03 8.713063e+03 8.922925e+03 8.727365e+03
8.923043e+03 8.706411e+03 8.918586e+03 8.710868e+03
8.932169e+03 8.702718e+03 8.912455e+03 8.722433e+03
8.945714e+03 8.701735e+03 8.897997e+03 8.749451e+03
8.915460e+03 8.706211e+03 8.865654e+03 8.756018e+03
8.868538e+03 8.719015e+03 8.819836e+03 8.767716e+03
8.831055e+03 8.738648e+03 8.776454e+03 8.793248e+03
8.757690e+03 8.760695e+03 8.746257e+03 8.772128e+03
8.713336e+03 8.781054e+03 8.730449e+03 8.763940e+03
8.708729e+03 8.797467e+03 8.725122e+03 8.781074e+03
8.696103e+03 8.809404e+03 8.725753e+03 8.779753e+03
8.718444e+03 8.817327e+03 8.729149e+03 8.806621e+03
8.787765e+03 8.822057e+03 8.733563e+03 8.876259e+03
8.786702e+03 8.824413e+03 8.738171e+03 8.872944e+03
8.787552e+03 8.825086e+03 8.742587e+03 8.870051e+03
8.804147e+03 8.824626e+03 8.746589e+03 8.882184e+03
8.738153e+03 8.823469e+03 8.750023e+03 8.811599e+03
8.705094e+03 8.821949e+03 8.752796e+03 8.774247e+03
8.726814e+03 8.820321e+03 8.754887e+03 8.792248e+03
8.733796e+03 8.818759e+03 8.756343e+03 8.796212e+03
8.729965e+03 8.817374e+03 8.757256e+03 8.790084e+03
8.787716e+03 8.816219e+03 8.757745e+03 8.846190e+03
8.793684e+03 8.815302e+03 8.758163e+03 8.850822e+03
8.763290e+03 8.814071e+03 8.760123e+03 8.817239e+03
8.760616e+03 8.809189e+03 8.765311e+03 8.804493e+03
8.761931e+03 8.797338e+03 8.772278e+03 8.786991e+03
8.751070e+03 8.779550e+03 8.777749e+03 8.752871e+03
8.774094e+03 8.759780e+03 8.780078e+03 8.753796e+03
8.755856e+03 8.741761e+03 8.779648e+03 8.717968e+03
8.762732e+03 8.727516e+03 8.777668e+03 8.712581e+03
8.724928e+03 8.717450e+03 8.775219e+03 8.667159e+03
8.718959e+03 8.711061e+03 8.772883e+03 8.657136e+03
8.726638e+03 8.707543e+03 8.770646e+03 8.663536e+03
8.723996e+03 8.706656e+03 8.767018e+03 8.663635e+03
8.727272e+03 8.711067e+03 8.760349e+03 8.677989e+03
8.764765e+03 8.723554e+03 8.752100e+03 8.736219e+03
8.758723e+03 8.742665e+03 8.745540e+03 8.755848e+03
8.751342e+03 8.764117e+03 8.742303e+03 8.773156e+03
8.758363e+03 8.783929e+03 8.741964e+03 8.800328e+03
8.719649e+03 8.799914e+03 8.743277e+03 8.776285e+03
8.716757e+03 8.811556e+03 8.745152e+03 8.783161e+03
8.721052e+03 8.819305e+03 8.746956e+03 8.793401e+03
8.760322e+03 8.823958e+03 8.748440e+03 8.835840e+03
8.763692e+03 8.826310e+03 8.749560e+03 8.840442e+03
8.759073e+03 8.827030e+03 8.750346e+03 8.835758e+03
8.763434e+03 8.826655e+03 8.750840e+03 8.839250e+03
8.736124e+03 8.825605e+03 8.751081e+03 8.810648e+03
8.712348e+03 8.824206e+03 8.751105e+03 8.785449e+03
8.704459e+03 8.822704e+03 8.750950e+03 8.776213e+03
8.707235e+03 8.821270e+03 8.750654e+03 8.777851e+03
8.724242e+03 8.820010e+03 8.750258e+03 8.793994e+03
8.730597e+03 8.818975e+03 8.749800e+03 8.799773e+03
8.744967e+03 8.818175e+03 8.750370e+03 8.812772e+03
8.752545e+03 8.817041e+03 8.759245e+03 8.810341e+03
8.780359e+03 8.812131e+03 8.786297e+03 8.806193e+03
8.834150e+03 8.800032e+03 8.827281e+03 8.806901e+03
8.878860e+03 8.781812e+03 8.866397e+03 8.794275e+03
8.908911e+03 8.761554e+03 8.892965e+03 8.777500e+03
8.921298e+03 8.743112e+03 8.905791e+03 8.758618e+03
8.887751e+03 8.728567e+03 8.908741e+03 8.707578e+03
8.868401e+03 8.718341e+03 8.906241e+03 8.680502e+03
8.860213e+03 8.711916e+03 8.901370e+03 8.670760e+03
8.844848e+03 8.708459e+03 8.895467e+03 8.657841e+03
8.815617e+03 8.707183e+03 8.892463e+03 8.630336e+03
