1.090387e+04 1.076829e+04 1.070779e+04 1.096437e+04
1.058991e+04 1.076718e+04 1.070620e+04 1.065089e+04
1.076146e+04 1.076609e+04 1.070459e+04 1.082296e+04
1.079858e+04 1.076502e+04 1.070301e+04 1.086058e+04
1.057250e+04 1.076395e+04 1.069973e+04 1.063671e+04
1.071866e+04 1.076288e+04 1.068458e+04 1.079696e+04
1.061916e+04 1.076181e+04 1.065143e+04 1.072954e+04
1.070084e+04 1.076072e+04 1.061697e+04 1.084459e+04
1.067159e+04 1.075961e+04 1.060366e+04 1.082755e+04
1.068006e+04 1.075848e+04 1.061690e+04 1.082164e+04
1.051673e+04 1.075733e+04 1.064738e+04 1.062669e+04
1.068703e+04 1.075617e+04 1.068274e+04 1.076046e+04
1.063404e+04 1.075500e+04 1.071453e+04 1.067451e+04
1.075840e+04 1.075384e+04 1.073924e+04 1.077300e+04
1.077658e+04 1.075268e+04 1.075659e+04 1.077268e+04
1.080112e+04 1.075154e+04 1.076775e+04 1.078490e+04
1.094846e+04 1.075040e+04 1.077412e+04 1.092474e+04
1.076414e+04 1.074927e+04 1.077691e+04 1.073650e+04
1.094779e+04 1.074816e+04 1.077710e+04 1.091885e+04
1.074242e+04 1.074706e+04 1.077543e+04 1.071404e+04
1.079300e+04 1.074597e+04 1.077257e+04 1.076641e+04
1.070841e+04 1.074490e+04 1.076903e+04 1.068428e+04
1.078700e+04 1.074384e+04 1.076526e+04 1.076558e+04
1.088223e+04 1.074279e+04 1.076155e+04 1.086347e+04
1.098493e+04 1.074176e+04 1.075848e+04 1.096821e+04
1.094808e+04 1.074074e+04 1.075898e+04 1.092985e+04
1.092070e+04 1.073974e+04 1.076852e+04 1.089191e+04
1.092809e+04 1.073874e+04 1.078774e+04 1.087910e+04
1.075852e+04 1.073777e+04 1.081050e+04 1.068578e+04
1.080323e+04 1.073680e+04 1.083059e+04 1.070944e+04
1.070970e+04 1.073585e+04 1.084513e+04 1.060043e+04
1.080209e+04 1.073492e+04 1.085412e+04 1.068289e+04
1.072269e+04 1.073400e+04 1.085874e+04 1.059795e+04
1.076197e+04 1.073309e+04 1.086032e+04 1.063474e+04
1.071105e+04 1.073220e+04 1.085955e+04 1.058371e+04
1.063628e+04 1.073133e+04 1.085430e+04 1.051331e+04
1.082835e+04 1.073048e+04 1.083964e+04 1.071919e+04
1.076235e+04 1.072965e+04 1.081530e+04 1.067669e+04
1.081799e+04 1.072883e+04 1.078762e+04 1.075920e+04
1.084415e+04 1.072803e+04 1.076298e+04 1.080919e+04
1.079090e+04 1.072724e+04 1.074432e+04 1.077382e+04
1.075074e+04 1.072646e+04 1.073168e+04 1.074553e+04
1.075256e+04 1.072570e+04 1.072385e+04 1.075441e+04
1.078568e+04 1.072496e+04 1.071946e+04 1.079118e+04
1.071756e+04 1.072423e+04 1.071740e+04 1.072439e+04
1.081128e+04 1.072351e+04 1.071688e+04 1.081791e+04
1.077789e+04 1.072281e+04 1.071735e+04 1.078334e+04
1.081680e+04 1.072213e+04 1.071840e+04 1.082052e+04
1.078775e+04 1.072146e+04 1.071971e+04 1.078950e+04
1.077390e+04 1.072080e+04 1.072102e+04 1.077368e+04
1.062490e+04 1.072016e+04 1.072219e+04 1.062287e+04
1.067108e+04 1.071954e+04 1.072313e+04 1.066749e+04
1.061816e+04 1.071893e+04 1.072378e+04 1.061331e+04
1.052753e+04 1.071834e+04 1.072417e+04 1.052170e+04
1.087339e+04 1.071777e+04 1.072409e+04 1.086707e+04
1.073190e+04 1.071867e+04 1.072319e+04 1.072738e+04
1.070254e+04 1.072997e+04 1.072660e+04 1.070592e+04
1.070689e+04 1.076055e+04 1.074243e+04 1.072501e+04
1.080855e+04 1.080751e+04 1.077182e+04 1.084424e+04
1.085131e+04 1.086010e+04 1.080843e+04 1.090298e+04
1.098445e+04 1.090814e+04 1.084431e+04 1.104828e+04
1.087346e+04 1.094615e+04 1.087419e+04 1.094542e+04
1.093402e+04 1.097297e+04 1.089620e+04 1.101079e+04
1.102913e+04 1.098994e+04 1.091075e+04 1.110832e+04
1.094540e+04 1.099921e+04 1.091946e+04 1.102515e+04
1.099004e+04 1.100141e+04 1.092427e+04 1.106718e+04
1.089688e+04 1.098934e+04 1.092143e+04 1.096480e+04
1.082678e+04 1.095548e+04 1.090389e+04 1.087837e+04
1.087968e+04 1.090375e+04 1.087139e+04 1.091205e+04
1.103461e+04 1.084571e+04 1.083092e+04 1.104941e+04
1.072374e+04 1.079212e+04 1.079091e+04 1.072495e+04
1.080733e+04 1.074888e+04 1.075700e+04 1.079921e+04
1.092618e+04 1.071739e+04 1.073129e+04 1.091229e+04
1.057557e+04 1.069643e+04 1.071349e+04 1.055851e+04
1.048119e+04 1.068386e+04 1.070224e+04 1.046281e+04
1.076841e+04 1.067753e+04 1.069599e+04 1.074994e+04
1.058787e+04 1.067562e+04 1.069336e+04 1.057012e+04
1.053143e+04 1.067669e+04 1.069323e+04 1.051489e+04
1.066890e+04 1.067962e+04 1.069472e+04 1.065380e+04
1.050383e+04 1.068351e+04 1.069713e+04 1.049021e+04
1.064320e+04 1.068770e+04 1.069993e+04 1.063097e+04
1.055988e+04 1.069173e+04 1.070274e+04 1.054888e+04
1.057133e+04 1.069532e+04 1.070530e+04 1.056135e+04
1.069150e+04 1.069833e+04 1.070748e+04 1.068234e+04
1.063250e+04 1.070073e+04 1.070901e+04 1.062422e+04
1.068625e+04 1.070401e+04 1.070948e+04 1.068078e+04
1.089896e+04 1.071719e+04 1.071403e+04 1.090212e+04
1.075214e+04 1.074923e+04 1.073080e+04 1.077057e+04
1.083141e+04 1.079733e+04 1.076096e+04 1.086778e+04
1.080384e+04 1.085082e+04 1.079820e+04 1.085646e+04
1.095133e+04 1.089960e+04 1.083461e+04 1.101632e+04
1.060307e+04 1.093822e+04 1.086495e+04 1.067635e+04
1.092970e+04 1.096558e+04 1.088736e+04 1.100791e+04
1.062022e+04 1.098302e+04 1.090227e+04 1.070097e+04
1.110460e+04 1.099272e+04 1.091131e+04 1.118601e+04
1.100314e+04 1.099534e+04 1.091643e+04 1.108205e+04
1.072273e+04 1.098367e+04 1.091387e+04 1.079252e+04
1.104572e+04 1.095019e+04 1.089662e+04 1.109928e+04
1.095192e+04 1.089883e+04 1.086439e+04 1.098636e+04
1.078453e+04 1.084115e+04 1.082419e+04 1.080149e+04
1.067197e+04 1.078792e+04 1.078444e+04 1.067544e+04
1.075293e+04 1.074503e+04 1.075078e+04 1.074717e+04
1.084988e+04 1.071388e+04 1.072532e+04 1.083845e+04
1.061993e+04 1.069326e+04 1.070776e+04 1.060544e+04
1.071362e+04 1.068102e+04 1.069675e+04 1.069790e+04
1.057746e+04 1.067502e+04 1.069073e+04 1.056175e+04
1.054540e+04 1.067343e+04 1.068832e+04 1.053051e+04
1.047722e+04 1.067482e+04 1.068841e+04 1.046364e+04
1.056691e+04 1.067806e+04 1.069011e+04 1.055486e+04
1.054032e+04 1.068225e+04 1.069273e+04 1.052984e+04
1.078747e+04 1.068674e+04 1.069573e+04 1.077849e+04
1.077775e+04 1.069107e+04 1.069873e+04 1.077009e+04
1.060238e+04 1.069495e+04 1.070149e+04 1.059584e+04
1.065311e+04 1.069824e+04 1.070386e+04 1.064748e+04
1.061104e+04 1.070090e+04 1.070616e+04 1.060578e+04
1.074167e+04 1.070299e+04 1.071122e+04 1.073345e+04
1.091433e+04 1.070459e+04 1.072455e+04 1.089437e+04
1.072087e+04 1.070578e+04 1.074685e+04 1.067980e+04
1.086645e+04 1.070665e+04 1.077212e+04 1.080098e+04
1.080260e+04 1.070731e+04 1.079425e+04 1.071566e+04
1.066315e+04 1.070780e+04 1.081049e+04 1.056046e+04
1.077004e+04 1.070818e+04 1.082091e+04 1.065731e+04
1.093950e+04 1.070848e+04 1.082679e+04 1.082120e+04
1.091128e+04 1.070874e+04 1.082950e+04 1.079053e+04
1.084610e+04 1.070897e+04 1.082976e+04 1.072532e+04
1.088000e+04 1.070919e+04 1.082550e+04 1.076370e+04
1.081777e+04 1.070940e+04 1.081177e+04 1.071541e+04
1.091761e+04 1.070960e+04 1.078831e+04 1.083890e+04
1.086192e+04 1.070981e+04 1.076148e+04 1.081025e+04
1.064123e+04 1.071001e+04 1.073767e+04 1.061358e+04
1.064279e+04 1.071022e+04 1.071982e+04 1.063320e+04
1.088475e+04 1.071043e+04 1.070797e+04 1.088722e+04
1.084194e+04 1.071065e+04 1.070091e+04 1.085167e+04
1.056054e+04 1.071087e+04 1.069727e+04 1.057413e+04
1.071052e+04 1.071109e+04 1.069594e+04 1.072567e+04
1.088317e+04 1.071132e+04 1.069615e+04 1.089834e+04
1.059680e+04 1.071155e+04 1.069733e+04 1.061102e+04
1.062542e+04 1.071178e+04 1.069907e+04 1.063813e+04
1.065283e+04 1.071202e+04 1.070104e+04 1.066380e+04
1.065298e+04 1.071226e+04 1.070302e+04 1.066222e+04
1.073237e+04 1.071251e+04 1.070483e+04 1.074005e+04
1.064803e+04 1.071275e+04 1.070639e+04 1.065440e+04
1.052188e+04 1.071301e+04 1.070765e+04 1.052723e+04
1.072116e+04 1.071326e+04 1.070864e+04 1.072578e+04
1.078465e+04 1.071353e+04 1.070914e+04 1.078904e+04
1.080722e+04 1.071525e+04 1.070881e+04 1.081367e+04
1.080374e+04 1.072738e+04 1.071276e+04 1.081836e+04
1.072687e+04 1.075876e+04 1.072913e+04 1.075650e+04
1.093959e+04 1.080651e+04 1.075904e+04 1.098706e+04
1.076296e+04 1.085987e+04 1.079615e+04 1.082668e+04
1.073601e+04 1.090869e+04 1.083249e+04 1.081221e+04
1.096147e+04 1.094746e+04 1.086282e+04 1.104611e+04
1.069718e+04 1.097504e+04 1.088531e+04 1.078692e+04
1.074764e+04 1.099276e+04 1.090032e+04 1.084009e+04
1.071099e+04 1.100276e+04 1.090947e+04 1.080428e+04
1.086455e+04 1.100570e+04 1.091471e+04 1.095554e+04
1.081091e+04 1.099435e+04 1.091229e+04 1.089296e+04
1.090719e+04 1.096120e+04 1.089518e+04 1.097321e+04
1.085349e+04 1.091017e+04 1.086308e+04 1.090058e+04
1.085388e+04 1.085282e+04 1.082301e+04 1.088369e+04
1.075903e+04 1.079992e+04 1.078340e+04 1.077554e+04
1.086577e+04 1.075736e+04 1.074986e+04 1.087327e+04
1.059736e+04 1.072654e+04 1.072451e+04 1.059939e+04
1.079469e+04 1.070625e+04 1.070705e+04 1.079389e+04
1.071831e+04 1.069433e+04 1.069612e+04 1.071652e+04
1.064302e+04 1.068865e+04 1.069018e+04 1.064149e+04
1.079705e+04 1.068739e+04 1.068784e+04 1.079660e+04
1.063796e+04 1.068910e+04 1.068798e+04 1.063909e+04
1.055477e+04 1.069267e+04 1.068973e+04 1.055770e+04
1.062515e+04 1.069719e+04 1.069239e+04 1.062995e+04
1.067457e+04 1.070201e+04 1.069543e+04 1.068115e+04
1.051972e+04 1.070667e+04 1.069846e+04 1.052793e+04
1.069475e+04 1.071088e+04 1.070124e+04 1.070440e+04
1.073839e+04 1.071451e+04 1.070363e+04 1.074927e+04
1.062801e+04 1.071752e+04 1.070594e+04 1.063958e+04
1.080972e+04 1.071996e+04 1.071101e+04 1.081867e+04
1.072581e+04 1.072191e+04 1.072435e+04 1.072337e+04
1.074471e+04 1.072346e+04 1.074664e+04 1.072153e+04
1.080877e+04 1.072470e+04 1.077188e+04 1.076159e+04
1.103542e+04 1.072573e+04 1.079397e+04 1.096718e+04
1.084730e+04 1.072660e+04 1.081015e+04 1.076376e+04
1.094982e+04 1.072737e+04 1.082050e+04 1.085670e+04
1.096083e+04 1.072808e+04 1.082628e+04 1.086263e+04
1.090993e+04 1.072875e+04 1.082890e+04 1.080978e+04
1.083181e+04 1.072940e+04 1.083078e+04 1.073043e+04
1.084880e+04 1.073005e+04 1.083127e+04 1.074758e+04
