-0.000992425  0.001053  0.00128296  -0.047644  0.0688331  -0.197609  
-0.00209487  0.000476593  0.00114531  -0.0339737  0.136349  -0.1286  
-0.00268715  0.000476593  0.000947462  -0.0312159  0.119992  -0.0183515  
-0.00201009  -6.14289e-05  0.00107938  -0.035012  0.114831  -0.040012  
-0.00201009  5.78469e-05  0.00102635  -0.0182369  0.180031  -0.033521  
-0.00129289  -0.000324636  0.000732762  -0.0174429  0.158303  0.028626  
-0.000624476  -0.000203687  0.000826425  -0.017107  0.162253  -0.00654476  
-0.000613599  5.78469e-05  0.000871941  -0.0195983  0.196031  0.0273492  
-0.000425586  5.78469e-05  0.000800367  -0.0210845  0.134901  0.0665645  
-0.000744662  0.000172413  0.000882771  -0.0210243  0.157706  0.0159338  
-0.000755099  0.000180822  0.000816959  -0.00376515  0.182836  0.0359375  
-0.000624624  0.000378034  0.000857544  -0.0225649  0.11364  0.0339102  
-0.000354606  0.000586474  0.000609938  -0.0151178  0.158001  0.0359837  
-0.000566575  0.000581547  0.000649541  -0.022581  0.104001  0.100761  
-7.8983e-05  0.000516985  0.000874265  -0.0285885  0.0888617  0.0507478  
-0.00036899  0.000516985  0.000661523  -0.0259573  0.123163  0.079598  
-0.00050893  0.000984321  0.000688025  -0.0467019  0.0781361  0.137134  
-7.8983e-05  0.000516985  0.00069145  -0.0350501  0.0583773  0.113555  
-5.94446e-08  0.000911226  0.000676761  -0.0466722  0.108017  0.0780552  
-0.000355413  0.000938311  0.000417333  -0.04669  0.0923499  0.122431  
-0.000462087  0.000737417  0.00065363  -0.0388853  0.095127  0.0557376  
-0.000755451  0.000987035  0.000619961  -0.0361092  0.136902  0.0796808  
-0.000860833  0.000987035  0.000678548  -0.0554541  0.0781933  0.108843  
-0.000522509  0.000708387  0.000815007  -0.0450072  0.108317  0.0434409  
-0.000418801  0.000753827  0.00109626  -0.0448984  0.13528  0.0200362  
-0.000596671  0.000690876  0.00106365  -0.0449686  0.0828561  0.0741532  
-0.000718219  0.000989765  0.00102449  -0.0320235  0.128133  0.0633103  
-0.000965847  0.00110833  0.000938366  -0.0375198  0.090132  0.0962924  
-0.000977187  0.000373258  0.00095555  -0.026609  0.0618821  0.077187  
-0.00122915  0.00105256  0.000752748  -0.0265807  0.127069  0.0584494  
-0.000912369  0.000463835  0.000661279  -0.0245911  0.0637543  0.048418  
-0.00105764  0.000256058  0.000731711  -0.0265913  0.0891264  0.0624838  
-0.00124624  0.000475426  0.000874146  -0.0265881  0.0891001  0.0997216  
-0.00114303  0.000256059  0.000717725  -0.0266201  0.0711107  0.0770192  
-0.00110922  0.00107263  0.000705132  -0.010443  0.140769  0.0717483  
-0.00103388  0.000457463  0.000663121  -0.00750936  0.0739948  0.0898321  
-0.000776982  0.000846302  0.000751236  0.00033129  0.0948117  0.069601  
-0.00111363  0.000508667  0.00068118  0.00239893  0.115359  0.108618  
-0.00108575  0.000846302  0.000901565  -0.00754234  0.0538481  0.0400289  
-0.000916255  0.000846302  0.000636461  0.012213  0.101002  0.040026  
-0.00089441  0.000846302  0.000764579  0.00963963  0.0683703  0.0364913  
-0.00120647  0.000690185  0.000688407  0.00586273  0.059022  0.00979369  
-0.00130722  0.000650489  0.000524339  0.00842728  0.126126  0.0283537  
-0.00102107  0.000846302  0.000591743  -0.00229269  0.0713428  0.0641169  
-0.00085712  0.000846302  0.000387087  0.00345806  0.0906063  0.0071422  
-0.000670756  0.000407928  0.000518304  -0.00751536  0.0906078  0.0529691  
-0.000938358  0.000527192  0.00058456  0.00452481  0.0382476  0.0529989  
-0.00082861  0.00110791  0  -0.00761341  0.0785234  0.072685  
-0.000567369  0.000672655  0.000294538  -0.00463884  0.0309366  0.104703  
-0.00010587  0.000672655  0.000260252  -0.00757203  0.0677639  0.0761557  
-0.000498866  0.000672655  0.000245592  -0.0122276  0.0666189  0.0994417  
-2.74464e-07  0.000672655  0.000257727  -0.0144251  0.0374472  0.0669972  
-0.000338017  0.000672655  7.81472e-05  -0.00758982  0.0688073  0.110553  
-0.000451359  0.00119225  0  -0.0175361  0.0256608  0.113683  
-3.16153e-05  0.000672655  0.00040338  -0.010044  0.0621846  0.0744271  
-0.000276314  0.000935186  0  -0.0133272  0.0578386  0.0947122  
-0.00010587  0.000806947  0.000453276  -0.0235768  0.0459049  0.0093935  
-0.000614273  0.000672655  0.000667557  -0.0235235  0.0577971  0.00944644  
-0.000567482  0.000452931  0.000396141  -0.0235619  0.0578129  0.0483696  
-0.000344726  0.000299571  0  -0.0114019  0.0506012  0.0175026  
-0.00029372  0.000672655  0.000178998  -0.0172855  0.0578407  0.0212517  
5.98323e-05  0.000229674  0.000133758  -0.00727577  0.0499502  0.000565683  
0.000128554  0.000175813  3.30872e-24  -0.00728612  0.039936  -0.0131879  
-0.00010587  -0.000226166  0  -0.0145432  0.057845  0.00591697  
-0.000312102  -0.000226166  0  -0.0150712  0.00830421  -0.0148972  
-0.00010587  -0.000226166  0  -0.0126843  0.0483303  -0.0185756  
0.000130703  -0.000226166  0  -0.00729803  0.0238004  0.042374  
0.000322343  0.000363946  0  -0.00728574  0.0237854  -0.00911386  
-0.000172843  0.000613946  0  -0.0100065  0.0732687  0.0075243  
-0.00010587  0.000363946  -0.000428981  -0.00957062  -0.00514907  0.024314  
-0.00010587  0.000363946  -0.000121553  -0.00724844  0.0430716  -0.0218466  
-0.000540401  0.000264118  -0.000112392  -0.00724692  0.0357674  0.0140478  
0.000453213  0.000669222  -1.73652e-05  -0.00724405  0.00413172  -0.0190716  
-0.00010587  0.000511773  -0.000167697  -0.00724236  0.0503342  -0.0117382  
0.000150642  0.000140288  -7.08334e-05  -0.00722815  0.0428578  0.0296989  
0.000215399  0.000140288  -4.23979e-05  -0.00724752  0.00514855  -0.0279001  
-0.00044635  0.000423605  -4.49663e-06  -0.0140175  0.0615415  -0.0143299  
0.000334282  0.00032239  5.56611e-05  -0.0072331  0.0428478  0.0119336  
0.000276791  0.000720924  0.000200626  -0.00724238  0.0428535  -0.0113262  
0.000447583  0.000737219  0.000110103  -0.00162246  0.0825426  -0.01135  
0.000414762  0.000686583  0.000129544  -0.00723554  0.0210767  0.0153782  
0.000604697  0.000790614  0.000182706  -0.00723556  0.00994044  0.015381  
0.000601733  0.000658193  -0.00021185  -0.00724207  0.0349485  0.0153573  
0.000784407  0.000566177  2.67098e-05  -0.0072598  -0.00582458  0.021834  
0.000830779  0.000377204  -7.17023e-05  -0.00724947  0.0130099  -0.0113215  
0.00107552  0.000377204  -2.06554e-05  -0.00321734  0.000101822  -0.00877359  
0.000827805  0.000627204  0.000138014  -0.0104205  -0.0206064  -0.0489664  
0.000419002  0.000377204  -9.97116e-05  -0.00723744  0.0202227  -0.0445977  
0.000183468  0.000377204  4.72454e-05  -0.00723403  0.000365857  -0.011014  
-6.6044e-05  0.000432592  0.000138644  -0.00721449  0.0172688  -0.0481568  
-0.000161131  0.000315143  -0.00021185  -0.00724871  0.0424434  -0.0454794  
-8.90882e-05  0.000263518  0.000353209  -0.00722798  0.000515756  -0.0455207  
-0.00018598  0.000263518  0.000169353  -0.00722716  0.010214  -0.0455024  
0.000174638  0.000114979  -0.00021185  -0.00118442  0.000505153  -0.00333089  
-0.000106186  0.000124555  0.00022652  -0.00727781  -0.0533014  -0.0352733  
-0.000450403  -2.07882e-05  -6.42653e-05  -0.000216128  0.00793833  -0.0351797  
-0.000168931  -0.000268969  -0.000116013  0.0065571  -0.0151104  0.0326053  
-0.000116508  0.00023546  -0.000168878  -0.00729652  -0.0151326  -0.00312762  
-0.000241681  -0.000268969  -0.000117742  0.00308514  0.0313436  0.0217153  
-0.000215363  0.00012193  -0.000201635  -0.00729797  -0.0368282  0.0217124  
-0.000116508  0.000464544  -3.39907e-05  -1.62221e-05  -0.010811  -0.00266155  
0.000136823  0.000297012  -0.000426017  -0.00042318  0.0068595  0.0354698  
0.00102582  6.44648e-05  -0.000172726  0.00253736  -0.0362865  -0.00664542  
0.000231405  6.44648e-05  -0.000212603  -0.00178029  -0.000214126  0.0131948  
0.00035296  6.44648e-05  -0.000573989  0.000506599  -0.0286161  0.0310076  
0.000411339  0.000138592  -0.000337614  -0.00728397  -0.0286218  0.00106676  
0.00035296  0.000263745  -1.38474e-05  -0.0073056  -0.0286338  0.0357956  
0.000456488  0.000384481  -0.000285077  0.00312223  -0.0841923  0.054866  
0.000181522  0.000229784  -0.000206432  0.0134244  -0.0428048  0.0326673  
0.00035296  0.000522913  -9.91175e-05  0.0127925  -0.0324926  0.0596637  
0.000407518  0.000828686  1.4858e-05  0.0106878  -0.0593723  0.00448787  
9.1486e-05  0.000638638  -1.55132e-05  -0.00726854  -0.0142714  0.0427177  
-0.000131229  0.00063254  -1.52573e-05  -0.010114  -0.0503695  0.0515722  
-2.22486e-05  0.000199529  -0.000128865  -0.00728305  -0.0210328  -0.0160157  
-0.00093428  0.000105567  4.67419e-05  -0.00725229  -0.0104275  0.00469917  
-0.000660558  -0.000175  6.2911e-05  -0.00730274  -0.0646154  0.0220458  
-2.75557e-05  0.00048552  0.000225067  -0.00314774  -0.0262785  0.0473735  
-8.15236e-05  0.000743907  -6.91676e-05  -0.00739773  -0.0697128  0.118142  
-0.000325097  0.000682589  0.000241569  0.00676512  -0.0697551  0.0878504  
-0.000865034  0.000743907  0.000350905  0.000419877  -0.0697775  0.107243  
-0.000681516  0.000743907  0.000266555  0.00917135  -0.0800394  0.0906842  
-0.000671882  0.00021648  0.000266555  0.000102518  -0.0452304  0.124279  
-0.000538106  0.000518356  0.000637946  0.00333516  -0.0205649  0.0572743  
-0.00118027  0.000361621  0.000266555  -0.00729584  -0.06645  0.0904294  
-0.00152099  0.000361621  0.000346708  0.00707945  -0.0188771  0.0242589  
-0.000877703  0.00029163  0.000489248  0.0114456  -0.0343731  0.0406811  
-0.000422128  -0.000296443  0.000599358  0.0260796  -0.0395451  0.0111596  
-0.000698044  0.000164034  0.000266555  0.0486217  -0.0143779  0.0705672  
-0.000327772  -6.58277e-05  0.000512372  0.0690019  -0.0801913  0.0705582  
0.000281908  0.0003505  -0.000163851  0.0551239  -0.0343071  0.0597477  
-0.000166161  0.000234976  -0.000163851  0.0601324  -0.0627834  0.126162  
3.19078e-05  0.000268905  8.90351e-05  0.0559855  -0.0908888  0.0824919  
-0.000423323  -0.000327461  -0.000163851  0.0579639  -0.0489639  0.0494727  
3.19078e-05  0.00010838  -0.000163851  0.0355139  -0.057477  0.0879122  
-0.000352613  0.000498505  -0.00016385  0.0193231  -0.0574843  0.0146274  
-0.000354118  0.000165258  0.000167733  0.0193394  -0.0469007  0.0316916  
-0.000213174  0.000412497  -0.000163851  0.0193153  -0.0944208  0.0599042  
-0.000403207  0.00010838  0.000121899  0.0144636  -0.0687072  0.00176104  
3.19078e-05  0.00010838  -0.000163851  0.0193305  -0.0329329  0.0547673  
0.000299931  0.000292546  -7.86137e-05  -0.000163376  -0.0872499  0.0547902  
0.000662012  0.000619572  -0.000163851  0.0116894  -0.050603  0.0728771  
0.000232703  0.000323982  -0.00043389  0.0198883  -0.0936314  0.126802  
0.000485662  0.000276809  -0.000277509  0.0336805  -0.10776  0.0717925  
-0.000269268  -1.2312e-05  -0.000285943  0.0246755  -0.0906843  0.0497154  
-2.32572e-05  0.000478705  -0.000314097  0.0153094  -0.0959156  0.0497183  
-1.20371e-05  -4.41264e-06  -0.000414483  0.0222176  -0.0830927  0.0464274  
0.000496113  0.000478705  -0.000610288  0.0250244  -0.0467074  0.0676428  
0.000169989  0.000478705  -0.000206433  0.0201454  -0.112051  0.0501745  
5.66708e-05  0.000478705  -0.000287989  0.020625  -0.090071  0.0501897  
0.000560474  0.000478705  2.65965e-05  0.0162507  -0.0744443  0.050205  
0.000218404  0.000417401  -0.000216473  0.0189309  -0.109567  0.0282263  
0.000317806  0.000170653  -0.000313512  0.0269729  -0.0840409  0.0463005  
0.000287848  -9.04287e-05  -0.000239394  0.0187881  -0.0875448  0.0462921  
3.39017e-05  -0.000154286  -0.000219102  0.0290822  -0.12589  0.0462615  
0.000442969  0.000177926  -0.000282477  0.0270336  -0.0551639  0.0613231  
0.00026252  0.000414718  -0.000610289  0.0260961  -0.127549  0.0637551  
0.000206203  0.000402759  -0.000247718  0.0238902  -0.124672  0.0333737  
0.000609623  0.000558722  -0.00050139  0.020268  -0.0834877  0.0360421  
0.000340317  -0.000215616  -0.000610289  0.0296786  -0.136439  0.035925  
-0.000284432  8.41202e-05  -0.000339942  0.0215253  -0.10497  0.00691753  
9.86871e-05  8.41202e-05  -0.000421834  0.0211589  -0.105855  0.0730704  
0.0003376  5.10302e-05  -0.000485717  0.0281061  -0.133454  0.0361773  
0.000402063  0.000629497  -0.000574948  0.0208382  -0.0819211  0.0533202  
0.000251035  0.00051281  -0.00035865  0.0111454  -0.147461  0.0839458  
0.000467772  0.000585759  -0.000461834  0.0138841  -0.116658  0.0609886  
0.000314997  0.00051281  -0.000369402  0.0169041  -0.0785338  0.0855042  
0.000286879  0.00051281  -0.000395619  0.0197949  -0.123174  0.0512743  
0.000605301  0.00051281  -1.5179e-05  0.0254925  -0.153583  0.0701466  
-5.11808e-05  0.0003681  -0.000551499  0.0230556  -0.10482  0.0915601  
3.93161e-05  0.00051281  -0.000208061  0.00948448  -0.0994644  0.109995  
2.4128e-05  0.00076281  -0.000335475  -0.000219677  -0.17289  0.145964  
0.000408115  0.000637648  -0.000116025  0.00658457  -0.200075  0.0759625  
0.000506612  0.00051281  -0.000551499  -0.000171458  -0.135444  0.108317  
0.000268585  0.000436009  -0.000551499  -0.000167645  -0.164128  0.128525  
0.000376051  0.00051281  -0.000551499  0.00188878  -0.164121  0.0691636  
0.000450533  0.00051281  -0.000551499  -0.000171463  -0.14807  0.101478  
0.000526285  0.00051281  -0.00074351  -0.000150447  -0.164104  0.126235  
0.000450533  0.00051281  -0.000372702  -0.000153473  -0.17422  0.0786893  
-0.000585626  0.00051281  -0.000626981  -0.000104591  -0.11688  0.10394  
-0.000818327  0.000368129  -0.000405284  -0.000117582  -0.15608  0.114  
-0.000263139  8.98017e-05  -0.000123348  -8.28366e-05  -0.122702  0.0576477  
-0.000658313  8.98017e-05  -0.000218231  -0.00258064  -0.113192  0.0743067  
-0.00015283  0.000539555  -0.000219679  -0.000167107  -0.168521  0.114911  
0.000163566  8.98017e-05  -0.000577839  -0.000115365  -0.128875  0.124306  
0.000499999  0.000850773  -0.000577839  -0.00016955  -0.15403  0.162552  
0.00085133  0.000748206  -0.000792801  5.61987e-05  -0.186468  0.109267  
