0.5 8.524851e+03 8.460789e+03 8.546645e+03 8.610707e+03
1.5 8.770021e+03 8.497101e+03 8.558098e+03 8.831018e+03
2.5 8.802178e+03 8.601450e+03 8.566847e+03 8.767575e+03
3.5 8.801220e+03 8.696880e+03 8.562295e+03 8.666635e+03
4.5 8.786035e+03 8.743969e+03 8.552872e+03 8.594938e+03
5.5 8.633515e+03 8.756294e+03 8.546121e+03 8.423342e+03
6.5 8.722492e+03 8.751436e+03 8.542712e+03 8.513768e+03
7.5 8.683632e+03 8.739983e+03 8.541459e+03 8.485107e+03
8.5 8.786821e+03 8.724517e+03 8.538198e+03 8.600502e+03
9.5 8.501749e+03 8.675403e+03 8.527279e+03 8.353625e+03
10.5 8.680672e+03 8.561395e+03 8.519229e+03 8.638505e+03
11.5 8.485532e+03 8.459198e+03 8.524347e+03 8.550682e+03
12.5 8.437163e+03 8.406943e+03 8.534098e+03 8.564318e+03
13.5 8.189946e+03 8.390278e+03 8.541027e+03 8.340695e+03
14.5 8.222075e+03 8.391274e+03 8.544542e+03 8.375343e+03
15.5 8.263677e+03 8.399184e+03 8.545865e+03 8.410358e+03
16.5 8.229522e+03 8.411342e+03 8.549178e+03 8.367359e+03
17.5 8.365825e+03 8.457340e+03 8.560141e+03 8.468627e+03
18.5 8.535277e+03 8.568400e+03 8.568230e+03 8.535107e+03
19.5 8.690536e+03 8.667804e+03 8.563147e+03 8.585879e+03
20.5 8.722710e+03 8.717409e+03 8.553429e+03 8.558730e+03
21.5 8.788058e+03 8.731564e+03 8.546533e+03 8.603026e+03
22.5 8.673491e+03 8.728188e+03 8.543047e+03 8.488351e+03
23.5 8.677299e+03 8.718016e+03 8.541751e+03 8.501034e+03
24.5 8.600622e+03 8.703710e+03 8.538465e+03 8.435377e+03
25.5 8.703878e+03 8.655681e+03 8.527529e+03 8.575726e+03
0.5 8.229522e+03 8.411342e+03 8.549178e+03 8.367359e+03
1.5 8.365825e+03 8.457340e+03 8.560141e+03 8.468627e+03
2.5 8.535277e+03 8.568400e+03 8.568230e+03 8.535107e+03
3.5 8.690536e+03 8.667804e+03 8.563147e+03 8.585879e+03
4.5 8.722710e+03 8.717409e+03 8.553429e+03 8.558730e+03
5.5 8.788058e+03 8.731564e+03 8.546533e+03 8.603026e+03
6.5 8.673491e+03 8.728188e+03 8.543047e+03 8.488351e+03
7.5 8.677299e+03 8.718016e+03 8.541751e+03 8.501034e+03
8.5 8.600622e+03 8.703710e+03 8.538465e+03 8.435377e+03
9.5 8.703878e+03 8.655681e+03 8.527529e+03 8.575726e+03
10.5 8.584622e+03 8.542702e+03 8.519466e+03 8.561386e+03
11.5 8.512729e+03 8.441490e+03 8.524575e+03 8.595814e+03
12.5 8.440842e+03 8.390182e+03 8.534316e+03 8.584976e+03
13.5 8.335820e+03 8.374425e+03 8.541236e+03 8.502632e+03
14.5 8.410749e+03 8.376297e+03 8.544745e+03 8.579196e+03
15.5 8.315228e+03 8.385062e+03 8.546063e+03 8.476228e+03
16.5 8.295473e+03 8.398052e+03 8.549370e+03 8.446791e+03
17.5 8.578800e+03 8.444849e+03 8.560325e+03 8.694276e+03
18.5 8.563838e+03 8.556675e+03 8.568406e+03 8.575569e+03
19.5 8.757257e+03 8.656806e+03 8.563314e+03 8.663765e+03
20.5 8.661859e+03 8.707102e+03 8.553588e+03 8.508346e+03
21.5 8.722718e+03 8.721913e+03 8.546683e+03 8.547488e+03
22.5 8.669929e+03 8.719155e+03 8.543189e+03 8.493962e+03
23.5 8.730764e+03 8.709561e+03 8.541883e+03 8.563086e+03
24.5 8.715842e+03 8.695795e+03 8.538589e+03 8.558636e+03
25.5 8.762469e+03 8.648273e+03 8.527645e+03 8.641841e+03
0.5 8.295473e+03 8.398052e+03 8.549370e+03 8.446791e+03
1.5 8.578800e+03 8.444849e+03 8.560325e+03 8.694276e+03
2.5 8.563838e+03 8.556675e+03 8.568406e+03 8.575569e+03
3.5 8.757257e+03 8.656806e+03 8.563314e+03 8.663765e+03
4.5 8.661859e+03 8.707102e+03 8.553588e+03 8.508346e+03
5.5 8.722718e+03 8.721913e+03 8.546683e+03 8.547488e+03
6.5 8.669929e+03 8.719155e+03 8.543189e+03 8.493962e+03
7.5 8.730764e+03 8.709561e+03 8.541883e+03 8.563086e+03
8.5 8.715842e+03 8.695795e+03 8.538589e+03 8.558636e+03
9.5 8.762469e+03 8.648273e+03 8.527645e+03 8.641841e+03
10.5 8.766476e+03 8.535773e+03 8.519576e+03 8.750278e+03
11.5 8.609501e+03 8.435015e+03 8.524679e+03 8.699165e+03
12.5 8.627706e+03 8.384136e+03 8.534415e+03 8.777985e+03
13.5 8.461242e+03 8.368784e+03 8.541329e+03 8.633787e+03
14.5 8.384726e+03 8.371042e+03 8.544833e+03 8.558517e+03
15.5 8.412392e+03 8.380174e+03 8.546146e+03 8.578364e+03
16.5 8.165421e+03 8.393494e+03 8.549445e+03 8.321372e+03
17.5 8.486615e+03 8.440593e+03 8.560394e+03 8.606416e+03
18.5 8.732032e+03 8.552693e+03 8.568469e+03 8.747808e+03
19.5 8.683865e+03 8.653075e+03 8.563371e+03 8.594161e+03
20.5 8.645143e+03 8.703601e+03 8.553640e+03 8.495182e+03
21.5 8.701089e+03 8.718620e+03 8.546731e+03 8.529200e+03
22.5 8.761739e+03 8.716055e+03 8.543234e+03 8.588918e+03
23.5 8.770272e+03 8.706649e+03 8.541927e+03 8.605551e+03
24.5 8.669868e+03 8.693068e+03 8.538631e+03 8.515431e+03
25.5 8.640448e+03 8.645725e+03 8.527686e+03 8.522410e+03
0.5 8.165421e+03 8.393494e+03 8.549445e+03 8.321372e+03
1.5 8.486615e+03 8.440593e+03 8.560394e+03 8.606416e+03
2.5 8.732032e+03 8.552693e+03 8.568469e+03 8.747808e+03
3.5 8.683865e+03 8.653075e+03 8.563371e+03 8.594161e+03
4.5 8.645143e+03 8.703601e+03 8.553640e+03 8.495182e+03
5.5 8.701089e+03 8.718620e+03 8.546731e+03 8.529200e+03
6.5 8.761739e+03 8.716055e+03 8.543234e+03 8.588918e+03
7.5 8.770272e+03 8.706649e+03 8.541927e+03 8.605551e+03
8.5 8.669868e+03 8.693068e+03 8.538631e+03 8.515431e+03
9.5 8.640448e+03 8.645725e+03 8.527686e+03 8.522410e+03
10.5 8.421594e+03 8.533393e+03 8.519614e+03 8.407815e+03
11.5 8.316332e+03 8.432789e+03 8.524714e+03 8.408257e+03
12.5 8.272580e+03 8.382053e+03 8.534447e+03 8.424974e+03
13.5 8.261923e+03 8.366831e+03 8.541358e+03 8.436450e+03
14.5 8.326975e+03 8.369199e+03 8.544857e+03 8.502632e+03
15.5 8.131560e+03 8.378414e+03 8.546165e+03 8.299310e+03
16.5 8.111282e+03 8.391807e+03 8.549461e+03 8.268936e+03
17.5 8.412920e+03 8.438962e+03 8.560405e+03 8.534362e+03
18.5 8.529868e+03 8.551088e+03 8.568475e+03 8.547255e+03
19.5 8.395816e+03 8.651490e+03 8.563375e+03 8.307701e+03
20.5 8.649963e+03 8.702025e+03 8.553642e+03 8.501580e+03
21.5 8.733586e+03 8.717044e+03 8.546730e+03 8.563273e+03
22.5 8.750845e+03 8.714468e+03 8.543231e+03 8.579607e+03
23.5 8.715927e+03 8.705042e+03 8.541922e+03 8.552807e+03
24.5 8.595724e+03 8.691431e+03 8.538624e+03 8.442916e+03
25.5 8.698007e+03 8.644047e+03 8.527676e+03 8.581636e+03
0.5 8.111282e+03 8.391807e+03 8.549461e+03 8.268936e+03
1.5 8.412920e+03 8.438962e+03 8.560405e+03 8.534362e+03
2.5 8.529868e+03 8.551088e+03 8.568475e+03 8.547255e+03
3.5 8.395816e+03 8.651490e+03 8.563375e+03 8.307701e+03
4.5 8.649963e+03 8.702025e+03 8.553642e+03 8.501580e+03
5.5 8.733586e+03 8.717044e+03 8.546730e+03 8.563273e+03
6.5 8.750845e+03 8.714468e+03 8.543231e+03 8.579607e+03
7.5 8.715927e+03 8.705042e+03 8.541922e+03 8.552807e+03
8.5 8.595724e+03 8.691431e+03 8.538624e+03 8.442916e+03
9.5 8.698007e+03 8.644047e+03 8.527676e+03 8.581636e+03
10.5 8.464078e+03 8.531663e+03 8.519601e+03 8.452016e+03
11.5 8.320059e+03 8.430998e+03 8.524699e+03 8.413760e+03
12.5 8.284906e+03 8.380188e+03 8.534430e+03 8.439148e+03
13.5 8.420179e+03 8.364886e+03 8.541340e+03 8.596633e+03
14.5 8.526983e+03 8.367174e+03 8.544838e+03 8.704648e+03
15.5 8.505885e+03 8.376303e+03 8.546144e+03 8.675725e+03
16.5 8.456315e+03 8.389598e+03 8.549437e+03 8.616155e+03
17.5 8.558189e+03 8.436640e+03 8.560379e+03 8.681928e+03
18.5 8.612668e+03 8.548653e+03 8.568446e+03 8.632462e+03
19.5 8.681298e+03 8.648916e+03 8.563341e+03 8.595724e+03
20.5 8.712005e+03 8.699289e+03 8.553603e+03 8.566319e+03
21.5 8.657412e+03 8.714122e+03 8.546685e+03 8.489975e+03
22.5 8.621729e+03 8.711334e+03 8.543179e+03 8.453574e+03
23.5 8.552846e+03 8.701670e+03 8.541865e+03 8.393041e+03
24.5 8.734866e+03 8.687803e+03 8.538563e+03 8.585626e+03
25.5 8.623281e+03 8.640147e+03 8.527612e+03 8.510746e+03
0.5 8.456315e+03 8.389598e+03 8.549437e+03 8.616155e+03
1.5 8.558189e+03 8.436640e+03 8.560379e+03 8.681928e+03
2.5 8.612668e+03 8.548653e+03 8.568446e+03 8.632462e+03
3.5 8.681298e+03 8.648916e+03 8.563341e+03 8.595724e+03
4.5 8.712005e+03 8.699289e+03 8.553603e+03 8.566319e+03
5.5 8.657412e+03 8.714122e+03 8.546685e+03 8.489975e+03
6.5 8.621729e+03 8.711334e+03 8.543179e+03 8.453574e+03
7.5 8.552846e+03 8.701670e+03 8.541865e+03 8.393041e+03
8.5 8.734866e+03 8.687803e+03 8.538563e+03 8.585626e+03
9.5 8.623281e+03 8.640147e+03 8.527612e+03 8.510746e+03
10.5 8.658448e+03 8.527475e+03 8.519533e+03 8.650506e+03
11.5 8.684119e+03 8.426504e+03 8.524627e+03 8.782242e+03
12.5 8.676618e+03 8.375370e+03 8.534353e+03 8.835601e+03
13.5 8.564923e+03 8.359718e+03 8.541256e+03 8.746461e+03
14.5 8.282744e+03 8.361622e+03 8.544746e+03 8.465869e+03
15.5 8.208862e+03 8.370329e+03 8.546044e+03 8.384576e+03
16.5 7.983429e+03 8.383170e+03 8.549330e+03 8.149589e+03
17.5 8.382957e+03 8.429729e+03 8.560264e+03 8.513493e+03
18.5 8.687764e+03 8.541230e+03 8.568325e+03 8.714859e+03
19.5 8.751062e+03 8.640953e+03 8.563214e+03 8.673322e+03
20.5 8.781196e+03 8.690759e+03 8.553469e+03 8.643907e+03
21.5 8.607691e+03 8.705002e+03 8.546548e+03 8.449237e+03
22.5 8.604632e+03 8.701617e+03 8.543040e+03 8.446055e+03
23.5 8.715198e+03 8.691347e+03 8.541723e+03 8.565574e+03
24.5 8.721591e+03 8.676855e+03 8.538415e+03 8.583151e+03
25.5 8.600147e+03 8.628543e+03 8.527456e+03 8.499060e+03
0.5 7.983429e+03 8.383170e+03 8.549330e+03 8.149589e+03
1.5 8.382957e+03 8.429729e+03 8.560264e+03 8.513493e+03
2.5 8.687764e+03 8.541230e+03 8.568325e+03 8.714859e+03
3.5 8.751062e+03 8.640953e+03 8.563214e+03 8.673322e+03
4.5 8.781196e+03 8.690759e+03 8.553469e+03 8.643907e+03
5.5 8.607691e+03 8.705002e+03 8.546548e+03 8.449237e+03
6.5 8.604632e+03 8.701617e+03 8.543040e+03 8.446055e+03
7.5 8.715198e+03 8.691347e+03 8.541723e+03 8.565574e+03
8.5 8.721591e+03 8.676855e+03 8.538415e+03 8.583151e+03
9.5 8.600147e+03 8.628543e+03 8.527456e+03 8.499060e+03
10.5 8.677532e+03 8.515180e+03 8.519370e+03 8.681722e+03
11.5 8.679168e+03 8.413477e+03 8.524453e+03 8.790144e+03
12.5 8.354089e+03 8.361569e+03 8.534168e+03 8.526689e+03
13.5 8.412406e+03 8.345084e+03 8.541056e+03 8.608378e+03
14.5 8.177137e+03 8.346064e+03 8.544525e+03 8.375598e+03
15.5 8.230568e+03 8.353756e+03 8.545802e+03 8.422615e+03
16.5 8.317149e+03 8.365505e+03 8.549072e+03 8.500716e+03
17.5 8.469940e+03 8.410910e+03 8.559992e+03 8.619023e+03
18.5 8.613248e+03 8.521203e+03 8.568041e+03 8.660086e+03
19.5 8.614421e+03 8.619665e+03 8.562917e+03 8.557673e+03
20.5 8.648693e+03 8.668159e+03 8.553162e+03 8.533696e+03
21.5 8.673399e+03 8.681063e+03 8.546238e+03 8.538575e+03
22.5 8.608076e+03 8.676364e+03 8.542736e+03 8.474449e+03
23.5 8.618603e+03 8.664808e+03 8.541423e+03 8.495217e+03
24.5 8.614844e+03 8.649021e+03 8.538111e+03 8.503933e+03
0.5 8.317149e+03 8.365505e+03 8.549072e+03 8.500716e+03
1.5 8.469940e+03 8.410910e+03 8.559992e+03 8.619023e+03
2.5 8.613248e+03 8.521203e+03 8.568041e+03 8.660086e+03
3.5 8.614421e+03 8.619665e+03 8.562917e+03 8.557673e+03
4.5 8.648693e+03 8.668159e+03 8.553162e+03 8.533696e+03
5.5 8.673399e+03 8.681063e+03 8.546238e+03 8.538575e+03
6.5 8.608076e+03 8.676364e+03 8.542736e+03 8.474449e+03
7.5 8.618603e+03 8.664808e+03 8.541423e+03 8.495217e+03
8.5 8.614844e+03 8.649021e+03 8.538111e+03 8.503933e+03
