8.674274e+03 8.492515e+03 8.491355e+03 8.675434e+03
8.716229e+03 8.488312e+03 8.487185e+03 8.717357e+03
8.715385e+03 8.484390e+03 8.483319e+03 8.716455e+03
8.653234e+03 8.480676e+03 8.479649e+03 8.654262e+03
8.534304e+03 8.477122e+03 8.476128e+03 8.535297e+03
8.254359e+03 8.473700e+03 8.472737e+03 8.255323e+03
8.215820e+03 8.470402e+03 8.469466e+03 8.216756e+03
8.224505e+03 8.467223e+03 8.466313e+03 8.225415e+03
8.337393e+03 8.464144e+03 8.463253e+03 8.338284e+03
8.355412e+03 8.461126e+03 8.460275e+03 8.356263e+03
8.524851e+03 8.458393e+03 8.460789e+03 8.522455e+03
8.770021e+03 8.483253e+03 8.497101e+03 8.756173e+03
8.802178e+03 8.578852e+03 8.601450e+03 8.779580e+03
8.801220e+03 8.678834e+03 8.696880e+03 8.783174e+03
8.786035e+03 8.735346e+03 8.743969e+03 8.777412e+03
8.633515e+03 8.754422e+03 8.756294e+03 8.631642e+03
8.722492e+03 8.752973e+03 8.751436e+03 8.724029e+03
8.683632e+03 8.742773e+03 8.739983e+03 8.686422e+03
8.786821e+03 8.730568e+03 8.724517e+03 8.792872e+03
8.501749e+03 8.692373e+03 8.675403e+03 8.518719e+03
8.680672e+03 8.586416e+03 8.561395e+03 8.705692e+03
8.485532e+03 8.479099e+03 8.459198e+03 8.505434e+03
8.437163e+03 8.417094e+03 8.406943e+03 8.447314e+03
8.189946e+03 8.393500e+03 8.390278e+03 8.193169e+03
8.222075e+03 8.390981e+03 8.391274e+03 8.221783e+03
8.263677e+03 8.397568e+03 8.399184e+03 8.262061e+03
8.229522e+03 8.406413e+03 8.411342e+03 8.224593e+03
8.365825e+03 8.441447e+03 8.457340e+03 8.349933e+03
8.535277e+03 8.544419e+03 8.568400e+03 8.511296e+03
8.690536e+03 8.648906e+03 8.667804e+03 8.671638e+03
8.722710e+03 8.708229e+03 8.717409e+03 8.713530e+03
8.788058e+03 8.729280e+03 8.731564e+03 8.785774e+03
8.673491e+03 8.729389e+03 8.728188e+03 8.674693e+03
8.677299e+03 8.720514e+03 8.718016e+03 8.679797e+03
8.600622e+03 8.709494e+03 8.703710e+03 8.606406e+03
8.703878e+03 8.672401e+03 8.655681e+03 8.720598e+03
8.584622e+03 8.567485e+03 8.542702e+03 8.609405e+03
8.512729e+03 8.461164e+03 8.441490e+03 8.532404e+03
8.440842e+03 8.400115e+03 8.390182e+03 8.450774e+03
8.335820e+03 8.377438e+03 8.374425e+03 8.338833e+03
8.410749e+03 8.375802e+03 8.376297e+03 8.410253e+03
8.315228e+03 8.383248e+03 8.385062e+03 8.313414e+03
8.295473e+03 8.392931e+03 8.398052e+03 8.290352e+03
8.578800e+03 8.428773e+03 8.444849e+03 8.562724e+03
8.563838e+03 8.532517e+03 8.556675e+03 8.539681e+03
8.757257e+03 8.637741e+03 8.656806e+03 8.738192e+03
8.661859e+03 8.697763e+03 8.707102e+03 8.652520e+03
8.722718e+03 8.719479e+03 8.721913e+03 8.720283e+03
8.669929e+03 8.720216e+03 8.719155e+03 8.670989e+03
8.730764e+03 8.711926e+03 8.709561e+03 8.733129e+03
8.715842e+03 8.701455e+03 8.695795e+03 8.721502e+03
8.762469e+03 8.664877e+03 8.648273e+03 8.779073e+03
8.766476e+03 8.560446e+03 8.535773e+03 8.791149e+03
8.609501e+03 8.454585e+03 8.435015e+03 8.629071e+03
8.627706e+03 8.393970e+03 8.384136e+03 8.637540e+03
8.461242e+03 8.371704e+03 8.368784e+03 8.464162e+03
8.384726e+03 8.370457e+03 8.371042e+03 8.384141e+03
8.412392e+03 8.378277e+03 8.380174e+03 8.410495e+03
8.165421e+03 8.388298e+03 8.393494e+03 8.160225e+03
8.486615e+03 8.424448e+03 8.440593e+03 8.470470e+03
8.732032e+03 8.528473e+03 8.552693e+03 8.707813e+03
8.683865e+03 8.633953e+03 8.653075e+03 8.664743e+03
8.645143e+03 8.694209e+03 8.703601e+03 8.635751e+03
8.701089e+03 8.716138e+03 8.718620e+03 8.698607e+03
8.761739e+03 8.717070e+03 8.716055e+03 8.762755e+03
8.770272e+03 8.708970e+03 8.706649e+03 8.772594e+03
8.669868e+03 8.698686e+03 8.693068e+03 8.675486e+03
8.640448e+03 8.662288e+03 8.645725e+03 8.657011e+03
8.421594e+03 8.558028e+03 8.533393e+03 8.446229e+03
8.316332e+03 8.452324e+03 8.432789e+03 8.335867e+03
8.272580e+03 8.391855e+03 8.382053e+03 8.282382e+03
8.261923e+03 8.369722e+03 8.366831e+03 8.264814e+03
8.326975e+03 8.368591e+03 8.369199e+03 8.326367e+03
8.131560e+03 8.376499e+03 8.378414e+03 8.129644e+03
8.111282e+03 8.386595e+03 8.391807e+03 8.106070e+03
8.412920e+03 8.422806e+03 8.438962e+03 8.396764e+03
8.529868e+03 8.526863e+03 8.551088e+03 8.505642e+03
8.395816e+03 8.632364e+03 8.651490e+03 8.376690e+03
8.649963e+03 8.692632e+03 8.702025e+03 8.640570e+03
8.733586e+03 8.714562e+03 8.717044e+03 8.731105e+03
8.750845e+03 8.715487e+03 8.714468e+03 8.751863e+03
8.715927e+03 8.707369e+03 8.705042e+03 8.718254e+03
8.595724e+03 8.697056e+03 8.691431e+03 8.601349e+03
8.698007e+03 8.660620e+03 8.644047e+03 8.714580e+03
8.464078e+03 8.556311e+03 8.531663e+03 8.488726e+03
8.320059e+03 8.450548e+03 8.430998e+03 8.339609e+03
8.284906e+03 8.390007e+03 8.380188e+03 8.294725e+03
8.420179e+03 8.367795e+03 8.364886e+03 8.423088e+03
8.526983e+03 8.366585e+03 8.367174e+03 8.526394e+03
8.505885e+03 8.374408e+03 8.376303e+03 8.503990e+03
8.456315e+03 8.384410e+03 8.389598e+03 8.451127e+03
8.558189e+03 8.420510e+03 8.436640e+03 8.542060e+03
8.612668e+03 8.524455e+03 8.548653e+03 8.588471e+03
8.681298e+03 8.629823e+03 8.648916e+03 8.662205e+03
8.712005e+03 8.689935e+03 8.699289e+03 8.702651e+03
8.657412e+03 8.711686e+03 8.714122e+03 8.654976e+03
8.621729e+03 8.712403e+03 8.711334e+03 8.622798e+03
8.552846e+03 8.704054e+03 8.701670e+03 8.555229e+03
8.734866e+03 8.693489e+03 8.687803e+03 8.740552e+03
8.623281e+03 8.656784e+03 8.640147e+03 8.639919e+03
8.658448e+03 8.552191e+03 8.527475e+03 8.683164e+03
8.684119e+03 8.446126e+03 8.426504e+03 8.703742e+03
8.676618e+03 8.385266e+03 8.375370e+03 8.686515e+03
8.564923e+03 8.362711e+03 8.359718e+03 8.567916e+03
8.282744e+03 8.361125e+03 8.361622e+03 8.282247e+03
8.208862e+03 8.368535e+03 8.370329e+03 8.207068e+03
7.983429e+03 8.378089e+03 8.383170e+03 7.978348e+03
8.382957e+03 8.413713e+03 8.429729e+03 8.366942e+03
8.687764e+03 8.517153e+03 8.541230e+03 8.663687e+03
8.751062e+03 8.621988e+03 8.640953e+03 8.732097e+03
8.781196e+03 8.681539e+03 8.690759e+03 8.771976e+03
8.607691e+03 8.702704e+03 8.705002e+03 8.605393e+03
8.604632e+03 8.702826e+03 8.701617e+03 8.605841e+03
8.715198e+03 8.693873e+03 8.691347e+03 8.717724e+03
8.721591e+03 8.682689e+03 8.676855e+03 8.727425e+03
8.600147e+03 8.645336e+03 8.628543e+03 8.616940e+03
8.677532e+03 8.540060e+03 8.515180e+03 8.702412e+03
8.679168e+03 8.433273e+03 8.413477e+03 8.698964e+03
8.354089e+03 8.371649e+03 8.361569e+03 8.364169e+03
8.412406e+03 8.348277e+03 8.345084e+03 8.415600e+03
8.177137e+03 8.345788e+03 8.346064e+03 8.176861e+03
8.230568e+03 8.352202e+03 8.353756e+03 8.229015e+03
8.317149e+03 8.360682e+03 8.365505e+03 8.312327e+03
8.469940e+03 8.395167e+03 8.410910e+03 8.454197e+03
8.613248e+03 8.497411e+03 8.521203e+03 8.589456e+03
8.614421e+03 8.600997e+03 8.619665e+03 8.595753e+03
8.648693e+03 8.659246e+03 8.668159e+03 8.639781e+03
8.673399e+03 8.679073e+03 8.681063e+03 8.671410e+03
8.608076e+03 8.677877e+03 8.676364e+03 8.609589e+03
8.618603e+03 8.667635e+03 8.664808e+03 8.621429e+03
8.614844e+03 8.655160e+03 8.649021e+03 8.620982e+03
8.625429e+03 8.616483e+03 8.607293e+03 8.634619e+03
