-0.00147456  -0.00115907  0.00148647  0.0351963  0.142828  -0.00442517  
-0.00126488  -0.00106459  0.00148647  0.0410675  0.161058  -0.00855939  
-0.000567376  -0.00117762  0.00148647  0.0410664  0.142832  0.00255845  
-0.00101644  -0.00121749  0.00148647  0.0437316  0.142869  -0.0115623  
-0.00101644  -0.00106459  0.00148647  0.0410675  0.170808  -0.00460871  
-0.00063797  -0.00106459  0.00148647  0.0410675  0.158745  0.00864832  
-0.000350879  -0.00106459  0.00148648  0.0410675  0.118111  -0.00744199  
-0.000683821  -0.000947966  0.00148648  0.0410743  0.116195  -0.00486729  
-0.000635902  -0.000901765  0.00148648  0.0410989  0.136355  0.0225005  
-0.000273443  -0.000923521  0.00148648  0.0384779  0.127196  -0.0247994  
-0.000427259  -0.00084644  0.00148648  0.041073  0.091538  -0.00819116  
-0.00140065  -0.000975576  0.00148648  0.0300519  0.119117  -0.00738037  
-0.000345379  -0.000998255  0.00130928  0.0535461  0.123198  0.00733542  
-0.000219951  -0.0008485  0.00148648  0.0410737  0.086141  -0.00985097  
-0.000408165  -0.000430454  0.00107496  0.041044  0.0763484  -0.00978435  
-0.000775697  -0.000430454  0.00107496  0.041044  0.123077  -0.018846  
-0.000775697  -0.000637753  0.00121772  0.0543931  0.119925  -0.0203175  
-0.000608176  -0.000893473  0.00159101  0.0835492  0.0744817  0.0158803  
-0.000775697  -0.000893473  0.00149314  0.0689099  0.0656377  0.0247659  
-0.000963507  -0.00127027  0.00142901  0.0766247  0.129959  0.0316549  
0.000106594  -0.000912263  0.00130804  0.0731297  0.0738739  0.0388217  
-0.000668512  -0.00108533  0.00107496  0.0632494  0.0647146  0.0420966  
-0.00324039  -0.000816458  0.00107496  0.0541608  0.0980449  0.0760488  
0.000173042  -0.000901538  0.00107496  0.0632592  0.11165  0.0343225  
-8.00308e-05  -0.00082851  0.00107496  0.0632252  0.0698388  0.0662719  
-0.000398685  -0.000862999  0.00107496  0.0563388  0.108358  0.0534188  
-0.000245644  -0.000632427  0.00107496  0.0632475  0.104518  0.0460533  
-0.00175459  -0.000763974  0.00107496  0.047085  0.0365156  0.0742024  
-0.00191815  -0.000710398  0.00107496  0.0460526  0.0364997  0.0548425  
-0.00201113  -0.000867846  0.00107496  0.0444276  0.075852  0.0533451  
-7.3474e-05  -0.000494369  0.000778015  0.0369512  0.0769349  0.0200768  
-0.00130483  -0.000231984  0.000978296  0.0386741  0.0273797  0.0497201  
-0.00174948  -0.000256859  0.000914844  0.0245417  0.0609582  0.0625087  
0.000241092  -0.000117171  0.00057507  0.0210971  0.0963477  0.0190678  
0.000122205  -8.74876e-05  0.00057507  0.0210916  0.0440211  0.00906525  
-0.00039516  -0.000140109  0.000141543  0.00703818  0.0887271  0.0118244  
-0.000972946  -0.000141561  0.000469114  0.0209561  0.0464361  0.0352927  
0.000491712  -0.000193647  0.0003201  0.011895  0.0503739  0.00837557  
8.33463e-05  4.25673e-05  0.000141543  0.0014956  0.0312063  0.00952493  
-5.10375e-05  -0.00014817  0.000141543  0.0014383  0.0790248  0.0334392  
0.000136236  -0.000327297  0.000141543  0.0014425  0.0304072  0.0251639  
-0.000602906  0.000173835  0.000216331  0.0015161  -0.00705559  0.025443  
-0.0009642  8.31063e-05  0.000350987  0.00157853  0.0170907  0.0134052  
0.000206685  8.31063e-05  0.000141543  0.00156246  -0.0134964  -0.0369692  
-0.000608288  -0.000117317  0.000141543  0.00155069  -0.0226083  -0.0184916  
-0.00021141  8.31063e-05  4.25121e-05  0.00155  0.0373016  0.0083786  
8.12714e-05  -5.12548e-05  -3.83706e-05  0.00156246  0.00199337  -0.00657977  
-0.000340966  -4.10491e-05  0.000197084  0.00155317  -0.0543041  -0.00657721  
-0.00077811  -0.000396529  0.000141543  0.00154708  -0.00402341  -0.00340625  
-4.65868e-05  8.31063e-05  3.75356e-05  0.00154585  0.0230494  -0.00666544  
-4.65868e-05  8.31063e-05  -0.000146065  0.0015608  -0.0248844  0.0153333  
-0.00130376  0.000134613  -0.000599691  0.00155812  -0.0659207  0.0323876  
5.15959e-05  8.31063e-05  -0.000779894  0.00155713  -0.0154553  0.0152329  
-9.69837e-05  -5.63477e-05  -0.000272055  0.00161041  -0.0154745  -0.029776  
0.00030245  -0.000101377  -0.000303773  0.00156556  -0.0396053  0.00916238  
-0.000122509  -0.000246154  -0.000127826  0.00896039  -0.0281854  0.0152135  
-0.000396932  -0.00024962  -0.00024928  0.00397308  0.00984055  -0.00875862  
-0.00167921  8.31063e-05  -0.00024928  0.0150764  -0.078007  0.0205704  
-0.000727265  8.31063e-05  -0.00024928  0.00160349  -0.0681749  0.00763813  
-0.000297405  0.000470335  0.000197938  0.0151981  0.0143714  0.0379234  
-0.000531818  0.000507161  0.000156859  0.0144617  -0.0358938  0.0621285  
-0.000539784  0.00075878  0.000229139  0.0196963  -0.0637063  0.0682394  
-0.000727265  8.31064e-05  -0.00024928  0.0316239  -0.0447405  0.117841  
-0.000821834  8.31064e-05  -0.00024928  0.031624  -0.0119482  0.102018  
-0.00090211  8.31064e-05  -9.67402e-05  0.0223974  -0.0219394  0.106549  
-0.00116513  0.000265894  -0.000177099  0.00677876  -0.0620225  0.115195  
-0.000943076  -7.29921e-05  -0.000358052  0.00682372  -0.0213216  0.122397  
-0.000676314  -0.000154798  -0.00024928  0.0214614  -0.0714372  0.110496  
-0.000776211  -0.000411165  -0.00024928  0.0289947  -0.0638605  0.0873434  
0.000150074  8.31064e-05  0.000597827  0.0264561  -0.129946  0.0706309  
1.83606e-05  8.31064e-05  0.000646608  0.0247761  -0.109737  0.0421903  
0.000338998  8.31064e-05  0.000165486  0.0122784  -0.0670841  0.016836  
0.00144279  0.000735286  0.000636342  0.0142987  -0.107857  0.00647244  
-0.000852673  0.000182428  0.000386342  0.00664361  -0.107945  0.0561817  
0.0011582  8.31064e-05  -0.000205991  0.00666006  -0.0762716  0.0254117  
-0.000248885  8.31064e-05  0.000161616  0.00663012  -0.116288  -0.00908348  
-0.00107917  0.000332636  3.8345e-05  0.00663968  -0.104528  0.00535484  
0.000425578  0.000418408  -0.00011326  0.00667648  -0.11473  -0.0123581  
-0.000213519  0.000251031  -0.00011326  0.00668061  -0.11618  -0.0227605  
-0.00149727  0.000304708  8.2412e-06  0.00665643  -0.107834  -0.00365403  
0.000368029  0.00058777  -0.00011326  0.00671094  -0.12339  -0.046037  
-0.000342577  0.000635516  -0.00011326  0.00158855  -0.152414  -0.0132983  
-0.000592577  0.000897792  -0.00011326  0.00665844  -0.0996514  -0.00365154  
8.18608e-05  0.000492096  -0.000339086  0.00433542  -0.104651  -0.0520408  
-0.000510924  0.000256693  -0.000628349  0.00668505  -0.127893  -0.0602563  
-0.0019377  0.000330089  0.000108653  0.00654548  -0.155763  -0.0113363  
-0.000212057  0.000522111  -0.000628349  0.00669725  -0.140373  -0.0282901  
-0.000559989  0.000674245  -0.000102825  0.0131574  -0.192708  -0.00904651  
-0.000870421  0.000514988  -0.000197927  0.0104381  -0.126457  0.0159035  
-0.000512052  0.000707852  -0.000284499  0.033157  -0.159318  0.00778093  
-0.00126326  0.00104172  -0.000267678  0.0209066  -0.174941  0.0263  
-0.00109297  0.00117191  -0.000307184  0.0110248  -0.129638  0.055137  
-0.00103321  0.00111004  5.61144e-05  0.0266545  -0.168902  0.0406262  
