9.295717e+03 9.169355e+03 9.169232e+03 9.295841e+03
9.219353e+03 9.167955e+03 9.167835e+03 9.219473e+03
9.198743e+03 9.166648e+03 9.166534e+03 9.198857e+03
9.190324e+03 9.165411e+03 9.165302e+03 9.190433e+03
9.151405e+03 9.164227e+03 9.164121e+03 9.151511e+03
9.114322e+03 9.163087e+03 9.162985e+03 9.114424e+03
9.066078e+03 9.161988e+03 9.161889e+03 9.066177e+03
9.085374e+03 9.160929e+03 9.160833e+03 9.085471e+03
9.131919e+03 9.159904e+03 9.159809e+03 9.132014e+03
9.167552e+03 9.158898e+03 9.158808e+03 9.167642e+03
9.198158e+03 9.157988e+03 9.158242e+03 9.197903e+03
9.272781e+03 9.166269e+03 9.167741e+03 9.271309e+03
9.341642e+03 9.198117e+03 9.200518e+03 9.339241e+03
9.335879e+03 9.231424e+03 9.233342e+03 9.333961e+03
9.274092e+03 9.250250e+03 9.251166e+03 9.273176e+03
9.233972e+03 9.256605e+03 9.256804e+03 9.233773e+03
9.228935e+03 9.256122e+03 9.255959e+03 9.229098e+03
9.202333e+03 9.252724e+03 9.252428e+03 9.202630e+03
9.224890e+03 9.248658e+03 9.248015e+03 9.225533e+03
9.186080e+03 9.235934e+03 9.234131e+03 9.187884e+03
9.172565e+03 9.200636e+03 9.197978e+03 9.175224e+03
9.129958e+03 9.164886e+03 9.162771e+03 9.132073e+03
9.116018e+03 9.144230e+03 9.143151e+03 9.117097e+03
9.087213e+03 9.136370e+03 9.136028e+03 9.087556e+03
9.080737e+03 9.135531e+03 9.135562e+03 9.080706e+03
9.096156e+03 9.137725e+03 9.137897e+03 9.095985e+03
9.100867e+03 9.140671e+03 9.141195e+03 9.100343e+03
9.150458e+03 9.152343e+03 9.154031e+03 9.148770e+03
9.179467e+03 9.186646e+03 9.189194e+03 9.176919e+03
9.219865e+03 9.221454e+03 9.223462e+03 9.217856e+03
9.250300e+03 9.241216e+03 9.242192e+03 9.249324e+03
9.266061e+03 9.248229e+03 9.248472e+03 9.265818e+03
9.249737e+03 9.248266e+03 9.248138e+03 9.249865e+03
9.221441e+03 9.245309e+03 9.245043e+03 9.221707e+03
9.204004e+03 9.241638e+03 9.241023e+03 9.204618e+03
9.222618e+03 9.229281e+03 9.227504e+03 9.224395e+03
9.193173e+03 9.194330e+03 9.191696e+03 9.195806e+03
9.170730e+03 9.158911e+03 9.156820e+03 9.172820e+03
9.137197e+03 9.138573e+03 9.137518e+03 9.138252e+03
9.112009e+03 9.131019e+03 9.130699e+03 9.112330e+03
9.131709e+03 9.130474e+03 9.130527e+03 9.131657e+03
9.115422e+03 9.132955e+03 9.133148e+03 9.115229e+03
9.122134e+03 9.136180e+03 9.136725e+03 9.121589e+03
9.183836e+03 9.148121e+03 9.149829e+03 9.182127e+03
9.187001e+03 9.182681e+03 9.185248e+03 9.184434e+03
9.215075e+03 9.217734e+03 9.219760e+03 9.213049e+03
9.224862e+03 9.237730e+03 9.238722e+03 9.223869e+03
9.223041e+03 9.244964e+03 9.245223e+03 9.222782e+03
9.216670e+03 9.245209e+03 9.245097e+03 9.216782e+03
9.263538e+03 9.242448e+03 9.242197e+03 9.263789e+03
9.276006e+03 9.238960e+03 9.238358e+03 9.276608e+03
9.296564e+03 9.226774e+03 9.225010e+03 9.298329e+03
9.278630e+03 9.191985e+03 9.189363e+03 9.281252e+03
9.229829e+03 9.156719e+03 9.154640e+03 9.231909e+03
9.201350e+03 9.136526e+03 9.135481e+03 9.202395e+03
9.155640e+03 9.129109e+03 9.128799e+03 9.155951e+03
9.142536e+03 9.128694e+03 9.128756e+03 9.142474e+03
9.119998e+03 9.131299e+03 9.131500e+03 9.119796e+03
9.113157e+03 9.134637e+03 9.135189e+03 9.112605e+03
9.176008e+03 9.146680e+03 9.148395e+03 9.174292e+03
9.226013e+03 9.181334e+03 9.183908e+03 9.223439e+03
9.206579e+03 9.216473e+03 9.218505e+03 9.204547e+03
9.216195e+03 9.236546e+03 9.237544e+03 9.215198e+03
9.251639e+03 9.243851e+03 9.244115e+03 9.251375e+03
9.268349e+03 9.244162e+03 9.244054e+03 9.268457e+03
9.251023e+03 9.241463e+03 9.241217e+03 9.251270e+03
9.217273e+03 9.238037e+03 9.237440e+03 9.217870e+03
9.195501e+03 9.225912e+03 9.224152e+03 9.197261e+03
9.169213e+03 9.191179e+03 9.188561e+03 9.171831e+03
9.127184e+03 9.155966e+03 9.153890e+03 9.129260e+03
9.130058e+03 9.135822e+03 9.134780e+03 9.131100e+03
9.116098e+03 9.128449e+03 9.128141e+03 9.116405e+03
9.111387e+03 9.128072e+03 9.128137e+03 9.111322e+03
9.067535e+03 9.130706e+03 9.130910e+03 9.067332e+03
9.061961e+03 9.134069e+03 9.134623e+03 9.061407e+03
9.099525e+03 9.146133e+03 9.147850e+03 9.097808e+03
9.117199e+03 9.180797e+03 9.183372e+03 9.114625e+03
9.130064e+03 9.215943e+03 9.217976e+03 9.128032e+03
9.195947e+03 9.236020e+03 9.237019e+03 9.194949e+03
9.258112e+03 9.243326e+03 9.243590e+03 9.257848e+03
9.277143e+03 9.243634e+03 9.243526e+03 9.277251e+03
9.245068e+03 9.240930e+03 9.240683e+03 9.245315e+03
9.194549e+03 9.237494e+03 9.236897e+03 9.195147e+03
9.196366e+03 9.225356e+03 9.223595e+03 9.198127e+03
9.151608e+03 9.190607e+03 9.187988e+03 9.154227e+03
9.113843e+03 9.155374e+03 9.153297e+03 9.115920e+03
9.123425e+03 9.135206e+03 9.134163e+03 9.124468e+03
9.155927e+03 9.127807e+03 9.127498e+03 9.156236e+03
9.190452e+03 9.127404e+03 9.127466e+03 9.190389e+03
9.184895e+03 9.130010e+03 9.130211e+03 9.184693e+03
9.169693e+03 9.133342e+03 9.133893e+03 9.169141e+03
9.178042e+03 9.145368e+03 9.147082e+03 9.176328e+03
9.200311e+03 9.179995e+03 9.182567e+03 9.197740e+03
9.233796e+03 9.215097e+03 9.217126e+03 9.231767e+03
9.231597e+03 9.235122e+03 9.236116e+03 9.230603e+03
9.222810e+03 9.242368e+03 9.242627e+03 9.222551e+03
9.202287e+03 9.242607e+03 9.242493e+03 9.202401e+03
9.226319e+03 9.239825e+03 9.239572e+03 9.226573e+03
9.248026e+03 9.236306e+03 9.235702e+03 9.248631e+03
9.231394e+03 9.224078e+03 9.222310e+03 9.233162e+03
9.299764e+03 9.189235e+03 9.186608e+03 9.302391e+03
9.225627e+03 9.153901e+03 9.151816e+03 9.227712e+03
9.190603e+03 9.133627e+03 9.132575e+03 9.191655e+03
9.160432e+03 9.126113e+03 9.125795e+03 9.160751e+03
9.098202e+03 9.125585e+03 9.125637e+03 9.098149e+03
9.052984e+03 9.128053e+03 9.128244e+03 9.052793e+03
9.017330e+03 9.131236e+03 9.131776e+03 9.016790e+03
9.100435e+03 9.143104e+03 9.144805e+03 9.098733e+03
9.202131e+03 9.177563e+03 9.180121e+03 9.199572e+03
9.251420e+03 9.212487e+03 9.214502e+03 9.249405e+03
9.256354e+03 9.232325e+03 9.233305e+03 9.255374e+03
9.220361e+03 9.239376e+03 9.239620e+03 9.220117e+03
9.199532e+03 9.239416e+03 9.239288e+03 9.199661e+03
9.199180e+03 9.236434e+03 9.236166e+03 9.199448e+03
9.214628e+03 9.232708e+03 9.232088e+03 9.215248e+03
9.258626e+03 9.220265e+03 9.218480e+03 9.260410e+03
9.248836e+03 9.185194e+03 9.182550e+03 9.251480e+03
9.179104e+03 9.149620e+03 9.147516e+03 9.181208e+03
9.116154e+03 9.129091e+03 9.128019e+03 9.117225e+03
9.107483e+03 9.121305e+03 9.120965e+03 9.107822e+03
9.073682e+03 9.120475e+03 9.120505e+03 9.073653e+03
9.091150e+03 9.122612e+03 9.122777e+03 9.090985e+03
9.122167e+03 9.125437e+03 9.125950e+03 9.121654e+03
9.163499e+03 9.136925e+03 9.138598e+03 9.161826e+03
9.193628e+03 9.170986e+03 9.173514e+03 9.191100e+03
9.203933e+03 9.205494e+03 9.207478e+03 9.201949e+03
9.232171e+03 9.224898e+03 9.225846e+03 9.231224e+03
9.252855e+03 9.231504e+03 9.231715e+03 9.252643e+03
9.268725e+03 9.231105e+03 9.230944e+03 9.268886e+03
9.261303e+03 9.227693e+03 9.227393e+03 9.261603e+03
9.222000e+03 9.223537e+03 9.222885e+03 9.222653e+03
9.197943e+03 9.210653e+03 9.209676e+03 9.198919e+03
