0.5 9.355768e+03 9.415811e+03 9.498651e+03 9.438607e+03
1.5 9.233767e+03 9.402624e+03 9.482431e+03 9.313574e+03
2.5 9.285908e+03 9.346744e+03 9.423513e+03 9.362677e+03
3.5 9.408891e+03 9.287540e+03 9.362179e+03 9.483529e+03
4.5 9.262495e+03 9.254323e+03 9.327105e+03 9.335277e+03
5.5 9.273148e+03 9.243963e+03 9.314585e+03 9.343770e+03
6.5 9.255152e+03 9.246317e+03 9.314450e+03 9.323285e+03
7.5 9.211433e+03 9.254208e+03 9.319635e+03 9.276860e+03
8.5 9.112061e+03 9.263349e+03 9.325946e+03 9.174658e+03
9.5 9.243005e+03 9.271496e+03 9.331226e+03 9.302735e+03
10.5 9.225944e+03 9.275965e+03 9.334961e+03 9.284940e+03
11.5 9.414025e+03 9.346745e+03 9.353996e+03 9.421276e+03
12.5 9.542688e+03 9.607864e+03 9.414668e+03 9.349491e+03
13.5 9.970902e+03 9.889432e+03 9.477126e+03 9.558596e+03
14.5 1.017787e+04 1.005775e+04 9.512991e+03 9.633114e+03
15.5 1.000679e+04 1.012545e+04 9.526003e+03 9.407339e+03
16.5 1.013942e+04 1.006747e+04 9.509788e+03 9.581739e+03
17.5 1.008959e+04 9.792514e+03 9.445585e+03 9.742659e+03
18.5 9.595295e+03 9.490453e+03 9.377906e+03 9.482748e+03
19.5 9.405812e+03 9.305351e+03 9.337555e+03 9.438015e+03
20.5 9.281350e+03 9.229887e+03 9.321445e+03 9.372908e+03
21.5 9.027839e+03 9.218590e+03 9.319177e+03 9.128427e+03
22.5 9.003476e+03 9.237007e+03 9.323193e+03 9.089661e+03
23.5 9.044956e+03 9.263830e+03 9.328870e+03 9.109996e+03
24.5 9.078150e+03 9.287644e+03 9.333781e+03 9.124287e+03
25.5 9.048725e+03 9.301017e+03 9.337266e+03 9.084974e+03
26.5 9.179253e+03 9.290199e+03 9.356097e+03 9.245151e+03
27.5 9.216577e+03 9.255179e+03 9.416568e+03 9.377966e+03
0.5 1.000679e+04 1.012545e+04 9.526003e+03 9.407339e+03
1.5 1.013942e+04 1.006747e+04 9.509788e+03 9.581739e+03
2.5 1.008959e+04 9.792514e+03 9.445585e+03 9.742659e+03
3.5 9.595295e+03 9.490453e+03 9.377906e+03 9.482748e+03
4.5 9.405812e+03 9.305351e+03 9.337555e+03 9.438015e+03
5.5 9.281350e+03 9.229887e+03 9.321445e+03 9.372908e+03
6.5 9.027839e+03 9.218590e+03 9.319177e+03 9.128427e+03
7.5 9.003476e+03 9.237007e+03 9.323193e+03 9.089661e+03
8.5 9.044956e+03 9.263830e+03 9.328870e+03 9.109996e+03
9.5 9.078150e+03 9.287644e+03 9.333781e+03 9.124287e+03
10.5 9.048725e+03 9.301017e+03 9.337266e+03 9.084974e+03
11.5 9.179253e+03 9.290199e+03 9.356097e+03 9.245151e+03
12.5 9.216577e+03 9.255179e+03 9.416568e+03 9.377966e+03
13.5 9.307809e+03 9.230683e+03 9.478822e+03 9.555947e+03
14.5 9.281072e+03 9.224149e+03 9.514488e+03 9.571411e+03
15.5 9.255002e+03 9.229704e+03 9.527310e+03 9.552608e+03
16.5 9.061813e+03 9.255748e+03 9.510921e+03 9.316986e+03
17.5 9.321492e+03 9.301883e+03 9.446584e+03 9.466193e+03
18.5 9.539562e+03 9.334075e+03 9.378779e+03 9.584267e+03
19.5 9.324219e+03 9.345749e+03 9.338308e+03 9.316778e+03
20.5 9.314286e+03 9.347119e+03 9.322084e+03 9.289251e+03
21.5 9.265623e+03 9.344678e+03 9.319708e+03 9.240653e+03
22.5 9.378924e+03 9.341271e+03 9.323619e+03 9.361273e+03
23.5 9.239495e+03 9.338305e+03 9.329198e+03 9.230388e+03
24.5 9.152144e+03 9.336259e+03 9.334012e+03 9.149897e+03
25.5 9.543499e+03 9.331501e+03 9.337405e+03 9.549403e+03
26.5 9.401794e+03 9.309464e+03 9.356146e+03 9.448476e+03
27.5 9.618334e+03 9.267843e+03 9.416528e+03 9.767020e+03
0.5 9.255002e+03 9.229704e+03 9.527310e+03 9.552608e+03
1.5 9.061813e+03 9.255748e+03 9.510921e+03 9.316986e+03
2.5 9.321492e+03 9.301883e+03 9.446584e+03 9.466193e+03
3.5 9.539562e+03 9.334075e+03 9.378779e+03 9.584267e+03
4.5 9.324219e+03 9.345749e+03 9.338308e+03 9.316778e+03
5.5 9.314286e+03 9.347119e+03 9.322084e+03 9.289251e+03
6.5 9.265623e+03 9.344678e+03 9.319708e+03 9.240653e+03
7.5 9.378924e+03 9.341271e+03 9.323619e+03 9.361273e+03
8.5 9.239495e+03 9.338305e+03 9.329198e+03 9.230388e+03
9.5 9.152144e+03 9.336259e+03 9.334012e+03 9.149897e+03
10.5 9.543499e+03 9.331501e+03 9.337405e+03 9.549403e+03
11.5 9.401794e+03 9.309464e+03 9.356146e+03 9.448476e+03
12.5 9.618334e+03 9.267843e+03 9.416528e+03 9.767020e+03
13.5 9.455918e+03 9.239310e+03 9.478695e+03 9.695304e+03
14.5 9.432837e+03 9.229991e+03 9.514275e+03 9.717121e+03
15.5 9.196290e+03 9.233316e+03 9.527013e+03 9.489987e+03
16.5 9.291341e+03 9.257363e+03 9.510538e+03 9.544516e+03
17.5 9.295031e+03 9.301596e+03 9.446116e+03 9.439551e+03
18.5 9.423602e+03 9.331940e+03 9.378224e+03 9.469885e+03
19.5 9.545265e+03 9.341795e+03 9.337665e+03 9.541135e+03
20.5 9.361465e+03 9.341370e+03 9.321352e+03 9.341447e+03
21.5 9.410481e+03 9.337156e+03 9.318883e+03 9.392208e+03
22.5 9.369743e+03 9.332001e+03 9.322700e+03 9.360443e+03
23.5 9.527039e+03 9.327311e+03 9.328180e+03 9.527908e+03
24.5 9.472133e+03 9.323572e+03 9.332893e+03 9.481453e+03
25.5 9.118627e+03 9.318681e+03 9.336179e+03 9.136125e+03
26.5 9.189699e+03 9.382068e+03 9.354809e+03 9.162440e+03
27.5 9.814346e+03 9.636915e+03 9.415075e+03 9.592505e+03
0.5 9.196290e+03 9.233316e+03 9.527013e+03 9.489987e+03
1.5 9.291341e+03 9.257363e+03 9.510538e+03 9.544516e+03
2.5 9.295031e+03 9.301596e+03 9.446116e+03 9.439551e+03
3.5 9.423602e+03 9.331940e+03 9.378224e+03 9.469885e+03
4.5 9.545265e+03 9.341795e+03 9.337665e+03 9.541135e+03
5.5 9.361465e+03 9.341370e+03 9.321352e+03 9.341447e+03
6.5 9.410481e+03 9.337156e+03 9.318883e+03 9.392208e+03
7.5 9.369743e+03 9.332001e+03 9.322700e+03 9.360443e+03
8.5 9.527039e+03 9.327311e+03 9.328180e+03 9.527908e+03
9.5 9.472133e+03 9.323572e+03 9.332893e+03 9.481453e+03
10.5 9.118627e+03 9.318681e+03 9.336179e+03 9.136125e+03
11.5 9.189699e+03 9.382068e+03 9.354809e+03 9.162440e+03
12.5 9.814346e+03 9.636915e+03 9.415075e+03 9.592505e+03
13.5 1.002951e+04 9.912746e+03 9.477120e+03 9.593883e+03
14.5 1.002431e+04 1.007556e+04 9.512572e+03 9.461316e+03
15.5 9.930974e+03 1.013787e+04 9.525174e+03 9.318275e+03
16.5 9.969003e+03 1.007456e+04 9.508556e+03 9.402997e+03
17.5 9.753964e+03 9.794456e+03 9.443983e+03 9.403491e+03
18.5 9.551207e+03 9.487230e+03 9.375933e+03 9.439910e+03
19.5 9.282717e+03 9.296942e+03 9.335205e+03 9.320980e+03
20.5 9.109562e+03 9.216270e+03 9.318714e+03 9.212006e+03
21.5 9.098282e+03 9.199747e+03 9.316057e+03 9.214593e+03
22.5 9.393493e+03 9.212919e+03 9.319674e+03 9.500248e+03
23.5 9.350928e+03 9.234477e+03 9.324943e+03 9.441393e+03
24.5 9.226163e+03 9.253005e+03 9.329432e+03 9.302590e+03
25.5 9.203282e+03 9.261067e+03 9.332481e+03 9.274696e+03
26.5 9.018507e+03 9.244910e+03 9.350860e+03 9.124457e+03
27.5 8.962243e+03 9.204517e+03 9.410862e+03 9.168588e+03
0.5 9.930974e+03 1.013787e+04 9.525174e+03 9.318275e+03
1.5 9.969003e+03 1.007456e+04 9.508556e+03 9.402997e+03
2.5 9.753964e+03 9.794456e+03 9.443983e+03 9.403491e+03
3.5 9.551207e+03 9.487230e+03 9.375933e+03 9.439910e+03
4.5 9.282717e+03 9.296942e+03 9.335205e+03 9.320980e+03
5.5 9.109562e+03 9.216270e+03 9.318714e+03 9.212006e+03
6.5 9.098282e+03 9.199747e+03 9.316057e+03 9.214593e+03
7.5 9.393493e+03 9.212919e+03 9.319674e+03 9.500248e+03
8.5 9.350928e+03 9.234477e+03 9.324943e+03 9.441393e+03
9.5 9.226163e+03 9.253005e+03 9.329432e+03 9.302590e+03
10.5 9.203282e+03 9.261067e+03 9.332481e+03 9.274696e+03
11.5 9.018507e+03 9.244910e+03 9.350860e+03 9.124457e+03
12.5 8.962243e+03 9.204517e+03 9.410862e+03 9.168588e+03
13.5 8.950939e+03 9.174608e+03 9.472627e+03 9.248958e+03
14.5 9.005625e+03 9.162612e+03 9.507782e+03 9.350795e+03
15.5 9.196059e+03 9.162583e+03 9.520040e+03 9.553515e+03
16.5 9.221152e+03 9.182966e+03 9.503055e+03 9.541241e+03
17.5 9.219955e+03 9.223352e+03 9.438096e+03 9.434699e+03
18.5 8.947485e+03 9.249713e+03 9.369655e+03 9.067427e+03
19.5 9.315355e+03 9.255466e+03 9.328539e+03 9.388429e+03
20.5 9.254171e+03 9.250803e+03 9.311654e+03 9.315022e+03
21.5 9.236301e+03 9.242194e+03 9.308589e+03 9.302696e+03
22.5 9.230064e+03 9.232460e+03 9.311778e+03 9.309383e+03
23.5 9.372161e+03 9.222989e+03 9.316594e+03 9.465767e+03
24.5 9.286008e+03 9.214245e+03 9.320604e+03 9.392367e+03
25.5 9.487917e+03 9.204105e+03 9.323146e+03 9.606958e+03
26.5 9.453074e+03 9.261981e+03 9.340989e+03 9.532082e+03
27.5 9.545755e+03 9.510980e+03 9.400411e+03 9.435186e+03
0.5 9.196059e+03 9.162583e+03 9.520040e+03 9.553515e+03
1.5 9.221152e+03 9.182966e+03 9.503055e+03 9.541241e+03
2.5 9.219955e+03 9.223352e+03 9.438096e+03 9.434699e+03
3.5 8.947485e+03 9.249713e+03 9.369655e+03 9.067427e+03
4.5 9.315355e+03 9.255466e+03 9.328539e+03 9.388429e+03
5.5 9.254171e+03 9.250803e+03 9.311654e+03 9.315022e+03
6.5 9.236301e+03 9.242194e+03 9.308589e+03 9.302696e+03
7.5 9.230064e+03 9.232460e+03 9.311778e+03 9.309383e+03
8.5 9.372161e+03 9.222989e+03 9.316594e+03 9.465767e+03
9.5 9.286008e+03 9.214245e+03 9.320604e+03 9.392367e+03
10.5 9.487917e+03 9.204105e+03 9.323146e+03 9.606958e+03
11.5 9.453074e+03 9.261981e+03 9.340989e+03 9.532082e+03
12.5 9.545755e+03 9.510980e+03 9.400411e+03 9.435186e+03
13.5 9.870722e+03 9.780414e+03 9.461510e+03 9.551818e+03
14.5 9.854798e+03 9.936194e+03 9.495899e+03 9.414503e+03
15.5 9.979560e+03 9.990748e+03 9.507471e+03 9.496283e+03
