0.5 9.346672e+03 9.399758e+03 9.445498e+03 9.392412e+03
1.5 9.364324e+03 9.396793e+03 9.437877e+03 9.405408e+03
2.5 9.437397e+03 9.403520e+03 9.410177e+03 9.444054e+03
3.5 9.448395e+03 9.419704e+03 9.381368e+03 9.410059e+03
4.5 9.429544e+03 9.433877e+03 9.364942e+03 9.360609e+03
5.5 9.465789e+03 9.443827e+03 9.359202e+03 9.381164e+03
6.5 9.427267e+03 9.451372e+03 9.367181e+03 9.343075e+03
7.5 9.457138e+03 9.445864e+03 9.397717e+03 9.408990e+03
8.5 9.485369e+03 9.429377e+03 9.429863e+03 9.485855e+03
9.5 9.399703e+03 9.414510e+03 9.449112e+03 9.434306e+03
10.5 9.386003e+03 9.406270e+03 9.456919e+03 9.436653e+03
11.5 9.327877e+03 9.403203e+03 9.458184e+03 9.382858e+03
12.5 9.407514e+03 9.403021e+03 9.456467e+03 9.460960e+03
13.5 9.327902e+03 9.404109e+03 9.453947e+03 9.377739e+03
14.5 9.318445e+03 9.405445e+03 9.451768e+03 9.364768e+03
15.5 9.439644e+03 9.404279e+03 9.450241e+03 9.485606e+03
16.5 9.396788e+03 9.400265e+03 9.441467e+03 9.437991e+03
17.5 9.448403e+03 9.406343e+03 9.413060e+03 9.455120e+03
18.5 9.473869e+03 9.422059e+03 9.383796e+03 9.435606e+03
19.5 9.504213e+03 9.435838e+03 9.367040e+03 9.435415e+03
20.5 9.416638e+03 9.445422e+03 9.361029e+03 9.332245e+03
21.5 9.423894e+03 9.452614e+03 9.368764e+03 9.340044e+03
22.5 9.475029e+03 9.446762e+03 9.399071e+03 9.427338e+03
0.5 9.439644e+03 9.404279e+03 9.450241e+03 9.485606e+03
1.5 9.396788e+03 9.400265e+03 9.441467e+03 9.437991e+03
2.5 9.448403e+03 9.406343e+03 9.413060e+03 9.455120e+03
3.5 9.473869e+03 9.422059e+03 9.383796e+03 9.435606e+03
4.5 9.504213e+03 9.435838e+03 9.367040e+03 9.435415e+03
5.5 9.416638e+03 9.445422e+03 9.361029e+03 9.332245e+03
6.5 9.423894e+03 9.452614e+03 9.368764e+03 9.340044e+03
7.5 9.475029e+03 9.446762e+03 9.399071e+03 9.427338e+03
8.5 9.443040e+03 9.429938e+03 9.430997e+03 9.444100e+03
9.5 9.430614e+03 9.414740e+03 9.450033e+03 9.465908e+03
10.5 9.422377e+03 9.406176e+03 9.457635e+03 9.473836e+03
11.5 9.424032e+03 9.402790e+03 9.458701e+03 9.479942e+03
12.5 9.377717e+03 9.402297e+03 9.456793e+03 9.432213e+03
13.5 9.401890e+03 9.403079e+03 9.454088e+03 9.452899e+03
14.5 9.439739e+03 9.404144e+03 9.451732e+03 9.487327e+03
15.5 9.366168e+03 9.406737e+03 9.450098e+03 9.409529e+03
16.5 9.400654e+03 9.427189e+03 9.449114e+03 9.422579e+03
17.5 9.558829e+03 9.481590e+03 9.448564e+03 9.525803e+03
18.5 9.557675e+03 9.530906e+03 9.448253e+03 9.475022e+03
19.5 9.557440e+03 9.555553e+03 9.448055e+03 9.449943e+03
20.5 9.502201e+03 9.560799e+03 9.447903e+03 9.389306e+03
21.5 9.547917e+03 9.539067e+03 9.447767e+03 9.456616e+03
22.5 9.495718e+03 9.479670e+03 9.447632e+03 9.463679e+03
0.5 9.405672e+03 9.395650e+03 9.446332e+03 9.456353e+03
1.5 9.355794e+03 9.391688e+03 9.438201e+03 9.402306e+03
2.5 9.339443e+03 9.397418e+03 9.410004e+03 9.352029e+03
3.5 9.343028e+03 9.412604e+03 9.380713e+03 9.311138e+03
4.5 9.405129e+03 9.425792e+03 9.363818e+03 9.343155e+03
5.5 9.428659e+03 9.434727e+03 9.357616e+03 9.351547e+03
6.5 9.426022e+03 9.441226e+03 9.365143e+03 9.349939e+03
7.5 9.414703e+03 9.434650e+03 9.395238e+03 9.375291e+03
8.5 9.347861e+03 9.417079e+03 9.426952e+03 9.357734e+03
9.5 9.425155e+03 9.401126e+03 9.445778e+03 9.469807e+03
10.5 9.420898e+03 9.391797e+03 9.453170e+03 9.482271e+03
11.5 9.355506e+03 9.387630e+03 9.454025e+03 9.421902e+03
12.5 9.373198e+03 9.386327e+03 9.451906e+03 9.438776e+03
13.5 9.372127e+03 9.386267e+03 9.448986e+03 9.434846e+03
14.5 9.407583e+03 9.386451e+03 9.446412e+03 9.467544e+03
15.5 9.414890e+03 9.388120e+03 9.444554e+03 9.471324e+03
16.5 9.448026e+03 9.407600e+03 9.443340e+03 9.483767e+03
17.5 9.535266e+03 9.460962e+03 9.442552e+03 9.516856e+03
18.5 9.554662e+03 9.509134e+03 9.441994e+03 9.487522e+03
19.5 9.520609e+03 9.532457e+03 9.441538e+03 9.429690e+03
20.5 9.545308e+03 9.528142e+03 9.441117e+03 9.458282e+03
