0.5 7.484081e+03 7.494537e+03 7.593118e+03 7.582662e+03
1.5 7.500713e+03 7.541571e+03 7.631903e+03 7.591045e+03
2.5 7.613111e+03 7.603733e+03 7.661203e+03 7.670582e+03
3.5 7.626234e+03 7.622349e+03 7.645524e+03 7.649410e+03
4.5 7.624062e+03 7.609671e+03 7.613616e+03 7.628008e+03
5.5 7.601812e+03 7.593163e+03 7.590803e+03 7.599453e+03
6.5 7.614427e+03 7.580851e+03 7.579256e+03 7.612833e+03
7.5 7.557300e+03 7.572891e+03 7.575063e+03 7.559472e+03
8.5 7.552727e+03 7.568486e+03 7.575014e+03 7.559255e+03
9.5 7.588607e+03 7.566582e+03 7.576705e+03 7.598730e+03
10.5 7.592249e+03 7.569402e+03 7.567742e+03 7.590589e+03
11.5 7.567022e+03 7.596788e+03 7.530648e+03 7.500882e+03
12.5 7.564302e+03 7.661408e+03 7.502454e+03 7.405348e+03
13.5 7.710240e+03 7.714514e+03 7.518762e+03 7.514488e+03
14.5 7.755099e+03 7.737834e+03 7.551085e+03 7.568349e+03
15.5 7.670868e+03 7.739177e+03 7.585078e+03 7.516769e+03
16.5 7.710521e+03 7.708102e+03 7.635403e+03 7.637822e+03
17.5 7.716922e+03 7.637016e+03 7.668834e+03 7.748740e+03
18.5 7.615217e+03 7.577556e+03 7.653137e+03 7.690798e+03
19.5 7.544639e+03 7.549304e+03 7.619421e+03 7.614755e+03
20.5 7.550973e+03 7.541226e+03 7.594550e+03 7.604297e+03
21.5 7.539967e+03 7.542655e+03 7.581420e+03 7.578731e+03
22.5 7.530445e+03 7.547619e+03 7.576246e+03 7.559072e+03
23.5 7.545518e+03 7.552782e+03 7.575674e+03 7.568410e+03
24.5 7.504300e+03 7.556590e+03 7.577114e+03 7.524824e+03
25.5 7.510970e+03 7.556502e+03 7.568043e+03 7.522511e+03
26.5 7.533593e+03 7.552103e+03 7.530917e+03 7.512406e+03
27.5 7.549134e+03 7.556218e+03 7.502723e+03 7.495639e+03
0.5 7.670868e+03 7.739177e+03 7.585078e+03 7.516769e+03
1.5 7.710521e+03 7.708102e+03 7.635403e+03 7.637822e+03
2.5 7.716922e+03 7.637016e+03 7.668834e+03 7.748740e+03
3.5 7.615217e+03 7.577556e+03 7.653137e+03 7.690798e+03
4.5 7.544639e+03 7.549304e+03 7.619421e+03 7.614755e+03
5.5 7.550973e+03 7.541226e+03 7.594550e+03 7.604297e+03
6.5 7.539967e+03 7.542655e+03 7.581420e+03 7.578731e+03
7.5 7.530445e+03 7.547619e+03 7.576246e+03 7.559072e+03
8.5 7.545518e+03 7.552782e+03 7.575674e+03 7.568410e+03
9.5 7.504300e+03 7.556590e+03 7.577114e+03 7.524824e+03
10.5 7.510970e+03 7.556502e+03 7.568043e+03 7.522511e+03
11.5 7.533593e+03 7.552103e+03 7.530917e+03 7.512406e+03
12.5 7.549134e+03 7.556218e+03 7.502723e+03 7.495639e+03
13.5 7.574150e+03 7.570041e+03 7.519029e+03 7.523139e+03
14.5 7.548616e+03 7.582779e+03 7.551342e+03 7.517179e+03
15.5 7.633265e+03 7.592020e+03 7.585318e+03 7.626564e+03
16.5 7.551212e+03 7.599852e+03 7.635607e+03 7.586967e+03
17.5 7.601470e+03 7.595983e+03 7.669005e+03 7.674492e+03
18.5 7.631194e+03 7.580971e+03 7.653299e+03 7.703522e+03
19.5 7.568215e+03 7.566686e+03 7.619575e+03 7.621104e+03
20.5 7.529935e+03 7.558386e+03 7.594696e+03 7.566244e+03
21.5 7.457845e+03 7.554942e+03 7.581559e+03 7.484462e+03
22.5 7.571741e+03 7.554265e+03 7.576380e+03 7.593855e+03
23.5 7.487499e+03 7.554857e+03 7.575802e+03 7.508445e+03
24.5 7.495363e+03 7.555748e+03 7.577238e+03 7.516853e+03
25.5 7.603415e+03 7.554136e+03 7.568162e+03 7.617441e+03
26.5 7.584894e+03 7.549069e+03 7.531033e+03 7.566858e+03
27.5 7.637535e+03 7.552929e+03 7.502837e+03 7.587443e+03
0.5 7.633265e+03 7.592020e+03 7.585318e+03 7.626564e+03
1.5 7.551212e+03 7.599852e+03 7.635607e+03 7.586967e+03
2.5 7.601470e+03 7.595983e+03 7.669005e+03 7.674492e+03
3.5 7.631194e+03 7.580971e+03 7.653299e+03 7.703522e+03
4.5 7.568215e+03 7.566686e+03 7.619575e+03 7.621104e+03
5.5 7.529935e+03 7.558386e+03 7.594696e+03 7.566244e+03
6.5 7.457845e+03 7.554942e+03 7.581559e+03 7.484462e+03
7.5 7.571741e+03 7.554265e+03 7.576380e+03 7.593855e+03
8.5 7.487499e+03 7.554857e+03 7.575802e+03 7.508445e+03
9.5 7.495363e+03 7.555748e+03 7.577238e+03 7.516853e+03
10.5 7.603415e+03 7.554136e+03 7.568162e+03 7.617441e+03
11.5 7.584894e+03 7.549069e+03 7.531033e+03 7.566858e+03
12.5 7.637535e+03 7.552929e+03 7.502837e+03 7.587443e+03
13.5 7.677895e+03 7.566655e+03 7.519142e+03 7.630382e+03
14.5 7.663400e+03 7.579341e+03 7.551453e+03 7.635513e+03
15.5 7.572814e+03 7.588532e+03 7.585429e+03 7.569710e+03
16.5 7.556621e+03 7.596308e+03 7.635717e+03 7.596031e+03
17.5 7.589807e+03 7.592371e+03 7.669116e+03 7.666552e+03
18.5 7.589882e+03 7.577282e+03 7.653412e+03 7.666012e+03
19.5 7.618060e+03 7.562911e+03 7.619689e+03 7.674838e+03
20.5 7.630005e+03 7.554517e+03 7.594813e+03 7.670301e+03
21.5 7.592792e+03 7.550971e+03 7.581680e+03 7.623501e+03
22.5 7.546894e+03 7.550185e+03 7.576504e+03 7.573213e+03
23.5 7.555268e+03 7.550661e+03 7.575931e+03 7.580538e+03
24.5 7.524309e+03 7.551475e+03 7.577371e+03 7.550205e+03
25.5 7.510140e+03 7.555536e+03 7.568302e+03 7.522905e+03
26.5 7.560015e+03 7.583397e+03 7.531179e+03 7.507797e+03
27.5 7.737585e+03 7.648171e+03 7.502989e+03 7.592403e+03
0.5 7.572814e+03 7.588532e+03 7.585429e+03 7.569710e+03
1.5 7.556621e+03 7.596308e+03 7.635717e+03 7.596031e+03
2.5 7.589807e+03 7.592371e+03 7.669116e+03 7.666552e+03
3.5 7.589882e+03 7.577282e+03 7.653412e+03 7.666012e+03
4.5 7.618060e+03 7.562911e+03 7.619689e+03 7.674838e+03
5.5 7.630005e+03 7.554517e+03 7.594813e+03 7.670301e+03
6.5 7.592792e+03 7.550971e+03 7.581680e+03 7.623501e+03
7.5 7.546894e+03 7.550185e+03 7.576504e+03 7.573213e+03
8.5 7.555268e+03 7.550661e+03 7.575931e+03 7.580538e+03
9.5 7.524309e+03 7.551475e+03 7.577371e+03 7.550205e+03
10.5 7.510140e+03 7.555536e+03 7.568302e+03 7.522905e+03
11.5 7.560015e+03 7.583397e+03 7.531179e+03 7.507797e+03
12.5 7.737585e+03 7.648171e+03 7.502989e+03 7.592403e+03
13.5 7.738671e+03 7.701325e+03 7.519302e+03 7.556648e+03
14.5 7.716717e+03 7.724661e+03 7.551621e+03 7.543678e+03
15.5 7.651185e+03 7.725999e+03 7.585606e+03 7.510792e+03
16.5 7.693828e+03 7.694899e+03 7.635904e+03 7.634833e+03
17.5 7.621281e+03 7.623770e+03 7.669314e+03 7.666826e+03
18.5 7.580172e+03 7.564222e+03 7.653621e+03 7.669571e+03
19.5 7.482686e+03 7.535841e+03 7.619910e+03 7.566755e+03
20.5 7.396498e+03 7.527593e+03 7.595047e+03 7.463952e+03
21.5 7.473000e+03 7.528810e+03 7.581927e+03 7.526116e+03
22.5 7.516040e+03 7.533523e+03 7.576765e+03 7.559281e+03
23.5 7.542022e+03 7.538396e+03 7.576208e+03 7.579834e+03
24.5 7.566584e+03 7.541876e+03 7.577664e+03 7.602372e+03
25.5 7.528712e+03 7.541422e+03 7.568612e+03 7.555901e+03
26.5 7.488753e+03 7.536620e+03 7.531507e+03 7.483639e+03
27.5 7.448607e+03 7.540295e+03 7.503336e+03 7.411648e+03
0.5 7.651185e+03 7.725999e+03 7.585606e+03 7.510792e+03
1.5 7.693828e+03 7.694899e+03 7.635904e+03 7.634833e+03
2.5 7.621281e+03 7.623770e+03 7.669314e+03 7.666826e+03
3.5 7.580172e+03 7.564222e+03 7.653621e+03 7.669571e+03
4.5 7.482686e+03 7.535841e+03 7.619910e+03 7.566755e+03
5.5 7.396498e+03 7.527593e+03 7.595047e+03 7.463952e+03
6.5 7.473000e+03 7.528810e+03 7.581927e+03 7.526116e+03
7.5 7.516040e+03 7.533523e+03 7.576765e+03 7.559281e+03
8.5 7.542022e+03 7.538396e+03 7.576208e+03 7.579834e+03
9.5 7.566584e+03 7.541876e+03 7.577664e+03 7.602372e+03
10.5 7.528712e+03 7.541422e+03 7.568612e+03 7.555901e+03
11.5 7.488753e+03 7.536620e+03 7.531507e+03 7.483639e+03
12.5 7.448607e+03 7.540295e+03 7.503336e+03 7.411648e+03
13.5 7.486620e+03 7.553640e+03 7.519668e+03 7.452649e+03
14.5 7.564509e+03 7.565885e+03 7.552029e+03 7.550654e+03
15.5 7.551273e+03 7.574619e+03 7.586060e+03 7.562713e+03
16.5 7.574850e+03 7.581885e+03 7.636384e+03 7.629349e+03
17.5 7.590038e+03 7.577395e+03 7.669808e+03 7.682451e+03
18.5 7.522395e+03 7.561695e+03 7.654115e+03 7.614815e+03
19.5 7.590326e+03 7.546666e+03 7.620406e+03 7.664067e+03
20.5 7.609222e+03 7.537575e+03 7.595555e+03 7.667202e+03
21.5 7.503207e+03 7.533294e+03 7.582456e+03 7.552369e+03
22.5 7.555832e+03 7.531735e+03 7.577323e+03 7.601420e+03
23.5 7.591079e+03 7.531393e+03 7.576798e+03 7.636485e+03
24.5 7.549663e+03 7.531342e+03 7.578290e+03 7.596610e+03
25.5 7.602975e+03 7.534486e+03 7.569273e+03 7.637761e+03
26.5 7.625039e+03 7.561370e+03 7.532214e+03 7.595882e+03
27.5 7.642011e+03 7.625084e+03 7.504126e+03 7.521054e+03
0.5 7.551273e+03 7.574619e+03 7.586060e+03 7.562713e+03
1.5 7.574850e+03 7.581885e+03 7.636384e+03 7.629349e+03
2.5 7.590038e+03 7.577395e+03 7.669808e+03 7.682451e+03
3.5 7.522395e+03 7.561695e+03 7.654115e+03 7.614815e+03
4.5 7.590326e+03 7.546666e+03 7.620406e+03 7.664067e+03
5.5 7.609222e+03 7.537575e+03 7.595555e+03 7.667202e+03
6.5 7.503207e+03 7.533294e+03 7.582456e+03 7.552369e+03
7.5 7.555832e+03 7.531735e+03 7.577323e+03 7.601420e+03
8.5 7.591079e+03 7.531393e+03 7.576798e+03 7.636485e+03
9.5 7.549663e+03 7.531342e+03 7.578290e+03 7.596610e+03
10.5 7.602975e+03 7.534486e+03 7.569273e+03 7.637761e+03
11.5 7.625039e+03 7.561370e+03 7.532214e+03 7.595882e+03
12.5 7.642011e+03 7.625084e+03 7.504126e+03 7.521054e+03
13.5 7.712014e+03 7.677049e+03 7.520579e+03 7.555544e+03
14.5 7.742194e+03 7.698978e+03 7.552951e+03 7.596167e+03
15.5 7.706782e+03 7.687799e+03 7.576042e+03 7.595025e+03
