0.5 9.003445e+03 9.037273e+03 9.077957e+03 9.044129e+03
1.5 8.974027e+03 9.060828e+03 9.070954e+03 8.984154e+03
2.5 9.091141e+03 9.091638e+03 9.046526e+03 9.046028e+03
3.5 9.151724e+03 9.103099e+03 9.021142e+03 9.069766e+03
4.5 9.133180e+03 9.099621e+03 9.006517e+03 9.040076e+03
5.5 8.983167e+03 9.088658e+03 9.001183e+03 8.895692e+03
6.5 9.138847e+03 9.062120e+03 9.007776e+03 9.084503e+03
7.5 9.216929e+03 9.029026e+03 9.033979e+03 9.221881e+03
8.5 8.883910e+03 9.016182e+03 9.061597e+03 8.929324e+03
9.5 8.961689e+03 9.019011e+03 9.078037e+03 9.020715e+03
10.5 9.109174e+03 9.025001e+03 9.084565e+03 9.168738e+03
11.5 8.895206e+03 9.029900e+03 9.085432e+03 8.950737e+03
12.5 8.974970e+03 9.033168e+03 9.083729e+03 9.025531e+03
13.5 9.131304e+03 9.034926e+03 9.081348e+03 9.177726e+03
14.5 8.995135e+03 9.035511e+03 9.079282e+03 9.038906e+03
15.5 9.001898e+03 9.029859e+03 9.077854e+03 9.049893e+03
16.5 8.920649e+03 9.022564e+03 9.077004e+03 8.975089e+03
17.5 9.138229e+03 9.053395e+03 9.076543e+03 9.161377e+03
18.5 9.067400e+03 9.109586e+03 9.076302e+03 9.034116e+03
19.5 9.346826e+03 9.153829e+03 9.076172e+03 9.269169e+03
20.5 9.166221e+03 9.181344e+03 9.076095e+03 9.060972e+03
21.5 9.178033e+03 9.194727e+03 9.076044e+03 9.059350e+03
22.5 9.154770e+03 9.161967e+03 9.076007e+03 9.068810e+03
0.5 9.058791e+03 9.034710e+03 9.077459e+03 9.101540e+03
1.5 8.987928e+03 9.058645e+03 9.070719e+03 9.000001e+03
2.5 9.121612e+03 9.089720e+03 9.046575e+03 9.078467e+03
3.5 9.108097e+03 9.101371e+03 9.021495e+03 9.028221e+03
4.5 9.023980e+03 9.098047e+03 9.007187e+03 8.933120e+03
5.5 9.092731e+03 9.087231e+03 9.002178e+03 9.007679e+03
6.5 9.078207e+03 9.060851e+03 9.009101e+03 9.026458e+03
7.5 9.051132e+03 9.027921e+03 9.035627e+03 9.058838e+03
8.5 8.920711e+03 9.015231e+03 9.063575e+03 8.969054e+03
9.5 8.929769e+03 9.018219e+03 9.080353e+03 8.991903e+03
10.5 9.058750e+03 9.024370e+03 9.087226e+03 9.121606e+03
11.5 9.143366e+03 9.029433e+03 9.088444e+03 9.202378e+03
12.5 9.117572e+03 9.032864e+03 9.087101e+03 9.171809e+03
13.5 9.105716e+03 9.034782e+03 9.085085e+03 9.156018e+03
14.5 9.225601e+03 9.035525e+03 9.083390e+03 9.273466e+03
15.5 9.001244e+03 9.030026e+03 9.082341e+03 9.053559e+03
16.5 9.038013e+03 9.022878e+03 9.081876e+03 9.097011e+03
17.5 9.023374e+03 9.053848e+03 9.081808e+03 9.051334e+03
18.5 9.134441e+03 9.110171e+03 9.081968e+03 9.106239e+03
19.5 9.129044e+03 9.154540e+03 9.082247e+03 9.056751e+03
20.5 9.153703e+03 9.182152e+03 9.082590e+03 9.054141e+03
21.5 9.086898e+03 9.195613e+03 9.082968e+03 8.974254e+03
22.5 9.098938e+03 9.162914e+03 9.083372e+03 9.019395e+03
0.5 9.150286e+03 9.035646e+03 9.087404e+03 9.202044e+03
1.5 8.981521e+03 9.059497e+03 9.081138e+03 9.003162e+03
2.5 9.224924e+03 9.090460e+03 9.057500e+03 9.191964e+03
3.5 9.065674e+03 9.101959e+03 9.032976e+03 8.996691e+03
4.5 9.037670e+03 9.098428e+03 9.019282e+03 8.958524e+03
5.5 9.073744e+03 9.083400e+03 9.014939e+03 9.005283e+03
