0.5 9.067729e+03 9.155764e+03 9.072666e+03 8.984632e+03
1.5 9.027165e+03 9.158692e+03 9.087186e+03 8.955660e+03
2.5 9.215952e+03 9.127593e+03 9.098156e+03 9.186515e+03
3.5 9.158572e+03 9.077905e+03 9.092286e+03 9.172953e+03
4.5 8.931357e+03 9.040845e+03 9.080340e+03 8.970853e+03
5.5 9.047510e+03 9.023254e+03 9.071799e+03 9.096055e+03
6.5 9.100748e+03 9.018700e+03 9.067476e+03 9.149524e+03
7.5 9.016739e+03 9.020680e+03 9.065906e+03 9.061965e+03
8.5 9.018472e+03 9.025005e+03 9.065888e+03 9.059355e+03
9.5 9.041200e+03 9.029306e+03 9.066521e+03 9.078416e+03
10.5 9.003445e+03 9.037273e+03 9.063166e+03 9.029338e+03
11.5 8.974027e+03 9.060828e+03 9.049278e+03 8.962478e+03
12.5 9.091141e+03 9.091638e+03 9.038723e+03 9.038225e+03
13.5 9.151724e+03 9.103099e+03 9.044828e+03 9.093453e+03
14.5 9.133180e+03 9.099621e+03 9.056929e+03 9.090489e+03
15.5 8.983167e+03 9.088658e+03 9.069656e+03 8.964165e+03
16.5 9.138847e+03 9.062120e+03 9.088497e+03 9.165224e+03
17.5 9.216929e+03 9.029026e+03 9.101013e+03 9.288915e+03
18.5 8.883910e+03 9.016182e+03 9.095136e+03 8.962864e+03
19.5 8.961689e+03 9.019011e+03 9.082513e+03 9.025191e+03
20.5 9.109174e+03 9.025001e+03 9.073202e+03 9.157375e+03
21.5 8.895206e+03 9.029900e+03 9.068286e+03 8.933592e+03
22.5 8.974970e+03 9.033168e+03 9.066349e+03 9.008151e+03
23.5 9.131304e+03 9.034926e+03 9.066135e+03 9.162513e+03
24.5 8.995135e+03 9.035511e+03 9.066674e+03 9.026299e+03
25.5 9.001898e+03 9.029859e+03 9.063278e+03 9.035317e+03
26.5 8.920649e+03 9.022564e+03 9.049379e+03 8.947464e+03
27.5 9.138229e+03 9.053395e+03 9.038823e+03 9.123658e+03
0.5 8.983167e+03 9.088658e+03 9.069656e+03 8.964165e+03
1.5 9.138847e+03 9.062120e+03 9.088497e+03 9.165224e+03
2.5 9.216929e+03 9.029026e+03 9.101013e+03 9.288915e+03
3.5 8.883910e+03 9.016182e+03 9.095136e+03 8.962864e+03
4.5 8.961689e+03 9.019011e+03 9.082513e+03 9.025191e+03
5.5 9.109174e+03 9.025001e+03 9.073202e+03 9.157375e+03
6.5 8.895206e+03 9.029900e+03 9.068286e+03 8.933592e+03
7.5 8.974970e+03 9.033168e+03 9.066349e+03 9.008151e+03
8.5 9.131304e+03 9.034926e+03 9.066135e+03 9.162513e+03
9.5 8.995135e+03 9.035511e+03 9.066674e+03 9.026299e+03
10.5 9.001898e+03 9.029859e+03 9.063278e+03 9.035317e+03
11.5 8.920649e+03 9.022564e+03 9.049379e+03 8.947464e+03
12.5 9.138229e+03 9.053395e+03 9.038823e+03 9.123658e+03
13.5 9.067400e+03 9.109586e+03 9.044928e+03 9.002743e+03
14.5 9.346826e+03 9.153829e+03 9.057026e+03 9.250023e+03
15.5 9.166221e+03 9.181344e+03 9.069746e+03 9.054623e+03
16.5 9.178033e+03 9.194727e+03 9.088573e+03 9.071879e+03
17.5 9.154770e+03 9.161967e+03 9.101077e+03 9.093880e+03
18.5 9.118835e+03 9.100841e+03 9.095197e+03 9.113191e+03
19.5 9.071216e+03 9.051598e+03 9.082571e+03 9.102189e+03
20.5 8.989833e+03 9.025884e+03 9.073257e+03 9.037206e+03
21.5 9.060045e+03 9.017110e+03 9.068339e+03 9.111274e+03
22.5 9.016420e+03 9.017408e+03 9.066399e+03 9.065411e+03
23.5 8.999187e+03 9.021424e+03 9.066183e+03 9.043945e+03
24.5 8.947312e+03 9.025910e+03 9.066721e+03 8.988124e+03
25.5 8.984460e+03 9.023800e+03 9.063323e+03 9.023983e+03
26.5 9.018570e+03 9.018983e+03 9.049422e+03 9.049010e+03
27.5 9.070874e+03 9.051289e+03 9.038866e+03 9.058451e+03
0.5 9.166221e+03 9.181344e+03 9.069746e+03 9.054623e+03
1.5 9.178033e+03 9.194727e+03 9.088573e+03 9.071879e+03
2.5 9.154770e+03 9.161967e+03 9.101077e+03 9.093880e+03
3.5 9.118835e+03 9.100841e+03 9.095197e+03 9.113191e+03
4.5 9.071216e+03 9.051598e+03 9.082571e+03 9.102189e+03
5.5 8.989833e+03 9.025884e+03 9.073257e+03 9.037206e+03
6.5 9.060045e+03 9.017110e+03 9.068339e+03 9.111274e+03
7.5 9.016420e+03 9.017408e+03 9.066399e+03 9.065411e+03
8.5 8.999187e+03 9.021424e+03 9.066183e+03 9.043945e+03
9.5 8.947312e+03 9.025910e+03 9.066721e+03 8.988124e+03
10.5 8.984460e+03 9.023800e+03 9.063323e+03 9.023983e+03
11.5 9.018570e+03 9.018983e+03 9.049422e+03 9.049010e+03
12.5 9.070874e+03 9.051289e+03 9.038866e+03 9.058451e+03
13.5 9.090484e+03 9.108276e+03 9.044970e+03 9.027179e+03
14.5 9.138050e+03 9.152936e+03 9.057067e+03 9.042181e+03
15.5 9.118084e+03 9.180683e+03 9.069787e+03 9.007188e+03
16.5 9.212722e+03 9.194219e+03 9.088615e+03 9.107117e+03
17.5 9.260812e+03 9.161580e+03 9.101119e+03 9.200351e+03
18.5 9.144198e+03 9.100562e+03 9.095239e+03 9.138876e+03
19.5 8.962041e+03 9.051421e+03 9.082614e+03 8.993234e+03
20.5 9.020521e+03 9.025805e+03 9.073301e+03 9.068016e+03
21.5 9.043825e+03 9.017127e+03 9.068384e+03 9.095081e+03
22.5 8.966911e+03 9.017519e+03 9.066446e+03 9.015838e+03
23.5 8.998006e+03 9.021625e+03 9.066231e+03 9.042613e+03
24.5 8.994471e+03 9.026278e+03 9.066771e+03 9.034963e+03
25.5 9.058791e+03 9.034710e+03 9.063375e+03 9.087456e+03
26.5 8.987928e+03 9.058645e+03 9.049477e+03 8.978760e+03
27.5 9.121612e+03 9.089720e+03 9.038923e+03 9.070815e+03
0.5 9.118084e+03 9.180683e+03 9.069787e+03 9.007188e+03
1.5 9.212722e+03 9.194219e+03 9.088615e+03 9.107117e+03
2.5 9.260812e+03 9.161580e+03 9.101119e+03 9.200351e+03
3.5 9.144198e+03 9.100562e+03 9.095239e+03 9.138876e+03
4.5 8.962041e+03 9.051421e+03 9.082614e+03 8.993234e+03
5.5 9.020521e+03 9.025805e+03 9.073301e+03 9.068016e+03
6.5 9.043825e+03 9.017127e+03 9.068384e+03 9.095081e+03
7.5 8.966911e+03 9.017519e+03 9.066446e+03 9.015838e+03
8.5 8.998006e+03 9.021625e+03 9.066231e+03 9.042613e+03
9.5 8.994471e+03 9.026278e+03 9.066771e+03 9.034963e+03
10.5 9.058791e+03 9.034710e+03 9.063375e+03 9.087456e+03
11.5 8.987928e+03 9.058645e+03 9.049477e+03 8.978760e+03
12.5 9.121612e+03 9.089720e+03 9.038923e+03 9.070815e+03
13.5 9.108097e+03 9.101371e+03 9.045030e+03 9.051756e+03
14.5 9.023980e+03 9.098047e+03 9.057130e+03 8.983064e+03
15.5 9.092731e+03 9.087231e+03 9.069854e+03 9.075354e+03
16.5 9.078207e+03 9.060851e+03 9.088685e+03 9.106041e+03
17.5 9.051132e+03 9.027921e+03 9.101193e+03 9.124404e+03
18.5 8.920711e+03 9.015231e+03 9.095317e+03 9.000797e+03
19.5 8.929769e+03 9.018219e+03 9.082697e+03 8.994246e+03
20.5 9.058750e+03 9.024370e+03 9.073388e+03 9.107768e+03
21.5 9.143366e+03 9.029433e+03 9.068476e+03 9.182410e+03
22.5 9.117572e+03 9.032864e+03 9.066544e+03 9.151252e+03
23.5 9.105716e+03 9.034782e+03 9.066335e+03 9.137269e+03
24.5 9.225601e+03 9.035525e+03 9.066880e+03 9.256956e+03
25.5 9.001244e+03 9.030026e+03 9.063491e+03 9.034709e+03
26.5 9.038013e+03 9.022878e+03 9.049600e+03 9.064735e+03
27.5 9.023374e+03 9.053848e+03 9.039053e+03 9.008579e+03
0.5 9.092731e+03 9.087231e+03 9.069854e+03 9.075354e+03
1.5 9.078207e+03 9.060851e+03 9.088685e+03 9.106041e+03
2.5 9.051132e+03 9.027921e+03 9.101193e+03 9.124404e+03
3.5 8.920711e+03 9.015231e+03 9.095317e+03 9.000797e+03
4.5 8.929769e+03 9.018219e+03 9.082697e+03 8.994246e+03
5.5 9.058750e+03 9.024370e+03 9.073388e+03 9.107768e+03
6.5 9.143366e+03 9.029433e+03 9.068476e+03 9.182410e+03
7.5 9.117572e+03 9.032864e+03 9.066544e+03 9.151252e+03
8.5 9.105716e+03 9.034782e+03 9.066335e+03 9.137269e+03
9.5 9.225601e+03 9.035525e+03 9.066880e+03 9.256956e+03
10.5 9.001244e+03 9.030026e+03 9.063491e+03 9.034709e+03
11.5 9.038013e+03 9.022878e+03 9.049600e+03 9.064735e+03
12.5 9.023374e+03 9.053848e+03 9.039053e+03 9.008579e+03
13.5 9.134441e+03 9.110171e+03 9.045168e+03 9.069438e+03
14.5 9.129044e+03 9.154540e+03 9.057283e+03 9.031787e+03
15.5 9.153703e+03 9.182152e+03 9.070024e+03 9.041575e+03
16.5 9.086898e+03 9.195613e+03 9.088864e+03 8.980150e+03
17.5 9.098938e+03 9.162914e+03 9.101378e+03 9.037401e+03
18.5 9.108970e+03 9.101844e+03 9.095503e+03 9.102629e+03
19.5 9.170974e+03 9.052660e+03 9.082882e+03 9.201196e+03
20.5 8.943456e+03 9.027007e+03 9.073578e+03 8.990027e+03
21.5 9.011558e+03 9.018291e+03 9.068675e+03 9.061941e+03
22.5 8.977942e+03 9.018639e+03 9.066753e+03 9.026056e+03
23.5 9.059187e+03 9.022693e+03 9.066556e+03 9.103050e+03
24.5 8.989628e+03 9.027285e+03 9.067114e+03 9.029458e+03
25.5 9.150286e+03 9.035646e+03 9.063739e+03 9.178379e+03
26.5 8.981521e+03 9.059497e+03 9.049864e+03 8.971888e+03
27.5 9.224924e+03 9.090460e+03 9.039349e+03 9.173813e+03
0.5 9.153703e+03 9.182152e+03 9.070024e+03 9.041575e+03
1.5 9.086898e+03 9.195613e+03 9.088864e+03 8.980150e+03
2.5 9.098938e+03 9.162914e+03 9.101378e+03 9.037401e+03
3.5 9.108970e+03 9.101844e+03 9.095503e+03 9.102629e+03
4.5 9.170974e+03 9.052660e+03 9.082882e+03 9.201196e+03
5.5 8.943456e+03 9.027007e+03 9.073578e+03 8.990027e+03
6.5 9.011558e+03 9.018291e+03 9.068675e+03 9.061941e+03
7.5 8.977942e+03 9.018639e+03 9.066753e+03 9.026056e+03
8.5 9.059187e+03 9.022693e+03 9.066556e+03 9.103050e+03
9.5 8.989628e+03 9.027285e+03 9.067114e+03 9.029458e+03
10.5 9.150286e+03 9.035646e+03 9.063739e+03 9.178379e+03
11.5 8.981521e+03 9.059497e+03 9.049864e+03 8.971888e+03
12.5 9.224924e+03 9.090460e+03 9.039349e+03 9.173813e+03
13.5 9.065674e+03 9.101959e+03 9.045509e+03 9.009223e+03
14.5 9.037670e+03 9.098428e+03 9.057628e+03 8.996870e+03
15.5 9.073744e+03 9.083400e+03 9.066273e+03 9.056617e+03
