0.5 3.951773e+03 3.936841e+03 3.910848e+03 3.925781e+03
1.5 3.880814e+03 3.948704e+03 3.931774e+03 3.863885e+03
2.5 3.969146e+03 3.980365e+03 4.004773e+03 3.993554e+03
3.5 4.073097e+03 4.006649e+03 4.080629e+03 4.147076e+03
4.5 4.111008e+03 4.017800e+03 4.124333e+03 4.217541e+03
5.5 3.999991e+03 4.017694e+03 4.140273e+03 4.122570e+03
6.5 4.004999e+03 4.000986e+03 4.120572e+03 4.124585e+03
7.5 4.057574e+03 3.963540e+03 4.042267e+03 4.136301e+03
8.5 4.046407e+03 3.931844e+03 3.959738e+03 4.074300e+03
9.5 3.998621e+03 3.916212e+03 3.910608e+03 3.993017e+03
10.5 4.029067e+03 3.911104e+03 3.891102e+03 4.009064e+03
11.5 3.842412e+03 3.911023e+03 3.888511e+03 3.819899e+03
12.5 3.994432e+03 3.912856e+03 3.893598e+03 3.975174e+03
13.5 3.954063e+03 3.914855e+03 3.900714e+03 3.939923e+03
14.5 3.989982e+03 3.916167e+03 3.906889e+03 3.980704e+03
15.5 3.934553e+03 3.911306e+03 3.911155e+03 3.934402e+03
16.5 3.927007e+03 3.900618e+03 3.913697e+03 3.940086e+03
17.5 3.975691e+03 3.916194e+03 3.915074e+03 3.974570e+03
18.5 3.893670e+03 3.955294e+03 3.915793e+03 3.854170e+03
19.5 4.081981e+03 3.988983e+03 3.916181e+03 4.009179e+03
20.5 4.056143e+03 4.011915e+03 3.916411e+03 3.960639e+03
21.5 4.042242e+03 4.028101e+03 3.916564e+03 3.930705e+03
22.5 3.966312e+03 4.011293e+03 3.916674e+03 3.871692e+03
0.5 3.851958e+03 3.905820e+03 3.912336e+03 3.858474e+03
1.5 3.858805e+03 3.921436e+03 3.932478e+03 3.869847e+03
2.5 3.981794e+03 3.955589e+03 4.004626e+03 4.030832e+03
3.5 3.955656e+03 3.983629e+03 4.079574e+03 4.051601e+03
4.5 3.877403e+03 3.996149e+03 4.122332e+03 4.003586e+03
5.5 3.891635e+03 3.997212e+03 4.137299e+03 4.031721e+03
6.5 3.977444e+03 3.981569e+03 4.116611e+03 4.112486e+03
7.5 3.852814e+03 3.945109e+03 4.037343e+03 3.945048e+03
8.5 3.937595e+03 3.914330e+03 3.953826e+03 3.977092e+03
9.5 3.875634e+03 3.899559e+03 3.903687e+03 3.879762e+03
10.5 3.664438e+03 3.895261e+03 3.883150e+03 3.652327e+03
11.5 3.917368e+03 3.895940e+03 3.879507e+03 3.900935e+03
12.5 3.918266e+03 3.898483e+03 3.883523e+03 3.903306e+03
13.5 3.835305e+03 3.901143e+03 3.889548e+03 3.823710e+03
14.5 3.951613e+03 3.903070e+03 3.894611e+03 3.943154e+03
15.5 3.884618e+03 3.898776e+03 3.897746e+03 3.883588e+03
16.5 3.951018e+03 3.888610e+03 3.899135e+03 3.961543e+03
17.5 3.882726e+03 3.904664e+03 3.899338e+03 3.877400e+03
18.5 3.983062e+03 3.944196e+03 3.898860e+03 3.937726e+03
19.5 4.077532e+03 3.978282e+03 3.898026e+03 3.997277e+03
20.5 3.895901e+03 4.001603e+03 3.897003e+03 3.791301e+03
21.5 4.064363e+03 4.018132e+03 3.895873e+03 3.942104e+03
22.5 4.109626e+03 4.001620e+03 3.894666e+03 4.002673e+03
0.5 3.859836e+03 3.899913e+03 3.882617e+03 3.842539e+03
1.5 3.987024e+03 3.915275e+03 3.901341e+03 3.973091e+03
2.5 4.010790e+03 3.949134e+03 3.971978e+03 4.033633e+03
3.5 4.010250e+03 3.976822e+03 4.045264e+03 4.078692e+03
4.5 4.077809e+03 3.988887e+03 4.086187e+03 4.175108e+03
5.5 3.963071e+03 3.984311e+03 4.099164e+03 4.077924e+03
