0.5 9.943481e+03 9.946290e+03 9.991926e+03 9.989117e+03
1.5 9.915924e+03 9.946671e+03 9.990412e+03 9.959665e+03
2.5 1.001640e+04 9.979907e+03 9.984906e+03 1.002140e+04
3.5 1.009893e+04 1.002886e+04 9.979181e+03 1.004925e+04
4.5 1.005981e+04 1.006423e+04 9.975916e+03 9.971493e+03
5.5 1.009971e+04 1.008403e+04 9.974775e+03 9.990447e+03
6.5 1.005111e+04 1.008833e+04 9.976361e+03 9.939135e+03
7.5 1.009641e+04 1.005330e+04 9.982430e+03 1.002554e+04
8.5 1.005417e+04 1.000028e+04 9.988819e+03 1.004271e+04
9.5 9.951674e+03 9.960933e+03 9.992645e+03 9.983386e+03
10.5 9.909100e+03 9.941581e+03 9.994196e+03 9.961715e+03
11.5 9.882801e+03 9.935766e+03 9.994447e+03 9.941482e+03
12.5 9.906898e+03 9.936928e+03 9.994106e+03 9.964077e+03
13.5 9.910554e+03 9.940729e+03 9.993605e+03 9.963431e+03
14.5 9.856126e+03 9.944626e+03 9.993172e+03 9.904673e+03
15.5 9.930469e+03 9.944188e+03 9.992869e+03 9.979150e+03
16.5 9.913272e+03 9.945753e+03 9.991125e+03 9.958644e+03
17.5 9.990506e+03 9.979674e+03 9.985479e+03 9.996311e+03
18.5 1.003802e+04 1.002895e+04 9.979663e+03 9.988730e+03
19.5 1.011878e+04 1.006444e+04 9.976333e+03 1.003067e+04
20.5 1.002690e+04 1.008426e+04 9.975139e+03 9.917775e+03
21.5 1.004655e+04 1.008853e+04 9.976676e+03 9.934696e+03
22.5 1.010331e+04 1.005346e+04 9.982699e+03 1.003255e+04
0.5 9.930469e+03 9.944188e+03 9.992869e+03 9.979150e+03
1.5 9.913272e+03 9.945753e+03 9.991125e+03 9.958644e+03
2.5 9.990506e+03 9.979674e+03 9.985479e+03 9.996311e+03
3.5 1.003802e+04 1.002895e+04 9.979663e+03 9.988730e+03
4.5 1.011878e+04 1.006444e+04 9.976333e+03 1.003067e+04
5.5 1.002690e+04 1.008426e+04 9.975139e+03 9.917775e+03
6.5 1.004655e+04 1.008853e+04 9.976676e+03 9.934696e+03
7.5 1.010331e+04 1.005346e+04 9.982699e+03 1.003255e+04
8.5 1.005238e+04 1.000039e+04 9.989044e+03 1.004104e+04
9.5 9.943942e+03 9.960990e+03 9.992828e+03 9.975779e+03
10.5 9.900475e+03 9.941588e+03 9.994338e+03 9.953225e+03
11.5 9.953931e+03 9.935722e+03 9.994550e+03 1.001276e+04
12.5 9.929054e+03 9.936833e+03 9.994171e+03 9.986392e+03
13.5 9.994643e+03 9.940583e+03 9.993633e+03 1.004769e+04
14.5 9.942798e+03 9.944483e+03 9.993165e+03 9.991480e+03
15.5 9.944433e+03 9.951187e+03 9.992840e+03 9.986087e+03
16.5 9.991810e+03 9.975687e+03 9.992645e+03 1.000877e+04
17.5 1.007678e+04 1.002041e+04 9.992536e+03 1.004890e+04
18.5 1.012126e+04 1.005071e+04 9.992474e+03 1.006302e+04
19.5 1.003620e+04 1.006021e+04 9.992434e+03 9.968427e+03
20.5 9.987216e+03 1.005601e+04 9.992404e+03 9.923612e+03
21.5 1.003747e+04 1.002957e+04 9.992377e+03 1.000028e+04
22.5 9.978932e+03 9.981466e+03 9.992350e+03 9.989816e+03
0.5 1.000591e+04 9.945062e+03 9.992092e+03 1.005294e+04
1.5 9.931216e+03 9.945165e+03 9.990476e+03 9.976527e+03
2.5 9.904759e+03 9.978118e+03 9.984872e+03 9.911513e+03
3.5 1.001899e+04 1.002678e+04 9.979051e+03 9.971259e+03
4.5 1.007116e+04 1.006187e+04 9.975693e+03 9.984983e+03
5.5 1.010109e+04 1.008136e+04 9.974460e+03 9.994184e+03
6.5 1.004471e+04 1.008531e+04 9.975956e+03 9.935354e+03
7.5 9.971856e+03 1.004991e+04 9.981937e+03 9.903885e+03
8.5 9.971924e+03 9.996492e+03 9.988240e+03 9.963673e+03
9.5 9.992852e+03 9.956756e+03 9.991982e+03 1.002808e+04
10.5 9.990694e+03 9.937018e+03 9.993451e+03 1.004713e+04
11.5 9.923795e+03 9.930811e+03 9.993621e+03 9.986605e+03
12.5 9.892403e+03 9.931569e+03 9.993200e+03 9.954033e+03
13.5 9.870269e+03 9.934948e+03 9.992619e+03 9.927941e+03
14.5 9.928559e+03 9.938455e+03 9.992108e+03 9.982211e+03
15.5 1.001712e+04 9.944742e+03 9.991739e+03 1.006412e+04
16.5 1.001039e+04 9.968797e+03 9.991497e+03 1.003310e+04
17.5 1.003499e+04 1.001303e+04 9.991341e+03 1.001330e+04
18.5 1.009591e+04 1.004277e+04 9.991230e+03 1.004437e+04
19.5 1.004065e+04 1.005156e+04 9.991139e+03 9.980227e+03
20.5 1.007672e+04 1.003637e+04 9.991055e+03 1.003140e+04
