0.5 6.708890e+03 6.674516e+03 6.678811e+03 6.713185e+03
1.5 6.620088e+03 6.677389e+03 6.667429e+03 6.610128e+03
2.5 6.656256e+03 6.655469e+03 6.627726e+03 6.628514e+03
3.5 6.670696e+03 6.618216e+03 6.586469e+03 6.638950e+03
4.5 6.631415e+03 6.589411e+03 6.562699e+03 6.604704e+03
5.5 6.557944e+03 6.571763e+03 6.554030e+03 6.540211e+03
6.5 6.639331e+03 6.563932e+03 6.564745e+03 6.640144e+03
7.5 6.647372e+03 6.586123e+03 6.607334e+03 6.668583e+03
8.5 6.620404e+03 6.625679e+03 6.652220e+03 6.646946e+03
9.5 6.618892e+03 6.656901e+03 6.678941e+03 6.640932e+03
10.5 6.624256e+03 6.672857e+03 6.689550e+03 6.640950e+03
11.5 6.755524e+03 6.677976e+03 6.690959e+03 6.768507e+03
12.5 6.601731e+03 6.677346e+03 6.688193e+03 6.612578e+03
13.5 6.700337e+03 6.674407e+03 6.684322e+03 6.710253e+03
14.5 6.642121e+03 6.671209e+03 6.680964e+03 6.651876e+03
15.5 6.683798e+03 6.669468e+03 6.678644e+03 6.692974e+03
16.5 6.706481e+03 6.674638e+03 6.677261e+03 6.709104e+03
17.5 6.750811e+03 6.690427e+03 6.676512e+03 6.736897e+03
18.5 6.751112e+03 6.704146e+03 6.676121e+03 6.723086e+03
19.5 6.643041e+03 6.710439e+03 6.675910e+03 6.608512e+03
20.5 6.709729e+03 6.711074e+03 6.675785e+03 6.674439e+03
21.5 6.748718e+03 6.703398e+03 6.675702e+03 6.721021e+03
22.5 6.675058e+03 6.684989e+03 6.675642e+03 6.665711e+03
0.5 6.656822e+03 6.669125e+03 6.678001e+03 6.665698e+03
1.5 6.744003e+03 6.673325e+03 6.667046e+03 6.737724e+03
2.5 6.622880e+03 6.652438e+03 6.627806e+03 6.598249e+03
3.5 6.587382e+03 6.616021e+03 6.587043e+03 6.558404e+03
4.5 6.568870e+03 6.587944e+03 6.563788e+03 6.544714e+03
5.5 6.588129e+03 6.570973e+03 6.555647e+03 6.572803e+03
6.5 6.512578e+03 6.563806e+03 6.566899e+03 6.515671e+03
7.5 6.545272e+03 6.586635e+03 6.610012e+03 6.568648e+03
8.5 6.569233e+03 6.626824e+03 6.655435e+03 6.597844e+03
9.5 6.612602e+03 6.658684e+03 6.682706e+03 6.636623e+03
10.5 6.589298e+03 6.675285e+03 6.693875e+03 6.607889e+03
11.5 6.577810e+03 6.681054e+03 6.695856e+03 6.592612e+03
12.5 6.593807e+03 6.681081e+03 6.693672e+03 6.606399e+03
13.5 6.755943e+03 6.678803e+03 6.690396e+03 6.767535e+03
14.5 6.655130e+03 6.676272e+03 6.687642e+03 6.666499e+03
15.5 6.698150e+03 6.675201e+03 6.685937e+03 6.708885e+03
16.5 6.644107e+03 6.681047e+03 6.685181e+03 6.648241e+03
17.5 6.714159e+03 6.697516e+03 6.685071e+03 6.701714e+03
18.5 6.756808e+03 6.711922e+03 6.685331e+03 6.730216e+03
19.5 6.718981e+03 6.718895e+03 6.685784e+03 6.685870e+03
20.5 6.756732e+03 6.720214e+03 6.686341e+03 6.722859e+03
21.5 6.689191e+03 6.713242e+03 6.686956e+03 6.662904e+03
22.5 6.713226e+03 6.695553e+03 6.687612e+03 6.705285e+03
0.5 6.730703e+03 6.684007e+03 6.694165e+03 6.740861e+03
1.5 6.678156e+03 6.688884e+03 6.683981e+03 6.673254e+03
2.5 6.598665e+03 6.668703e+03 6.645563e+03 6.575525e+03
3.5 6.608605e+03 6.633049e+03 6.605704e+03 6.581260e+03
4.5 6.609596e+03 6.605852e+03 6.583447e+03 6.587190e+03
5.5 6.567377e+03 6.594778e+03 6.576389e+03 6.548988e+03
