0.5 7.328379e+03 7.515241e+03 7.624528e+03 7.437667e+03
1.5 7.547614e+03 7.514041e+03 7.611693e+03 7.645266e+03
2.5 7.630368e+03 7.489556e+03 7.565041e+03 7.705853e+03
3.5 7.605939e+03 7.464574e+03 7.516523e+03 7.657889e+03
4.5 7.489417e+03 7.451776e+03 7.488860e+03 7.526500e+03
5.5 7.505708e+03 7.449155e+03 7.479193e+03 7.535746e+03
6.5 7.367793e+03 7.460897e+03 7.492631e+03 7.399527e+03
7.5 7.599246e+03 7.493794e+03 7.544058e+03 7.649510e+03
8.5 7.679339e+03 7.525091e+03 7.598197e+03 7.752445e+03
9.5 7.567008e+03 7.542371e+03 7.630615e+03 7.655252e+03
10.5 7.479358e+03 7.548766e+03 7.643763e+03 7.574356e+03
11.5 7.407307e+03 7.549313e+03 7.645892e+03 7.503887e+03
12.5 7.577447e+03 7.547307e+03 7.643001e+03 7.673141e+03
13.5 7.303858e+03 7.544697e+03 7.638757e+03 7.397918e+03
14.5 7.367483e+03 7.542457e+03 7.635087e+03 7.460113e+03
15.5 7.840838e+03 7.540110e+03 7.632516e+03 7.933245e+03
16.5 7.754286e+03 7.528724e+03 7.617740e+03 7.843302e+03
17.5 7.727280e+03 7.498336e+03 7.569898e+03 7.798842e+03
18.5 7.693532e+03 7.469794e+03 7.520613e+03 7.744351e+03
19.5 7.502407e+03 7.454565e+03 7.492394e+03 7.540236e+03
20.5 7.400258e+03 7.450003e+03 7.482271e+03 7.432525e+03
21.5 7.491634e+03 7.460002e+03 7.495297e+03 7.526929e+03
22.5 7.547031e+03 7.491235e+03 7.546338e+03 7.602133e+03
0.5 7.840838e+03 7.540110e+03 7.632516e+03 7.933245e+03
1.5 7.754286e+03 7.528724e+03 7.617740e+03 7.843302e+03
2.5 7.727280e+03 7.498336e+03 7.569898e+03 7.798842e+03
3.5 7.693532e+03 7.469794e+03 7.520613e+03 7.744351e+03
4.5 7.502407e+03 7.454565e+03 7.492394e+03 7.540236e+03
5.5 7.400258e+03 7.450003e+03 7.482271e+03 7.432525e+03
6.5 7.491634e+03 7.460002e+03 7.495297e+03 7.526929e+03
7.5 7.547031e+03 7.491235e+03 7.546338e+03 7.602133e+03
8.5 7.475156e+03 7.520908e+03 7.600106e+03 7.554354e+03
9.5 7.600444e+03 7.536583e+03 7.632166e+03 7.696028e+03
10.5 7.649104e+03 7.541386e+03 7.644968e+03 7.752686e+03
11.5 7.551630e+03 7.540357e+03 7.646763e+03 7.658037e+03
12.5 7.681935e+03 7.536791e+03 7.643550e+03 7.788693e+03
13.5 7.642476e+03 7.532638e+03 7.638995e+03 7.748833e+03
14.5 7.489951e+03 7.528898e+03 7.635027e+03 7.596080e+03
15.5 7.349731e+03 7.529158e+03 7.632274e+03 7.452847e+03
16.5 7.449200e+03 7.609106e+03 7.630617e+03 7.470712e+03
17.5 8.238286e+03 7.870324e+03 7.629691e+03 7.997653e+03
18.5 8.167534e+03 8.130201e+03 7.629167e+03 7.666500e+03
19.5 8.217201e+03 8.272582e+03 7.628834e+03 7.573453e+03
20.5 8.175365e+03 8.316595e+03 7.628579e+03 7.487349e+03
21.5 8.098541e+03 8.230791e+03 7.628349e+03 7.496099e+03
22.5 7.925638e+03 7.942806e+03 7.628122e+03 7.610953e+03
0.5 7.319416e+03 7.471584e+03 7.625932e+03 7.473764e+03
1.5 7.203567e+03 7.465594e+03 7.612239e+03 7.350212e+03
2.5 7.310449e+03 7.436265e+03 7.564751e+03 7.438936e+03
3.5 7.073502e+03 7.406381e+03 7.515421e+03 7.182543e+03
4.5 7.226125e+03 7.388635e+03 7.486967e+03 7.324457e+03
5.5 7.335489e+03 7.380960e+03 7.476521e+03 7.431050e+03
6.5 7.340089e+03 7.387542e+03 7.489198e+03 7.441745e+03
7.5 7.516227e+03 7.415171e+03 7.539883e+03 7.640939e+03
8.5 7.324110e+03 7.441085e+03 7.593294e+03 7.476320e+03
9.5 7.465566e+03 7.452866e+03 7.625000e+03 7.637700e+03
10.5 7.459960e+03 7.453637e+03 7.637448e+03 7.643772e+03
11.5 7.272968e+03 7.448417e+03 7.638889e+03 7.463440e+03
12.5 7.495903e+03 7.440483e+03 7.635319e+03 7.690740e+03
13.5 7.659706e+03 7.431761e+03 7.630403e+03 7.858348e+03
14.5 7.598196e+03 7.423234e+03 7.626068e+03 7.801029e+03
15.5 7.659081e+03 7.418469e+03 7.622938e+03 7.863550e+03
16.5 7.583010e+03 7.493131e+03 7.620894e+03 7.710772e+03
17.5 7.766267e+03 7.748715e+03 7.619567e+03 7.637119e+03
18.5 8.049572e+03 8.002404e+03 7.618627e+03 7.665794e+03
19.5 8.147331e+03 8.137919e+03 7.617859e+03 7.627272e+03
20.5 8.100713e+03 8.166682e+03 7.617149e+03 7.551180e+03
