0.5 7.452966e+03 7.500743e+03 7.511338e+03 7.463561e+03
1.5 7.513434e+03 7.587195e+03 7.579850e+03 7.506090e+03
2.5 7.805224e+03 7.853975e+03 7.818844e+03 7.770093e+03
3.5 8.157438e+03 8.118863e+03 8.067193e+03 8.105768e+03
4.5 8.278718e+03 8.265975e+03 8.210280e+03 8.223023e+03
5.5 8.199708e+03 8.314591e+03 8.262466e+03 8.147583e+03
6.5 8.306764e+03 8.233330e+03 8.197964e+03 8.271398e+03
7.5 8.283836e+03 7.949738e+03 7.941599e+03 8.275697e+03
8.5 7.777322e+03 7.663679e+03 7.671400e+03 7.785043e+03
9.5 7.474917e+03 7.499872e+03 7.510551e+03 7.485596e+03
10.5 7.522977e+03 7.438190e+03 7.446689e+03 7.531477e+03
11.5 7.356612e+03 7.433107e+03 7.438208e+03 7.361713e+03
12.5 7.262001e+03 7.453027e+03 7.454862e+03 7.263836e+03
13.5 7.304049e+03 7.478896e+03 7.478161e+03 7.303314e+03
14.5 7.229219e+03 7.500874e+03 7.498377e+03 7.226722e+03
15.5 7.328379e+03 7.515241e+03 7.512344e+03 7.325483e+03
16.5 7.547614e+03 7.514041e+03 7.520664e+03 7.554237e+03
17.5 7.630368e+03 7.489556e+03 7.525173e+03 7.665984e+03
18.5 7.605939e+03 7.464574e+03 7.527529e+03 7.668895e+03
19.5 7.489417e+03 7.451776e+03 7.528799e+03 7.566440e+03
20.5 7.505708e+03 7.449155e+03 7.529552e+03 7.586104e+03
21.5 7.367793e+03 7.460897e+03 7.530052e+03 7.436949e+03
22.5 7.599246e+03 7.493794e+03 7.530412e+03 7.635863e+03
0.5 7.349731e+03 7.529158e+03 7.516210e+03 7.336783e+03
1.5 7.449200e+03 7.609106e+03 7.582154e+03 7.422249e+03
2.5 8.238286e+03 7.870324e+03 7.818363e+03 8.186325e+03
3.5 8.167534e+03 8.130201e+03 8.063739e+03 8.101072e+03
4.5 8.217201e+03 8.272582e+03 8.203726e+03 8.148345e+03
5.5 8.175365e+03 8.316595e+03 8.252728e+03 8.111499e+03
6.5 8.098541e+03 8.230791e+03 8.184997e+03 8.052747e+03
7.5 7.925638e+03 7.942806e+03 7.925478e+03 7.908310e+03
8.5 7.660169e+03 7.652311e+03 7.652047e+03 7.659905e+03
9.5 7.359488e+03 7.484022e+03 7.487892e+03 7.363357e+03
10.5 7.315105e+03 7.417813e+03 7.420654e+03 7.317947e+03
11.5 7.314973e+03 7.408160e+03 7.408730e+03 7.315543e+03
12.5 7.536522e+03 7.423467e+03 7.421876e+03 7.534932e+03
13.5 7.712961e+03 7.444681e+03 7.441602e+03 7.709883e+03
14.5 7.562462e+03 7.461961e+03 7.458180e+03 7.558681e+03
15.5 7.319416e+03 7.471584e+03 7.468443e+03 7.316274e+03
16.5 7.203567e+03 7.465594e+03 7.472991e+03 7.210964e+03
17.5 7.310449e+03 7.436265e+03 7.473655e+03 7.347839e+03
18.5 7.073502e+03 7.406381e+03 7.472091e+03 7.139213e+03
19.5 7.226125e+03 7.388635e+03 7.469361e+03 7.306850e+03
20.5 7.335489e+03 7.380960e+03 7.466010e+03 7.420540e+03
21.5 7.340089e+03 7.387542e+03 7.462309e+03 7.414856e+03
22.5 7.516227e+03 7.415171e+03 7.458359e+03 7.559415e+03
0.5 7.659081e+03 7.418469e+03 7.418910e+03 7.659521e+03
1.5 7.583010e+03 7.493131e+03 7.480214e+03 7.570092e+03
2.5 7.766267e+03 7.748715e+03 7.711475e+03 7.729027e+03
3.5 8.049572e+03 8.002404e+03 7.951409e+03 7.998577e+03
4.5 8.147331e+03 8.137919e+03 8.085389e+03 8.094801e+03
5.5 8.100713e+03 8.166682e+03 8.127875e+03 8.061906e+03
