0.5 3.934553e+03 3.911306e+03 3.902744e+03 3.925992e+03
1.5 3.927007e+03 3.900618e+03 3.922739e+03 3.949128e+03
2.5 3.975691e+03 3.916194e+03 3.995415e+03 4.054912e+03
3.5 3.893670e+03 3.955294e+03 4.071000e+03 4.009376e+03
4.5 4.081981e+03 3.988983e+03 4.114096e+03 4.207094e+03
5.5 4.056143e+03 4.011915e+03 4.129155e+03 4.173382e+03
6.5 4.042242e+03 4.028101e+03 4.108221e+03 4.122362e+03
7.5 3.966312e+03 4.011293e+03 4.028104e+03 3.983123e+03
8.5 3.926937e+03 3.968173e+03 3.943764e+03 3.902528e+03
9.5 3.924088e+03 3.930090e+03 3.893261e+03 3.887259e+03
10.5 3.880276e+03 3.908898e+03 3.872779e+03 3.844157e+03
11.5 3.900404e+03 3.900709e+03 3.869461e+03 3.869156e+03
12.5 3.986961e+03 3.899752e+03 3.873965e+03 3.961174e+03
13.5 3.895766e+03 3.901977e+03 3.880578e+03 3.874367e+03
14.5 3.830509e+03 3.904840e+03 3.886294e+03 3.811963e+03
15.5 3.851659e+03 3.901736e+03 3.890300e+03 3.840223e+03
16.5 3.808668e+03 3.892488e+03 3.913319e+03 3.829499e+03
17.5 3.925303e+03 3.909088e+03 3.987849e+03 4.004065e+03
18.5 3.875687e+03 3.948888e+03 4.064628e+03 3.991427e+03
19.5 3.942930e+03 3.983077e+03 4.108589e+03 4.068443e+03
20.5 3.967893e+03 4.006400e+03 4.124360e+03 4.085853e+03
21.5 3.911804e+03 4.022918e+03 4.104067e+03 3.992953e+03
22.5 4.020200e+03 4.006408e+03 4.024553e+03 4.038345e+03
0.5 3.851659e+03 3.901736e+03 3.890300e+03 3.840223e+03
1.5 3.808668e+03 3.892488e+03 3.913319e+03 3.829499e+03
2.5 3.925303e+03 3.909088e+03 3.987849e+03 4.004065e+03
3.5 3.875687e+03 3.948888e+03 4.064628e+03 3.991427e+03
4.5 3.942930e+03 3.983077e+03 4.108589e+03 4.068443e+03
5.5 3.967893e+03 4.006400e+03 4.124360e+03 4.085853e+03
6.5 3.911804e+03 4.022918e+03 4.104067e+03 3.992953e+03
7.5 4.020200e+03 4.006408e+03 4.024553e+03 4.038345e+03
8.5 3.926030e+03 3.963563e+03 3.940790e+03 3.903256e+03
9.5 3.884637e+03 3.925737e+03 3.890845e+03 3.849746e+03
10.5 3.884863e+03 3.904785e+03 3.870901e+03 3.850979e+03
11.5 3.889683e+03 3.896821e+03 3.868105e+03 3.860967e+03
12.5 3.875661e+03 3.896075e+03 3.873111e+03 3.852697e+03
13.5 3.795895e+03 3.898496e+03 3.880207e+03 3.777606e+03
14.5 3.888376e+03 3.901597e+03 3.886388e+03 3.873167e+03
15.5 3.851958e+03 3.905820e+03 3.890676e+03 3.836814e+03
16.5 3.858805e+03 3.921436e+03 3.893258e+03 3.830627e+03
17.5 3.981794e+03 3.955589e+03 3.894700e+03 3.920906e+03
18.5 3.955656e+03 3.983629e+03 3.895516e+03 3.867543e+03
19.5 3.877403e+03 3.996149e+03 3.896035e+03 3.777290e+03
20.5 3.891635e+03 3.997212e+03 3.896433e+03 3.790856e+03
21.5 3.977444e+03 3.981569e+03 3.896792e+03 3.892667e+03
22.5 3.852814e+03 3.945109e+03 3.897146e+03 3.804851e+03
0.5 3.884618e+03 3.898776e+03 3.900557e+03 3.886399e+03
1.5 3.951018e+03 3.888610e+03 3.921889e+03 3.984297e+03
2.5 3.882726e+03 3.904664e+03 3.995867e+03 3.973929e+03
3.5 3.983062e+03 3.944196e+03 4.072717e+03 4.111583e+03
4.5 4.077532e+03 3.978282e+03 4.117044e+03 4.216295e+03
5.5 3.895901e+03 4.001603e+03 4.133317e+03 4.027615e+03
6.5 4.064363e+03 4.018132e+03 4.113568e+03 4.159799e+03
7.5 4.109626e+03 4.001620e+03 4.034609e+03 4.142616e+03
8.5 3.989804e+03 3.958738e+03 3.951402e+03 3.982468e+03
9.5 4.020136e+03 3.920836e+03 3.902009e+03 4.001309e+03
10.5 3.988823e+03 3.899778e+03 3.882616e+03 3.971661e+03
11.5 3.844711e+03 3.891683e+03 3.880371e+03 3.833400e+03
12.5 3.921110e+03 3.890780e+03 3.885933e+03 3.916263e+03
13.5 4.004980e+03 3.893021e+03 3.893592e+03 4.005551e+03
14.5 3.834268e+03 3.895918e+03 3.900346e+03 3.838695e+03
15.5 3.859836e+03 3.899913e+03 3.905220e+03 3.865143e+03
16.5 3.987024e+03 3.915275e+03 3.908406e+03 3.980156e+03
17.5 4.010790e+03 3.949134e+03 3.910473e+03 3.972128e+03
18.5 4.010250e+03 3.976822e+03 3.911938e+03 3.945366e+03
19.5 4.077809e+03 3.988887e+03 3.913133e+03 4.002054e+03
20.5 3.963071e+03 3.984311e+03 3.914239e+03 3.893000e+03
