0.5 8.902291e+03 8.887430e+03 8.877027e+03 8.891888e+03
1.5 8.768976e+03 8.882937e+03 8.869386e+03 8.755425e+03
2.5 8.775201e+03 8.840926e+03 8.842734e+03 8.777009e+03
3.5 8.881201e+03 8.784428e+03 8.815039e+03 8.911812e+03
4.5 8.828277e+03 8.745003e+03 8.799082e+03 8.882356e+03
5.5 8.692148e+03 8.723765e+03 8.793262e+03 8.761646e+03
6.5 8.806414e+03 8.721916e+03 8.800455e+03 8.884953e+03
7.5 8.947847e+03 8.764258e+03 8.829045e+03 9.012634e+03
8.5 8.937802e+03 8.823271e+03 8.859177e+03 8.973708e+03
9.5 8.896791e+03 8.864922e+03 8.877114e+03 8.908983e+03
10.5 8.900126e+03 8.884208e+03 8.884236e+03 8.900154e+03
11.5 8.987218e+03 8.888861e+03 8.885182e+03 8.983539e+03
12.5 8.810696e+03 8.886153e+03 8.883325e+03 8.807868e+03
13.5 8.932771e+03 8.880824e+03 8.880726e+03 8.932673e+03
14.5 8.906925e+03 8.875543e+03 8.878472e+03 8.909854e+03
15.5 8.894137e+03 8.867479e+03 8.876914e+03 8.903572e+03
16.5 8.767598e+03 8.859672e+03 8.875987e+03 8.783912e+03
17.5 8.842928e+03 8.879800e+03 8.875484e+03 8.838611e+03
18.5 8.977606e+03 8.918490e+03 8.875221e+03 8.934338e+03
19.5 8.845241e+03 8.949067e+03 8.875079e+03 8.771254e+03
20.5 8.912114e+03 8.967986e+03 8.874995e+03 8.819123e+03
21.5 8.912957e+03 8.977041e+03 8.874940e+03 8.810855e+03
22.5 9.052382e+03 8.953533e+03 8.874900e+03 8.973749e+03
0.5 8.809284e+03 8.863160e+03 8.876483e+03 8.822607e+03
1.5 8.901373e+03 8.862159e+03 8.869129e+03 8.908343e+03
2.5 8.844790e+03 8.822806e+03 8.842788e+03 8.864772e+03
3.5 8.791159e+03 8.768507e+03 8.815424e+03 8.838076e+03
4.5 8.760474e+03 8.731051e+03 8.799813e+03 8.829235e+03
5.5 8.487887e+03 8.711672e+03 8.794348e+03 8.570563e+03
6.5 8.576085e+03 8.711629e+03 8.801901e+03 8.666358e+03
7.5 8.678455e+03 8.755698e+03 8.830843e+03 8.753600e+03
8.5 8.718705e+03 8.816410e+03 8.861335e+03 8.763630e+03
9.5 8.790276e+03 8.859745e+03 8.879641e+03 8.810173e+03
10.5 8.633211e+03 8.880699e+03 8.887139e+03 8.639651e+03
11.5 8.670457e+03 8.887004e+03 8.888469e+03 8.671922e+03
12.5 8.639887e+03 8.885933e+03 8.887003e+03 8.640956e+03
13.5 8.961371e+03 8.882226e+03 8.884803e+03 8.963949e+03
14.5 8.823977e+03 8.878550e+03 8.882955e+03 8.828381e+03
15.5 9.024155e+03 8.872078e+03 8.881810e+03 9.033887e+03
16.5 8.861947e+03 8.865849e+03 8.881303e+03 8.877401e+03
17.5 8.880492e+03 8.887543e+03 8.881229e+03 8.874178e+03
18.5 9.017362e+03 8.927788e+03 8.881403e+03 8.970978e+03
19.5 9.060764e+03 8.959918e+03 8.881708e+03 8.982553e+03
20.5 8.961408e+03 8.980409e+03 8.882081e+03 8.863080e+03
21.5 8.924009e+03 8.991030e+03 8.882494e+03 8.815473e+03
22.5 8.972890e+03 8.969083e+03 8.882935e+03 8.886742e+03
0.5 8.999644e+03 8.889222e+03 8.887334e+03 8.997755e+03
1.5 8.906987e+03 8.889453e+03 8.880497e+03 8.898032e+03
2.5 8.824571e+03 8.851389e+03 8.854708e+03 8.827890e+03
3.5 8.777957e+03 8.798477e+03 8.827951e+03 8.807431e+03
4.5 8.829053e+03 8.762502e+03 8.813010e+03 8.879560e+03
5.5 8.723328e+03 8.740492e+03 8.808272e+03 8.791108e+03
