0.5 3.951773e+03 3.936841e+03 3.944609e+03 3.959542e+03
1.5 3.880814e+03 3.948704e+03 3.968073e+03 3.900183e+03
2.5 3.969146e+03 3.980365e+03 3.985210e+03 3.973991e+03
3.5 4.073097e+03 4.006649e+03 3.974817e+03 4.041264e+03
4.5 4.111008e+03 4.017800e+03 3.954777e+03 4.047984e+03
5.5 3.999991e+03 4.017694e+03 3.933901e+03 3.916198e+03
6.5 4.004999e+03 4.000986e+03 3.903345e+03 3.907359e+03
7.5 4.057574e+03 3.963540e+03 3.883687e+03 3.977721e+03
8.5 4.046407e+03 3.931844e+03 3.894114e+03 4.008677e+03
9.5 3.998621e+03 3.916212e+03 3.915228e+03 3.997637e+03
10.5 4.029067e+03 3.911104e+03 3.930636e+03 4.048599e+03
11.5 3.842412e+03 3.911023e+03 3.938694e+03 3.870082e+03
12.5 3.994432e+03 3.912856e+03 3.941808e+03 4.023384e+03
13.5 3.954063e+03 3.914855e+03 3.942085e+03 3.981294e+03
14.5 3.989982e+03 3.916167e+03 3.941087e+03 4.014902e+03
15.5 3.934553e+03 3.911306e+03 3.939854e+03 3.963102e+03
16.5 3.927007e+03 3.900618e+03 3.938883e+03 3.965273e+03
17.5 3.975691e+03 3.916194e+03 3.938273e+03 3.997770e+03
18.5 3.893670e+03 3.955294e+03 3.937943e+03 3.876319e+03
19.5 4.081981e+03 3.988983e+03 3.937778e+03 4.030776e+03
20.5 4.056143e+03 4.011915e+03 3.937699e+03 3.981927e+03
21.5 4.042242e+03 4.028101e+03 3.937658e+03 3.951799e+03
22.5 3.966312e+03 4.011293e+03 3.937633e+03 3.892651e+03
0.5 3.851958e+03 3.905820e+03 3.944097e+03 3.890235e+03
1.5 3.858805e+03 3.921436e+03 3.967531e+03 3.904900e+03
2.5 3.981794e+03 3.955589e+03 3.984637e+03 4.010843e+03
3.5 3.955656e+03 3.983629e+03 3.974222e+03 3.946249e+03
4.5 3.877403e+03 3.996149e+03 3.954172e+03 3.835426e+03
5.5 3.891635e+03 3.997212e+03 3.933294e+03 3.827716e+03
6.5 3.977444e+03 3.981569e+03 3.902752e+03 3.898627e+03
7.5 3.852814e+03 3.945109e+03 3.883104e+03 3.790809e+03
8.5 3.937595e+03 3.914330e+03 3.893527e+03 3.916792e+03
9.5 3.875634e+03 3.899559e+03 3.914637e+03 3.890713e+03
10.5 3.664438e+03 3.895261e+03 3.930043e+03 3.699220e+03
11.5 3.917368e+03 3.895940e+03 3.938099e+03 3.959527e+03
12.5 3.918266e+03 3.898483e+03 3.941212e+03 3.960995e+03
13.5 3.835305e+03 3.901143e+03 3.941488e+03 3.875650e+03
14.5 3.951613e+03 3.903070e+03 3.940489e+03 3.989032e+03
15.5 3.884618e+03 3.898776e+03 3.939255e+03 3.925097e+03
16.5 3.951018e+03 3.888610e+03 3.938283e+03 4.000691e+03
17.5 3.882726e+03 3.904664e+03 3.937671e+03 3.915733e+03
18.5 3.983062e+03 3.944196e+03 3.937338e+03 3.976204e+03
19.5 4.077532e+03 3.978282e+03 3.937169e+03 4.036419e+03
20.5 3.895901e+03 4.001603e+03 3.937083e+03 3.831381e+03
21.5 4.064363e+03 4.018132e+03 3.937036e+03 3.983267e+03
22.5 4.109626e+03 4.001620e+03 3.937002e+03 4.045009e+03
0.5 3.859836e+03 3.899913e+03 3.943520e+03 3.903442e+03
1.5 3.987024e+03 3.915275e+03 3.966915e+03 4.038665e+03
2.5 4.010790e+03 3.949134e+03 3.983958e+03 4.045613e+03
3.5 4.010250e+03 3.976822e+03 3.973456e+03 4.006884e+03
4.5 4.077809e+03 3.988887e+03 3.953318e+03 4.042239e+03
5.5 3.963071e+03 3.984311e+03 3.932366e+03 3.911127e+03
