0.5 9.901387e+03 9.945246e+03 9.993873e+03 9.950014e+03
1.5 9.923842e+03 9.971326e+03 9.990345e+03 9.942860e+03
2.5 9.916547e+03 1.001714e+04 9.978037e+03 9.877442e+03
3.5 1.004179e+04 1.004818e+04 9.965248e+03 9.958853e+03
4.5 1.010279e+04 1.005821e+04 9.957879e+03 1.000246e+04
5.5 9.983053e+03 1.005441e+04 9.955192e+03 9.883839e+03
6.5 1.005530e+04 1.002831e+04 9.958513e+03 9.985505e+03
7.5 1.005857e+04 9.980507e+03 9.971715e+03 1.004978e+04
8.5 9.964514e+03 9.947335e+03 9.985630e+03 1.000281e+04
9.5 9.991699e+03 9.935841e+03 9.993913e+03 1.004977e+04
10.5 9.977759e+03 9.935169e+03 9.997202e+03 1.003979e+04
11.5 9.981452e+03 9.938410e+03 9.997639e+03 1.004068e+04
12.5 9.906755e+03 9.942533e+03 9.996781e+03 9.961003e+03
13.5 9.974248e+03 9.946039e+03 9.995581e+03 1.002379e+04
14.5 9.939090e+03 9.948364e+03 9.994540e+03 9.985267e+03
15.5 9.943481e+03 9.946290e+03 9.993821e+03 9.991012e+03
16.5 9.915924e+03 9.946671e+03 9.993393e+03 9.962646e+03
17.5 1.001640e+04 9.979907e+03 9.993160e+03 1.002965e+04
18.5 1.009893e+04 1.002886e+04 9.993039e+03 1.006311e+04
19.5 1.005981e+04 1.006423e+04 9.992974e+03 9.988550e+03
20.5 1.009971e+04 1.008403e+04 9.992935e+03 1.000861e+04
21.5 1.005111e+04 1.008833e+04 9.992909e+03 9.955682e+03
22.5 1.009641e+04 1.005330e+04 9.992891e+03 1.003600e+04
0.5 9.944433e+03 9.951187e+03 9.993622e+03 9.986869e+03
1.5 9.991810e+03 9.975687e+03 9.990226e+03 1.000635e+04
2.5 1.007678e+04 1.002041e+04 9.978062e+03 1.003443e+04
3.5 1.012126e+04 1.005071e+04 9.965426e+03 1.003598e+04
4.5 1.003620e+04 1.006021e+04 9.958217e+03 9.934209e+03
5.5 9.987216e+03 1.005601e+04 9.955693e+03 9.886900e+03
6.5 1.003747e+04 1.002957e+04 9.959181e+03 9.967085e+03
7.5 9.978932e+03 9.981466e+03 9.972546e+03 9.970012e+03
8.5 9.942273e+03 9.948007e+03 9.986627e+03 9.980893e+03
9.5 9.892168e+03 9.936233e+03 9.995080e+03 9.951015e+03
10.5 9.844250e+03 9.935288e+03 9.998543e+03 9.907504e+03
11.5 9.901921e+03 9.938259e+03 9.999157e+03 9.962819e+03
12.5 9.992213e+03 9.942114e+03 9.998480e+03 1.004858e+04
13.5 1.004142e+04 9.945353e+03 9.997464e+03 1.009353e+04
14.5 1.002588e+04 9.947408e+03 9.996610e+03 1.007508e+04
15.5 1.000591e+04 9.945062e+03 9.996082e+03 1.005693e+04
16.5 9.931216e+03 9.945165e+03 9.995848e+03 9.981899e+03
17.5 9.904759e+03 9.978118e+03 9.995813e+03 9.922454e+03
18.5 1.001899e+04 1.002678e+04 9.995894e+03 9.988102e+03
19.5 1.007116e+04 1.006187e+04 9.996035e+03 1.000533e+04
20.5 1.010109e+04 1.008136e+04 9.996207e+03 1.001593e+04
21.5 1.004471e+04 1.008531e+04 9.996398e+03 9.955796e+03
22.5 9.971856e+03 1.004991e+04 9.996601e+03 9.918548e+03
0.5 1.001712e+04 9.944742e+03 9.998633e+03 1.007102e+04
1.5 1.001039e+04 9.968797e+03 9.995476e+03 1.003707e+04
2.5 1.003499e+04 1.001303e+04 9.983566e+03 1.000552e+04
3.5 1.009591e+04 1.004277e+04 9.971210e+03 1.002435e+04
4.5 1.004065e+04 1.005156e+04 9.964311e+03 9.953398e+03
5.5 1.007672e+04 1.003637e+04 9.962123e+03 1.000247e+04
