0.5 6.683798e+03 6.669468e+03 6.660885e+03 6.675215e+03
1.5 6.706481e+03 6.674638e+03 6.662525e+03 6.694368e+03
2.5 6.750811e+03 6.690427e+03 6.668488e+03 6.728872e+03
3.5 6.751112e+03 6.704146e+03 6.674689e+03 6.721654e+03
4.5 6.643041e+03 6.710439e+03 6.678224e+03 6.610826e+03
5.5 6.709729e+03 6.711074e+03 6.679460e+03 6.678114e+03
6.5 6.748718e+03 6.703398e+03 6.677742e+03 6.723062e+03
7.5 6.675058e+03 6.684989e+03 6.671169e+03 6.661239e+03
8.5 6.661138e+03 6.669094e+03 6.664250e+03 6.656295e+03
9.5 6.673915e+03 6.661246e+03 6.660107e+03 6.672776e+03
10.5 6.707241e+03 6.658842e+03 6.658426e+03 6.706825e+03
11.5 6.666752e+03 6.659099e+03 6.658154e+03 6.665807e+03
12.5 6.694568e+03 6.660394e+03 6.658524e+03 6.692698e+03
13.5 6.659788e+03 6.661807e+03 6.659066e+03 6.657047e+03
14.5 6.665895e+03 6.662911e+03 6.659535e+03 6.662519e+03
15.5 6.710952e+03 6.664397e+03 6.659864e+03 6.706418e+03
16.5 6.651730e+03 6.671633e+03 6.661752e+03 6.641850e+03
17.5 6.688064e+03 6.688631e+03 6.667867e+03 6.667300e+03
18.5 6.687849e+03 6.703053e+03 6.674166e+03 6.658962e+03
19.5 6.671264e+03 6.709788e+03 6.677773e+03 6.639249e+03
20.5 6.677589e+03 6.710747e+03 6.679066e+03 6.645909e+03
21.5 6.721371e+03 6.703344e+03 6.677401e+03 6.695428e+03
22.5 6.680557e+03 6.685189e+03 6.670878e+03 6.666246e+03
0.5 6.710952e+03 6.664397e+03 6.659864e+03 6.706418e+03
1.5 6.651730e+03 6.671633e+03 6.661752e+03 6.641850e+03
2.5 6.688064e+03 6.688631e+03 6.667867e+03 6.667300e+03
3.5 6.687849e+03 6.703053e+03 6.674166e+03 6.658962e+03
4.5 6.671264e+03 6.709788e+03 6.677773e+03 6.639249e+03
5.5 6.677589e+03 6.710747e+03 6.679066e+03 6.645909e+03
6.5 6.721371e+03 6.703344e+03 6.677401e+03 6.695428e+03
7.5 6.680557e+03 6.685189e+03 6.670878e+03 6.666246e+03
8.5 6.660783e+03 6.669538e+03 6.664006e+03 6.655251e+03
9.5 6.679992e+03 6.661931e+03 6.659908e+03 6.677969e+03
10.5 6.681464e+03 6.659765e+03 6.658272e+03 6.679971e+03
11.5 6.619142e+03 6.660256e+03 6.658043e+03 6.616929e+03
12.5 6.649627e+03 6.661784e+03 6.658453e+03 6.646297e+03
13.5 6.686337e+03 6.663426e+03 6.659036e+03 6.681946e+03
14.5 6.638664e+03 6.664777e+03 6.659543e+03 6.633429e+03
15.5 6.656822e+03 6.669125e+03 6.659895e+03 6.647591e+03
16.5 6.744003e+03 6.673325e+03 6.660106e+03 6.730784e+03
17.5 6.622880e+03 6.652438e+03 6.660225e+03 6.630667e+03
18.5 6.587382e+03 6.616021e+03 6.660292e+03 6.631653e+03
19.5 6.568870e+03 6.587944e+03 6.660334e+03 6.641260e+03
20.5 6.588129e+03 6.570973e+03 6.660367e+03 6.677523e+03
21.5 6.512578e+03 6.563806e+03 6.660396e+03 6.609168e+03
22.5 6.545272e+03 6.586635e+03 6.660425e+03 6.619062e+03
0.5 6.698150e+03 6.675201e+03 6.660705e+03 6.683653e+03
1.5 6.644107e+03 6.681047e+03 6.662455e+03 6.625515e+03
2.5 6.714159e+03 6.697516e+03 6.668525e+03 6.685167e+03
3.5 6.756808e+03 6.711922e+03 6.674829e+03 6.719715e+03
4.5 6.718981e+03 6.718895e+03 6.678466e+03 6.678552e+03
5.5 6.756732e+03 6.720214e+03 6.679801e+03 6.716319e+03
6.5 6.689191e+03 6.713242e+03 6.678181e+03 6.654129e+03
7.5 6.713226e+03 6.695553e+03 6.671703e+03 6.689376e+03
8.5 6.716111e+03 6.680398e+03 6.664877e+03 6.700590e+03
9.5 6.727020e+03 6.673307e+03 6.660824e+03 6.714538e+03
10.5 6.748340e+03 6.671673e+03 6.659233e+03 6.735900e+03
11.5 6.688504e+03 6.672714e+03 6.659049e+03 6.674839e+03
12.5 6.719639e+03 6.674810e+03 6.659505e+03 6.704335e+03
13.5 6.673558e+03 6.677044e+03 6.660134e+03 6.656648e+03
14.5 6.700995e+03 6.679013e+03 6.660688e+03 6.682670e+03
15.5 6.730703e+03 6.684007e+03 6.661088e+03 6.707784e+03
16.5 6.678156e+03 6.688884e+03 6.661349e+03 6.650622e+03
17.5 6.598665e+03 6.668703e+03 6.661519e+03 6.591480e+03
18.5 6.608605e+03 6.633049e+03 6.661639e+03 6.637195e+03
19.5 6.609596e+03 6.605852e+03 6.661737e+03 6.665481e+03
20.5 6.567377e+03 6.594778e+03 6.661828e+03 6.634427e+03
