0.5 9.232258e+03 9.300928e+03 9.326150e+03 9.257480e+03
1.5 9.265504e+03 9.296378e+03 9.338698e+03 9.307824e+03
2.5 9.335633e+03 9.287220e+03 9.348187e+03 9.396600e+03
3.5 9.302635e+03 9.282789e+03 9.343118e+03 9.362963e+03
4.5 9.280154e+03 9.283169e+03 9.332765e+03 9.329750e+03
5.5 9.297362e+03 9.286298e+03 9.321818e+03 9.332883e+03
6.5 9.272839e+03 9.294741e+03 9.305555e+03 9.283653e+03
7.5 9.308175e+03 9.306686e+03 9.294731e+03 9.296220e+03
8.5 9.364214e+03 9.313047e+03 9.299807e+03 9.350974e+03
9.5 9.296256e+03 9.313999e+03 9.310731e+03 9.292988e+03
10.5 9.307867e+03 9.313155e+03 9.318799e+03 9.313512e+03
11.5 9.233309e+03 9.312080e+03 9.323071e+03 9.244300e+03
12.5 9.343247e+03 9.311199e+03 9.324767e+03 9.356814e+03
13.5 9.223635e+03 9.310646e+03 9.324973e+03 9.237962e+03
14.5 9.224520e+03 9.310392e+03 9.324527e+03 9.238654e+03
15.5 9.382783e+03 9.308998e+03 9.327483e+03 9.401268e+03
16.5 9.308613e+03 9.302383e+03 9.339533e+03 9.345763e+03
17.5 9.350797e+03 9.291958e+03 9.348709e+03 9.407547e+03
18.5 9.355500e+03 9.286682e+03 9.343471e+03 9.412289e+03
19.5 9.340272e+03 9.286415e+03 9.333036e+03 9.386892e+03
20.5 9.267719e+03 9.288987e+03 9.322050e+03 9.300783e+03
21.5 9.295141e+03 9.296913e+03 9.305768e+03 9.303996e+03
22.5 9.326352e+03 9.308362e+03 9.294933e+03 9.312924e+03
0.5 9.382783e+03 9.308998e+03 9.327483e+03 9.401268e+03
1.5 9.308613e+03 9.302383e+03 9.339533e+03 9.345763e+03
2.5 9.350797e+03 9.291958e+03 9.348709e+03 9.407547e+03
3.5 9.355500e+03 9.286682e+03 9.343471e+03 9.412289e+03
4.5 9.340272e+03 9.286415e+03 9.333036e+03 9.386892e+03
5.5 9.267719e+03 9.288987e+03 9.322050e+03 9.300783e+03
6.5 9.295141e+03 9.296913e+03 9.305768e+03 9.303996e+03
7.5 9.326352e+03 9.308362e+03 9.294933e+03 9.312924e+03
8.5 9.310787e+03 9.314242e+03 9.300002e+03 9.296546e+03
9.5 9.347510e+03 9.314725e+03 9.310919e+03 9.343704e+03
10.5 9.355992e+03 9.313422e+03 9.318981e+03 9.361551e+03
11.5 9.309752e+03 9.311898e+03 9.323246e+03 9.321099e+03
12.5 9.278531e+03 9.310579e+03 9.324936e+03 9.292887e+03
13.5 9.279257e+03 9.309598e+03 9.325135e+03 9.294795e+03
14.5 9.363767e+03 9.308944e+03 9.324654e+03 9.379477e+03
15.5 9.251832e+03 9.309641e+03 9.324038e+03 9.266229e+03
16.5 9.278592e+03 9.327381e+03 9.323551e+03 9.274763e+03
17.5 9.473713e+03 9.380694e+03 9.323249e+03 9.416268e+03
18.5 9.429590e+03 9.431726e+03 9.323091e+03 9.320956e+03
19.5 9.464200e+03 9.458658e+03 9.323020e+03 9.328562e+03
20.5 9.416564e+03 9.465940e+03 9.322992e+03 9.273617e+03
21.5 9.440869e+03 9.446686e+03 9.322985e+03 9.317168e+03
22.5 9.421248e+03 9.387975e+03 9.322985e+03 9.356259e+03
0.5 9.269243e+03 9.296959e+03 9.326614e+03 9.298898e+03
1.5 9.223920e+03 9.291078e+03 9.339149e+03 9.271992e+03
2.5 9.227882e+03 9.280597e+03 9.348625e+03 9.295911e+03
3.5 9.183622e+03 9.274849e+03 9.343544e+03 9.252317e+03
4.5 9.249728e+03 9.273926e+03 9.333183e+03 9.308985e+03
5.5 9.266697e+03 9.275724e+03 9.322228e+03 9.313201e+03
6.5 9.264799e+03 9.282820e+03 9.305954e+03 9.287933e+03
7.5 9.305299e+03 9.293404e+03 9.295121e+03 9.307016e+03
8.5 9.212353e+03 9.298400e+03 9.300189e+03 9.214142e+03
9.5 9.320357e+03 9.297988e+03 9.311105e+03 9.333475e+03
10.5 9.316071e+03 9.295778e+03 9.319167e+03 9.339460e+03
11.5 9.256644e+03 9.293326e+03 9.323433e+03 9.286751e+03
12.5 9.288791e+03 9.291049e+03 9.325125e+03 9.322866e+03
13.5 9.300026e+03 9.289074e+03 9.325327e+03 9.336279e+03
14.5 9.338132e+03 9.287382e+03 9.324850e+03 9.375599e+03
15.5 9.304492e+03 9.286996e+03 9.324239e+03 9.341735e+03
16.5 9.326843e+03 9.303599e+03 9.323759e+03 9.347002e+03
17.5 9.459012e+03 9.355706e+03 9.323464e+03 9.426771e+03
18.5 9.438982e+03 9.405419e+03 9.323315e+03 9.356877e+03
19.5 9.415414e+03 9.430873e+03 9.323254e+03 9.307795e+03
20.5 9.422974e+03 9.431791e+03 9.323237e+03 9.314421e+03
