0.5 9.003445e+03 9.037273e+03 9.076889e+03 9.043062e+03
1.5 8.974027e+03 9.060828e+03 9.107854e+03 9.021054e+03
2.5 9.091141e+03 9.091638e+03 9.130469e+03 9.129971e+03
3.5 9.151724e+03 9.103099e+03 9.116754e+03 9.165378e+03
4.5 9.133180e+03 9.099621e+03 9.090307e+03 9.123866e+03
5.5 8.983167e+03 9.088658e+03 9.062758e+03 8.957267e+03
6.5 9.138847e+03 9.062120e+03 9.022434e+03 9.099161e+03
7.5 9.216929e+03 9.029026e+03 8.996492e+03 9.184395e+03
8.5 8.883910e+03 9.016182e+03 9.010252e+03 8.877980e+03
9.5 8.961689e+03 9.019011e+03 9.038116e+03 8.980794e+03
10.5 9.109174e+03 9.025001e+03 9.058450e+03 9.142623e+03
11.5 8.895206e+03 9.029900e+03 9.069083e+03 8.934389e+03
12.5 8.974970e+03 9.033168e+03 9.073193e+03 9.014994e+03
13.5 9.131304e+03 9.034926e+03 9.073559e+03 9.169937e+03
14.5 8.995135e+03 9.035511e+03 9.072242e+03 9.031866e+03
15.5 9.001898e+03 9.029859e+03 9.070615e+03 9.042654e+03
16.5 8.920649e+03 9.022564e+03 9.069333e+03 8.967419e+03
17.5 9.138229e+03 9.053395e+03 9.068528e+03 9.153363e+03
18.5 9.067400e+03 9.109586e+03 9.068092e+03 9.025906e+03
19.5 9.346826e+03 9.153829e+03 9.067875e+03 9.260872e+03
20.5 9.166221e+03 9.181344e+03 9.067771e+03 9.052647e+03
21.5 9.178033e+03 9.194727e+03 9.067717e+03 9.051023e+03
22.5 9.154770e+03 9.161967e+03 9.067683e+03 9.060485e+03
0.5 9.058791e+03 9.034710e+03 9.076214e+03 9.100295e+03
1.5 8.987928e+03 9.058645e+03 9.107139e+03 9.036422e+03
2.5 9.121612e+03 9.089720e+03 9.129714e+03 9.161605e+03
3.5 9.108097e+03 9.101371e+03 9.115970e+03 9.122696e+03
4.5 9.023980e+03 9.098047e+03 9.089509e+03 9.015443e+03
5.5 9.092731e+03 9.087231e+03 9.061957e+03 9.067457e+03
6.5 9.078207e+03 9.060851e+03 9.021651e+03 9.039008e+03
7.5 9.051132e+03 9.027921e+03 8.995723e+03 9.018934e+03
8.5 8.920711e+03 9.015231e+03 9.009477e+03 8.914957e+03
9.5 8.929769e+03 9.018219e+03 9.037336e+03 8.948886e+03
10.5 9.058750e+03 9.024370e+03 9.057667e+03 9.092047e+03
11.5 9.143366e+03 9.029433e+03 9.068298e+03 9.182232e+03
12.5 9.117572e+03 9.032864e+03 9.072406e+03 9.157114e+03
13.5 9.105716e+03 9.034782e+03 9.072771e+03 9.143704e+03
14.5 9.225601e+03 9.035525e+03 9.071452e+03 9.261528e+03
15.5 9.001244e+03 9.030026e+03 9.069824e+03 9.041042e+03
16.5 9.038013e+03 9.022878e+03 9.068541e+03 9.083676e+03
17.5 9.023374e+03 9.053848e+03 9.067733e+03 9.037259e+03
18.5 9.134441e+03 9.110171e+03 9.067294e+03 9.091564e+03
19.5 9.129044e+03 9.154540e+03 9.067070e+03 9.041574e+03
20.5 9.153703e+03 9.182152e+03 9.066957e+03 9.038509e+03
21.5 9.086898e+03 9.195613e+03 9.066895e+03 8.958180e+03
22.5 9.098938e+03 9.162914e+03 9.066850e+03 9.002874e+03
0.5 9.150286e+03 9.035646e+03 9.075452e+03 9.190092e+03
1.5 8.981521e+03 9.059497e+03 9.106326e+03 9.028350e+03
2.5 9.224924e+03 9.090460e+03 9.128817e+03 9.263281e+03
3.5 9.065674e+03 9.101959e+03 9.114958e+03 9.078672e+03
4.5 9.037670e+03 9.098428e+03 9.088382e+03 9.027624e+03
5.5 9.073744e+03 9.083400e+03 9.060732e+03 9.051076e+03
