0.5 7.510970e+03 7.556502e+03 7.590823e+03 7.545291e+03
1.5 7.533593e+03 7.552103e+03 7.621232e+03 7.602721e+03
2.5 7.549134e+03 7.556218e+03 7.644226e+03 7.637142e+03
3.5 7.574150e+03 7.570041e+03 7.631942e+03 7.636051e+03
4.5 7.548616e+03 7.582779e+03 7.606854e+03 7.572692e+03
5.5 7.633265e+03 7.592020e+03 7.580327e+03 7.621572e+03
6.5 7.551212e+03 7.599852e+03 7.540914e+03 7.492274e+03
7.5 7.601470e+03 7.595983e+03 7.514685e+03 7.520171e+03
8.5 7.631194e+03 7.580971e+03 7.526986e+03 7.577209e+03
9.5 7.568215e+03 7.566686e+03 7.553458e+03 7.554987e+03
10.5 7.529935e+03 7.558386e+03 7.573010e+03 7.544558e+03
11.5 7.457845e+03 7.554942e+03 7.583361e+03 7.486264e+03
12.5 7.571741e+03 7.554265e+03 7.587472e+03 7.604948e+03
13.5 7.487499e+03 7.554857e+03 7.587972e+03 7.520614e+03
14.5 7.495363e+03 7.555748e+03 7.586889e+03 7.526504e+03
15.5 7.603415e+03 7.554136e+03 7.594055e+03 7.643334e+03
16.5 7.584894e+03 7.549069e+03 7.623256e+03 7.659081e+03
17.5 7.637535e+03 7.552929e+03 7.645492e+03 7.730098e+03
18.5 7.677895e+03 7.566655e+03 7.632798e+03 7.744038e+03
19.5 7.663400e+03 7.579341e+03 7.607510e+03 7.691569e+03
20.5 7.572814e+03 7.588532e+03 7.580889e+03 7.565170e+03
21.5 7.556621e+03 7.596308e+03 7.541431e+03 7.501744e+03
22.5 7.589807e+03 7.592371e+03 7.515175e+03 7.512611e+03
0.5 7.603415e+03 7.554136e+03 7.594055e+03 7.643334e+03
1.5 7.584894e+03 7.549069e+03 7.623256e+03 7.659081e+03
2.5 7.637535e+03 7.552929e+03 7.645492e+03 7.730098e+03
3.5 7.677895e+03 7.566655e+03 7.632798e+03 7.744038e+03
4.5 7.663400e+03 7.579341e+03 7.607510e+03 7.691569e+03
5.5 7.572814e+03 7.588532e+03 7.580889e+03 7.565170e+03
6.5 7.556621e+03 7.596308e+03 7.541431e+03 7.501744e+03
7.5 7.589807e+03 7.592371e+03 7.515175e+03 7.512611e+03
8.5 7.589882e+03 7.577282e+03 7.527458e+03 7.540057e+03
9.5 7.618060e+03 7.562911e+03 7.553913e+03 7.609061e+03
10.5 7.630005e+03 7.554517e+03 7.573450e+03 7.648938e+03
11.5 7.592792e+03 7.550971e+03 7.583785e+03 7.625606e+03
12.5 7.546894e+03 7.550185e+03 7.587881e+03 7.584590e+03
13.5 7.555268e+03 7.550661e+03 7.588365e+03 7.592971e+03
14.5 7.524309e+03 7.551475e+03 7.587199e+03 7.560033e+03
15.5 7.510140e+03 7.555536e+03 7.585706e+03 7.540310e+03
16.5 7.560015e+03 7.583397e+03 7.584526e+03 7.561144e+03
17.5 7.737585e+03 7.648171e+03 7.583794e+03 7.673209e+03
18.5 7.738671e+03 7.701325e+03 7.583412e+03 7.620758e+03
19.5 7.716717e+03 7.724661e+03 7.583238e+03 7.575295e+03
20.5 7.651185e+03 7.725999e+03 7.583172e+03 7.508358e+03
21.5 7.693828e+03 7.694899e+03 7.583153e+03 7.582082e+03
22.5 7.621281e+03 7.623770e+03 7.583154e+03 7.580665e+03
0.5 7.528712e+03 7.541422e+03 7.591948e+03 7.579237e+03
1.5 7.488753e+03 7.536620e+03 7.622325e+03 7.574457e+03
2.5 7.448607e+03 7.540295e+03 7.645289e+03 7.553601e+03
3.5 7.486620e+03 7.553640e+03 7.632975e+03 7.565956e+03
4.5 7.564509e+03 7.565885e+03 7.607866e+03 7.606490e+03
5.5 7.551273e+03 7.574619e+03 7.581318e+03 7.557972e+03
6.5 7.574850e+03 7.581885e+03 7.541882e+03 7.534846e+03
7.5 7.590038e+03 7.577395e+03 7.515631e+03 7.528274e+03
8.5 7.522395e+03 7.561695e+03 7.527912e+03 7.488612e+03
9.5 7.590326e+03 7.546666e+03 7.554365e+03 7.598026e+03
10.5 7.609222e+03 7.537575e+03 7.573902e+03 7.645549e+03
11.5 7.503207e+03 7.533294e+03 7.584239e+03 7.554152e+03
12.5 7.555832e+03 7.531735e+03 7.588339e+03 7.612435e+03
13.5 7.591079e+03 7.531393e+03 7.588829e+03 7.648516e+03
14.5 7.549663e+03 7.531342e+03 7.587673e+03 7.605994e+03
15.5 7.602975e+03 7.534486e+03 7.586193e+03 7.654682e+03
16.5 7.625039e+03 7.561370e+03 7.585029e+03 7.648697e+03
17.5 7.642011e+03 7.625084e+03 7.584315e+03 7.601242e+03
18.5 7.712014e+03 7.677049e+03 7.583954e+03 7.618918e+03
19.5 7.742194e+03 7.698978e+03 7.583805e+03 7.627020e+03
20.5 7.706782e+03 7.687799e+03 7.583766e+03 7.602749e+03
