0.5 9.254771e+03 9.287779e+03 9.328210e+03 9.295202e+03
1.5 9.293310e+03 9.309076e+03 9.348902e+03 9.333136e+03
2.5 9.302925e+03 9.365028e+03 9.364015e+03 9.301912e+03
3.5 9.463978e+03 9.418143e+03 9.354850e+03 9.400684e+03
4.5 9.460489e+03 9.446861e+03 9.337177e+03 9.350805e+03
5.5 9.385224e+03 9.455774e+03 9.318767e+03 9.248217e+03
6.5 9.499706e+03 9.438072e+03 9.291821e+03 9.353454e+03
7.5 9.413268e+03 9.380832e+03 9.274485e+03 9.306921e+03
8.5 9.342687e+03 9.325220e+03 9.283680e+03 9.301148e+03
9.5 9.303218e+03 9.294670e+03 9.302300e+03 9.310847e+03
10.5 9.296256e+03 9.284006e+03 9.315888e+03 9.328138e+03
11.5 9.269001e+03 9.284050e+03 9.322994e+03 9.307945e+03
12.5 9.232671e+03 9.288688e+03 9.325740e+03 9.269723e+03
13.5 9.262361e+03 9.294282e+03 9.325985e+03 9.294064e+03
14.5 9.291291e+03 9.298977e+03 9.325104e+03 9.317419e+03
15.5 9.232258e+03 9.300928e+03 9.324017e+03 9.255347e+03
16.5 9.265504e+03 9.296378e+03 9.323161e+03 9.292286e+03
17.5 9.335633e+03 9.287220e+03 9.322623e+03 9.371037e+03
18.5 9.302635e+03 9.282789e+03 9.322331e+03 9.342177e+03
19.5 9.280154e+03 9.283169e+03 9.322187e+03 9.319171e+03
20.5 9.297362e+03 9.286298e+03 9.322117e+03 9.333181e+03
21.5 9.272839e+03 9.294741e+03 9.322081e+03 9.300179e+03
22.5 9.308175e+03 9.306686e+03 9.322058e+03 9.323547e+03
0.5 9.251832e+03 9.309641e+03 9.327759e+03 9.269949e+03
1.5 9.278592e+03 9.327381e+03 9.348425e+03 9.299636e+03
2.5 9.473713e+03 9.380694e+03 9.363510e+03 9.456529e+03
3.5 9.429590e+03 9.431726e+03 9.354326e+03 9.352190e+03
4.5 9.464200e+03 9.458658e+03 9.336643e+03 9.342185e+03
5.5 9.416564e+03 9.465940e+03 9.318231e+03 9.268856e+03
6.5 9.440869e+03 9.446686e+03 9.291298e+03 9.285481e+03
7.5 9.421248e+03 9.387975e+03 9.273971e+03 9.307244e+03
8.5 9.366724e+03 9.330917e+03 9.283162e+03 9.318969e+03
9.5 9.351154e+03 9.298942e+03 9.301779e+03 9.353991e+03
10.5 9.265024e+03 9.286867e+03 9.315365e+03 9.293521e+03
11.5 9.270764e+03 9.285517e+03 9.322469e+03 9.307716e+03
12.5 9.357855e+03 9.288777e+03 9.325214e+03 9.394293e+03
13.5 9.374858e+03 9.293006e+03 9.325458e+03 9.407310e+03
14.5 9.359830e+03 9.296349e+03 9.324577e+03 9.388058e+03
15.5 9.269243e+03 9.296959e+03 9.323489e+03 9.295773e+03
16.5 9.223920e+03 9.291078e+03 9.322631e+03 9.255474e+03
17.5 9.227882e+03 9.280597e+03 9.322092e+03 9.269377e+03
18.5 9.183622e+03 9.274849e+03 9.321798e+03 9.230571e+03
19.5 9.249728e+03 9.273926e+03 9.321649e+03 9.297451e+03
20.5 9.266697e+03 9.275724e+03 9.321573e+03 9.312547e+03
21.5 9.264799e+03 9.282820e+03 9.321531e+03 9.303510e+03
22.5 9.305299e+03 9.293404e+03 9.321502e+03 9.333397e+03
0.5 9.304492e+03 9.286996e+03 9.327249e+03 9.344745e+03
1.5 9.326843e+03 9.303599e+03 9.347882e+03 9.371125e+03
2.5 9.459012e+03 9.355706e+03 9.362911e+03 9.466217e+03
3.5 9.438982e+03 9.405419e+03 9.353649e+03 9.387211e+03
4.5 9.415414e+03 9.430873e+03 9.335890e+03 9.320432e+03
5.5 9.422974e+03 9.431791e+03 9.317413e+03 9.308597e+03
