0.5 7.435869e+03 7.544388e+03 7.635439e+03 7.526920e+03
1.5 7.427611e+03 7.568059e+03 7.630162e+03 7.489715e+03
2.5 7.536095e+03 7.571201e+03 7.610995e+03 7.575889e+03
3.5 7.633000e+03 7.541359e+03 7.591042e+03 7.682683e+03
4.5 7.542683e+03 7.508541e+03 7.579632e+03 7.613774e+03
5.5 7.505782e+03 7.489741e+03 7.575559e+03 7.591600e+03
6.5 7.478948e+03 7.483184e+03 7.575515e+03 7.571279e+03
7.5 7.337727e+03 7.483731e+03 7.577202e+03 7.431198e+03
8.5 7.399013e+03 7.487690e+03 7.579255e+03 7.490578e+03
9.5 7.512366e+03 7.492699e+03 7.580973e+03 7.600639e+03
10.5 7.452966e+03 7.500743e+03 7.582188e+03 7.534411e+03
11.5 7.513434e+03 7.587195e+03 7.588380e+03 7.514619e+03
12.5 7.805224e+03 7.853975e+03 7.608118e+03 7.559367e+03
13.5 8.157438e+03 8.118863e+03 7.628436e+03 7.667011e+03
14.5 8.278718e+03 8.265975e+03 7.640104e+03 7.652847e+03
15.5 8.199708e+03 8.314591e+03 7.644337e+03 7.529455e+03
16.5 8.306764e+03 8.233330e+03 7.639062e+03 7.712496e+03
17.5 8.283836e+03 7.949738e+03 7.618176e+03 7.952274e+03
18.5 7.777322e+03 7.663679e+03 7.596158e+03 7.709801e+03
19.5 7.474917e+03 7.499872e+03 7.583031e+03 7.558076e+03
20.5 7.522977e+03 7.438190e+03 7.577791e+03 7.662578e+03
21.5 7.356612e+03 7.433107e+03 7.577053e+03 7.500558e+03
22.5 7.262001e+03 7.453027e+03 7.578359e+03 7.387333e+03
23.5 7.304049e+03 7.478896e+03 7.580206e+03 7.405359e+03
24.5 7.229219e+03 7.500874e+03 7.581804e+03 7.310149e+03
25.5 7.328379e+03 7.515241e+03 7.582938e+03 7.396076e+03
26.5 7.547614e+03 7.514041e+03 7.589064e+03 7.622636e+03
27.5 7.630368e+03 7.489556e+03 7.608736e+03 7.749547e+03
0.5 8.199708e+03 8.314591e+03 7.644337e+03 7.529455e+03
1.5 8.306764e+03 8.233330e+03 7.639062e+03 7.712496e+03
2.5 8.283836e+03 7.949738e+03 7.618176e+03 7.952274e+03
3.5 7.777322e+03 7.663679e+03 7.596158e+03 7.709801e+03
4.5 7.474917e+03 7.499872e+03 7.583031e+03 7.558076e+03
5.5 7.522977e+03 7.438190e+03 7.577791e+03 7.662578e+03
6.5 7.356612e+03 7.433107e+03 7.577053e+03 7.500558e+03
7.5 7.262001e+03 7.453027e+03 7.578359e+03 7.387333e+03
8.5 7.304049e+03 7.478896e+03 7.580206e+03 7.405359e+03
9.5 7.229219e+03 7.500874e+03 7.581804e+03 7.310149e+03
10.5 7.328379e+03 7.515241e+03 7.582938e+03 7.396076e+03
11.5 7.547614e+03 7.514041e+03 7.589064e+03 7.622636e+03
12.5 7.630368e+03 7.489556e+03 7.608736e+03 7.749547e+03
13.5 7.605939e+03 7.464574e+03 7.628988e+03 7.770354e+03
14.5 7.489417e+03 7.451776e+03 7.640591e+03 7.678232e+03
15.5 7.505708e+03 7.449155e+03 7.644762e+03 7.701315e+03
16.5 7.367793e+03 7.460897e+03 7.639430e+03 7.546327e+03
17.5 7.599246e+03 7.493794e+03 7.618501e+03 7.723952e+03
18.5 7.679339e+03 7.525091e+03 7.596442e+03 7.750690e+03
19.5 7.567008e+03 7.542371e+03 7.583276e+03 7.607913e+03
20.5 7.479358e+03 7.548766e+03 7.577998e+03 7.508591e+03
21.5 7.407307e+03 7.549313e+03 7.577225e+03 7.435220e+03
22.5 7.577447e+03 7.547307e+03 7.578498e+03 7.608637e+03
23.5 7.303858e+03 7.544697e+03 7.580313e+03 7.339474e+03
24.5 7.367483e+03 7.542457e+03 7.581879e+03 7.406905e+03
25.5 7.840838e+03 7.540110e+03 7.582983e+03 7.883711e+03
26.5 7.754286e+03 7.528724e+03 7.589079e+03 7.814641e+03
27.5 7.727280e+03 7.498336e+03 7.608723e+03 7.837667e+03
0.5 7.505708e+03 7.449155e+03 7.644762e+03 7.701315e+03
1.5 7.367793e+03 7.460897e+03 7.639430e+03 7.546327e+03
2.5 7.599246e+03 7.493794e+03 7.618501e+03 7.723952e+03
3.5 7.679339e+03 7.525091e+03 7.596442e+03 7.750690e+03
4.5 7.567008e+03 7.542371e+03 7.583276e+03 7.607913e+03
5.5 7.479358e+03 7.548766e+03 7.577998e+03 7.508591e+03
6.5 7.407307e+03 7.549313e+03 7.577225e+03 7.435220e+03
7.5 7.577447e+03 7.547307e+03 7.578498e+03 7.608637e+03
8.5 7.303858e+03 7.544697e+03 7.580313e+03 7.339474e+03
9.5 7.367483e+03 7.542457e+03 7.581879e+03 7.406905e+03
10.5 7.840838e+03 7.540110e+03 7.582983e+03 7.883711e+03
11.5 7.754286e+03 7.528724e+03 7.589079e+03 7.814641e+03
12.5 7.727280e+03 7.498336e+03 7.608723e+03 7.837667e+03
13.5 7.693532e+03 7.469794e+03 7.628947e+03 7.852685e+03
14.5 7.502407e+03 7.454565e+03 7.640522e+03 7.688364e+03
15.5 7.400258e+03 7.450003e+03 7.644666e+03 7.594920e+03
16.5 7.491634e+03 7.460002e+03 7.639306e+03 7.670938e+03
17.5 7.547031e+03 7.491235e+03 7.618348e+03 7.674144e+03
18.5 7.475156e+03 7.520908e+03 7.596262e+03 7.550509e+03
19.5 7.600444e+03 7.536583e+03 7.583067e+03 7.646929e+03
20.5 7.649104e+03 7.541386e+03 7.577760e+03 7.685478e+03
21.5 7.551630e+03 7.540357e+03 7.576957e+03 7.588231e+03
22.5 7.681935e+03 7.536791e+03 7.578199e+03 7.723342e+03
23.5 7.642476e+03 7.532638e+03 7.579982e+03 7.689820e+03
24.5 7.489951e+03 7.528898e+03 7.581515e+03 7.542567e+03
25.5 7.349731e+03 7.529158e+03 7.582584e+03 7.403157e+03
26.5 7.449200e+03 7.609106e+03 7.588644e+03 7.428739e+03
27.5 8.238286e+03 7.870324e+03 7.608250e+03 7.976212e+03
0.5 7.400258e+03 7.450003e+03 7.644666e+03 7.594920e+03
1.5 7.491634e+03 7.460002e+03 7.639306e+03 7.670938e+03
2.5 7.547031e+03 7.491235e+03 7.618348e+03 7.674144e+03
3.5 7.475156e+03 7.520908e+03 7.596262e+03 7.550509e+03
4.5 7.600444e+03 7.536583e+03 7.583067e+03 7.646929e+03
5.5 7.649104e+03 7.541386e+03 7.577760e+03 7.685478e+03
6.5 7.551630e+03 7.540357e+03 7.576957e+03 7.588231e+03
7.5 7.681935e+03 7.536791e+03 7.578199e+03 7.723342e+03
8.5 7.642476e+03 7.532638e+03 7.579982e+03 7.689820e+03
9.5 7.489951e+03 7.528898e+03 7.581515e+03 7.542567e+03
10.5 7.349731e+03 7.529158e+03 7.582584e+03 7.403157e+03
11.5 7.449200e+03 7.609106e+03 7.588644e+03 7.428739e+03
12.5 8.238286e+03 7.870324e+03 7.608250e+03 7.976212e+03
13.5 8.167534e+03 8.130201e+03 7.628435e+03 7.665767e+03
14.5 8.217201e+03 8.272582e+03 7.639968e+03 7.584587e+03
15.5 8.175365e+03 8.316595e+03 7.644067e+03 7.502838e+03
16.5 8.098541e+03 8.230791e+03 7.638661e+03 7.506411e+03
17.5 7.925638e+03 7.942806e+03 7.617655e+03 7.600486e+03
18.5 7.660169e+03 7.652311e+03 7.595516e+03 7.603375e+03
19.5 7.359488e+03 7.484022e+03 7.582267e+03 7.457732e+03
20.5 7.315105e+03 7.417813e+03 7.576902e+03 7.474194e+03
21.5 7.314973e+03 7.408160e+03 7.576038e+03 7.482851e+03
22.5 7.536522e+03 7.423467e+03 7.577214e+03 7.690270e+03
23.5 7.712961e+03 7.444681e+03 7.578928e+03 7.847209e+03
24.5 7.562462e+03 7.461961e+03 7.580389e+03 7.680890e+03
25.5 7.319416e+03 7.471584e+03 7.581381e+03 7.429213e+03
26.5 7.203567e+03 7.465594e+03 7.587360e+03 7.325333e+03
27.5 7.310449e+03 7.436265e+03 7.606880e+03 7.481064e+03
0.5 8.175365e+03 8.316595e+03 7.644067e+03 7.502838e+03
1.5 8.098541e+03 8.230791e+03 7.638661e+03 7.506411e+03
2.5 7.925638e+03 7.942806e+03 7.617655e+03 7.600486e+03
3.5 7.660169e+03 7.652311e+03 7.595516e+03 7.603375e+03
4.5 7.359488e+03 7.484022e+03 7.582267e+03 7.457732e+03
5.5 7.315105e+03 7.417813e+03 7.576902e+03 7.474194e+03
6.5 7.314973e+03 7.408160e+03 7.576038e+03 7.482851e+03
7.5 7.536522e+03 7.423467e+03 7.577214e+03 7.690270e+03
8.5 7.712961e+03 7.444681e+03 7.578928e+03 7.847209e+03
9.5 7.562462e+03 7.461961e+03 7.580389e+03 7.680890e+03
10.5 7.319416e+03 7.471584e+03 7.581381e+03 7.429213e+03
11.5 7.203567e+03 7.465594e+03 7.587360e+03 7.325333e+03
12.5 7.310449e+03 7.436265e+03 7.606880e+03 7.481064e+03
13.5 7.073502e+03 7.406381e+03 7.626973e+03 7.294095e+03
14.5 7.226125e+03 7.388635e+03 7.638409e+03 7.475899e+03
15.5 7.335489e+03 7.380960e+03 7.642397e+03 7.596926e+03
16.5 7.340089e+03 7.387542e+03 7.636872e+03 7.589419e+03
17.5 7.516227e+03 7.415171e+03 7.615739e+03 7.716795e+03
18.5 7.324110e+03 7.441085e+03 7.593474e+03 7.476500e+03
19.5 7.465566e+03 7.452866e+03 7.580098e+03 7.592799e+03
20.5 7.459960e+03 7.453637e+03 7.574605e+03 7.580929e+03
21.5 7.272968e+03 7.448417e+03 7.573608e+03 7.398159e+03
22.5 7.495903e+03 7.440483e+03 7.574646e+03 7.630066e+03
23.5 7.659706e+03 7.431761e+03 7.576213e+03 7.804157e+03
24.5 7.598196e+03 7.423234e+03 7.577517e+03 7.752478e+03
25.5 7.659081e+03 7.418469e+03 7.578344e+03 7.818956e+03
26.5 7.583010e+03 7.493131e+03 7.584149e+03 7.674027e+03
27.5 7.766267e+03 7.748715e+03 7.603480e+03 7.621032e+03
0.5 7.335489e+03 7.380960e+03 7.642397e+03 7.596926e+03
1.5 7.340089e+03 7.387542e+03 7.636872e+03 7.589419e+03
2.5 7.516227e+03 7.415171e+03 7.615739e+03 7.716795e+03
3.5 7.324110e+03 7.441085e+03 7.593474e+03 7.476500e+03
4.5 7.465566e+03 7.452866e+03 7.580098e+03 7.592799e+03
5.5 7.459960e+03 7.453637e+03 7.574605e+03 7.580929e+03
6.5 7.272968e+03 7.448417e+03 7.573608e+03 7.398159e+03
7.5 7.495903e+03 7.440483e+03 7.574646e+03 7.630066e+03
8.5 7.659706e+03 7.431761e+03 7.576213e+03 7.804157e+03
9.5 7.598196e+03 7.423234e+03 7.577517e+03 7.752478e+03
10.5 7.659081e+03 7.418469e+03 7.578344e+03 7.818956e+03
11.5 7.583010e+03 7.493131e+03 7.584149e+03 7.674027e+03
12.5 7.766267e+03 7.748715e+03 7.603480e+03 7.621032e+03
13.5 8.049572e+03 8.002404e+03 7.623356e+03 7.670524e+03
14.5 8.147331e+03 8.137919e+03 7.634544e+03 7.643956e+03
15.5 8.100713e+03 8.166682e+03 7.638308e+03 7.572339e+03
