0.5 1.007162e+04 1.008456e+04 1.007257e+04 1.005962e+04
1.5 1.001226e+04 1.010844e+04 1.005956e+04 9.963387e+03
2.5 1.010030e+04 1.008908e+04 1.001232e+04 1.002353e+04
3.5 1.005865e+04 1.002524e+04 9.963141e+03 9.996551e+03
4.5 9.964216e+03 9.967124e+03 9.935019e+03 9.932111e+03
5.5 9.965719e+03 9.935694e+03 9.924979e+03 9.955005e+03
6.5 9.931598e+03 9.924845e+03 9.924871e+03 9.931624e+03
7.5 9.917620e+03 9.925209e+03 9.929029e+03 9.921440e+03
8.5 9.871911e+03 9.930383e+03 9.934090e+03 9.875618e+03
9.5 9.911459e+03 9.936475e+03 9.938323e+03 9.913307e+03
10.5 9.901387e+03 9.945246e+03 9.941318e+03 9.897459e+03
11.5 9.923842e+03 9.971326e+03 9.956580e+03 9.909096e+03
12.5 9.916547e+03 1.001714e+04 1.000523e+04 9.904634e+03
13.5 1.004179e+04 1.004818e+04 1.005531e+04 1.004891e+04
14.5 1.010279e+04 1.005821e+04 1.008407e+04 1.012865e+04
15.5 9.983053e+03 1.005441e+04 1.009450e+04 1.002315e+04
16.5 1.005530e+04 1.002831e+04 1.008150e+04 1.010849e+04
17.5 1.005857e+04 9.980507e+03 1.003002e+04 1.010808e+04
18.5 9.964514e+03 9.947335e+03 9.975752e+03 9.992930e+03
19.5 9.991699e+03 9.935841e+03 9.943398e+03 9.999256e+03
20.5 9.977759e+03 9.935169e+03 9.930480e+03 9.973070e+03
21.5 9.981452e+03 9.938410e+03 9.928662e+03 9.971704e+03
22.5 9.906755e+03 9.942533e+03 9.931882e+03 9.896103e+03
23.5 9.974248e+03 9.946039e+03 9.936434e+03 9.964643e+03
24.5 9.939090e+03 9.948364e+03 9.940371e+03 9.931098e+03
25.5 9.943481e+03 9.946290e+03 9.943166e+03 9.940357e+03
26.5 9.915924e+03 9.946671e+03 9.958265e+03 9.927519e+03
27.5 1.001640e+04 9.979907e+03 1.000675e+04 1.004324e+04
0.5 9.983053e+03 1.005441e+04 1.009450e+04 1.002315e+04
1.5 1.005530e+04 1.002831e+04 1.008150e+04 1.010849e+04
2.5 1.005857e+04 9.980507e+03 1.003002e+04 1.010808e+04
3.5 9.964514e+03 9.947335e+03 9.975752e+03 9.992930e+03
4.5 9.991699e+03 9.935841e+03 9.943398e+03 9.999256e+03
5.5 9.977759e+03 9.935169e+03 9.930480e+03 9.973070e+03
6.5 9.981452e+03 9.938410e+03 9.928662e+03 9.971704e+03
7.5 9.906755e+03 9.942533e+03 9.931882e+03 9.896103e+03
8.5 9.974248e+03 9.946039e+03 9.936434e+03 9.964643e+03
9.5 9.939090e+03 9.948364e+03 9.940371e+03 9.931098e+03
10.5 9.943481e+03 9.946290e+03 9.943166e+03 9.940357e+03
11.5 9.915924e+03 9.946671e+03 9.958265e+03 9.927519e+03
12.5 1.001640e+04 9.979907e+03 1.000675e+04 1.004324e+04
13.5 1.009893e+04 1.002886e+04 1.005667e+04 1.012674e+04
14.5 1.005981e+04 1.006423e+04 1.008527e+04 1.008084e+04
15.5 1.009971e+04 1.008403e+04 1.009555e+04 1.011122e+04
16.5 1.005111e+04 1.008833e+04 1.008241e+04 1.004518e+04
17.5 1.009641e+04 1.005330e+04 1.003082e+04 1.007393e+04
18.5 1.005417e+04 1.000028e+04 9.976452e+03 1.003034e+04
19.5 9.951674e+03 9.960933e+03 9.944001e+03 9.934742e+03
20.5 9.909100e+03 9.941581e+03 9.930993e+03 9.898511e+03
21.5 9.882801e+03 9.935766e+03 9.929087e+03 9.876122e+03
22.5 9.906898e+03 9.936928e+03 9.932224e+03 9.902194e+03
23.5 9.910554e+03 9.940729e+03 9.936697e+03 9.906522e+03
24.5 9.856126e+03 9.944626e+03 9.940557e+03 9.852057e+03
25.5 9.930469e+03 9.944188e+03 9.943277e+03 9.929559e+03
26.5 9.913272e+03 9.945753e+03 9.958304e+03 9.925823e+03
27.5 9.990506e+03 9.979674e+03 1.000672e+04 1.001755e+04
0.5 1.009971e+04 1.008403e+04 1.009555e+04 1.011122e+04
1.5 1.005111e+04 1.008833e+04 1.008241e+04 1.004518e+04
2.5 1.009641e+04 1.005330e+04 1.003082e+04 1.007393e+04
3.5 1.005417e+04 1.000028e+04 9.976452e+03 1.003034e+04
4.5 9.951674e+03 9.960933e+03 9.944001e+03 9.934742e+03
5.5 9.909100e+03 9.941581e+03 9.930993e+03 9.898511e+03
6.5 9.882801e+03 9.935766e+03 9.929087e+03 9.876122e+03
7.5 9.906898e+03 9.936928e+03 9.932224e+03 9.902194e+03
8.5 9.910554e+03 9.940729e+03 9.936697e+03 9.906522e+03
9.5 9.856126e+03 9.944626e+03 9.940557e+03 9.852057e+03
10.5 9.930469e+03 9.944188e+03 9.943277e+03 9.929559e+03
11.5 9.913272e+03 9.945753e+03 9.958304e+03 9.925823e+03
12.5 9.990506e+03 9.979674e+03 1.000672e+04 1.001755e+04
13.5 1.003802e+04 1.002895e+04 1.005657e+04 1.006563e+04
14.5 1.011878e+04 1.006444e+04 1.008510e+04 1.013943e+04
15.5 1.002690e+04 1.008426e+04 1.009531e+04 1.003794e+04
16.5 1.004655e+04 1.008853e+04 1.008210e+04 1.004012e+04
17.5 1.010331e+04 1.005346e+04 1.003044e+04 1.008029e+04
18.5 1.005238e+04 1.000039e+04 9.976007e+03 1.002800e+04
19.5 9.943942e+03 9.960990e+03 9.943486e+03 9.926438e+03
20.5 9.900475e+03 9.941588e+03 9.930406e+03 9.889292e+03
21.5 9.953931e+03 9.935722e+03 9.928426e+03 9.946636e+03
22.5 9.929054e+03 9.936833e+03 9.931487e+03 9.923707e+03
23.5 9.994643e+03 9.940583e+03 9.935881e+03 9.989941e+03
24.5 9.942798e+03 9.944483e+03 9.939659e+03 9.937974e+03
25.5 9.944433e+03 9.951187e+03 9.942294e+03 9.935541e+03
26.5 9.991810e+03 9.975687e+03 9.957232e+03 9.973354e+03
27.5 1.007678e+04 1.002041e+04 1.000555e+04 1.006192e+04
0.5 1.002690e+04 1.008426e+04 1.009531e+04 1.003794e+04
1.5 1.004655e+04 1.008853e+04 1.008210e+04 1.004012e+04
2.5 1.010331e+04 1.005346e+04 1.003044e+04 1.008029e+04
3.5 1.005238e+04 1.000039e+04 9.976007e+03 1.002800e+04
4.5 9.943942e+03 9.960990e+03 9.943486e+03 9.926438e+03
5.5 9.900475e+03 9.941588e+03 9.930406e+03 9.889292e+03
6.5 9.953931e+03 9.935722e+03 9.928426e+03 9.946636e+03
7.5 9.929054e+03 9.936833e+03 9.931487e+03 9.923707e+03
8.5 9.994643e+03 9.940583e+03 9.935881e+03 9.989941e+03
9.5 9.942798e+03 9.944483e+03 9.939659e+03 9.937974e+03
10.5 9.944433e+03 9.951187e+03 9.942294e+03 9.935541e+03
11.5 9.991810e+03 9.975687e+03 9.957232e+03 9.973354e+03
12.5 1.007678e+04 1.002041e+04 1.000555e+04 1.006192e+04
13.5 1.012126e+04 1.005071e+04 1.005530e+04 1.012585e+04
14.5 1.003620e+04 1.006021e+04 1.008373e+04 1.005972e+04
15.5 9.987216e+03 1.005601e+04 1.009383e+04 1.002504e+04
16.5 1.003747e+04 1.002957e+04 1.008051e+04 1.008841e+04
17.5 9.978932e+03 9.981466e+03 1.002873e+04 1.002620e+04
18.5 9.942273e+03 9.948007e+03 9.974170e+03 9.968436e+03
19.5 9.892168e+03 9.936233e+03 9.941514e+03 9.897448e+03
20.5 9.844250e+03 9.935288e+03 9.928290e+03 9.837252e+03
21.5 9.901921e+03 9.938259e+03 9.926160e+03 9.889822e+03
22.5 9.992213e+03 9.942114e+03 9.929060e+03 9.979159e+03
23.5 1.004142e+04 9.945353e+03 9.933285e+03 1.002935e+04
24.5 1.002588e+04 9.947408e+03 9.936884e+03 1.001535e+04
25.5 1.000591e+04 9.945062e+03 9.939329e+03 1.000018e+04
26.5 9.931216e+03 9.945165e+03 9.954066e+03 9.940117e+03
27.5 9.904759e+03 9.978118e+03 1.000218e+04 9.928817e+03
0.5 9.987216e+03 1.005601e+04 1.009383e+04 1.002504e+04
1.5 1.003747e+04 1.002957e+04 1.008051e+04 1.008841e+04
2.5 9.978932e+03 9.981466e+03 1.002873e+04 1.002620e+04
3.5 9.942273e+03 9.948007e+03 9.974170e+03 9.968436e+03
4.5 9.892168e+03 9.936233e+03 9.941514e+03 9.897448e+03
5.5 9.844250e+03 9.935288e+03 9.928290e+03 9.837252e+03
6.5 9.901921e+03 9.938259e+03 9.926160e+03 9.889822e+03
7.5 9.992213e+03 9.942114e+03 9.929060e+03 9.979159e+03
8.5 1.004142e+04 9.945353e+03 9.933285e+03 1.002935e+04
9.5 1.002588e+04 9.947408e+03 9.936884e+03 1.001535e+04
10.5 1.000591e+04 9.945062e+03 9.939329e+03 1.000018e+04
11.5 9.931216e+03 9.945165e+03 9.954066e+03 9.940117e+03
12.5 9.904759e+03 9.978118e+03 1.000218e+04 9.928817e+03
13.5 1.001899e+04 1.002678e+04 1.005170e+04 1.004391e+04
14.5 1.007116e+04 1.006187e+04 1.007989e+04 1.008918e+04
15.5 1.010109e+04 1.008136e+04 1.008972e+04 1.010944e+04
16.5 1.004471e+04 1.008531e+04 1.007610e+04 1.003550e+04
17.5 9.971856e+03 1.004991e+04 1.002401e+04 9.945960e+03
18.5 9.971924e+03 9.996492e+03 9.969136e+03 9.944568e+03
19.5 9.992852e+03 9.956756e+03 9.936169e+03 9.972265e+03
20.5 9.990694e+03 9.937018e+03 9.922630e+03 9.976306e+03
21.5 9.923795e+03 9.930811e+03 9.920172e+03 9.913156e+03
22.5 9.892403e+03 9.931569e+03 9.922729e+03 9.883562e+03
23.5 9.870269e+03 9.934948e+03 9.926591e+03 9.861913e+03
24.5 9.928559e+03 9.938455e+03 9.929806e+03 9.919909e+03
25.5 1.001712e+04 9.944742e+03 9.931844e+03 1.000423e+04
26.5 1.001039e+04 9.968797e+03 9.946151e+03 9.987749e+03
27.5 1.003499e+04 1.001303e+04 9.993797e+03 1.001575e+04
0.5 1.010109e+04 1.008136e+04 1.008972e+04 1.010944e+04
1.5 1.004471e+04 1.008531e+04 1.007610e+04 1.003550e+04
2.5 9.971856e+03 1.004991e+04 1.002401e+04 9.945960e+03
3.5 9.971924e+03 9.996492e+03 9.969136e+03 9.944568e+03
4.5 9.992852e+03 9.956756e+03 9.936169e+03 9.972265e+03
5.5 9.990694e+03 9.937018e+03 9.922630e+03 9.976306e+03
6.5 9.923795e+03 9.930811e+03 9.920172e+03 9.913156e+03
7.5 9.892403e+03 9.931569e+03 9.922729e+03 9.883562e+03
8.5 9.870269e+03 9.934948e+03 9.926591e+03 9.861913e+03
9.5 9.928559e+03 9.938455e+03 9.929806e+03 9.919909e+03
10.5 1.001712e+04 9.944742e+03 9.931844e+03 1.000423e+04
11.5 1.001039e+04 9.968797e+03 9.946151e+03 9.987749e+03
12.5 1.003499e+04 1.001303e+04 9.993797e+03 1.001575e+04
13.5 1.009591e+04 1.004277e+04 1.004279e+04 1.009593e+04
14.5 1.004065e+04 1.005156e+04 1.007036e+04 1.005945e+04
15.5 1.007672e+04 1.003637e+04 1.007964e+04 1.011999e+04
