0.5 5.531769e+03 5.534212e+03 5.680779e+03 5.678335e+03
1.5 5.555763e+03 5.583160e+03 5.714374e+03 5.686976e+03
2.5 5.666195e+03 5.669585e+03 5.739753e+03 5.736364e+03
3.5 5.730450e+03 5.719640e+03 5.726173e+03 5.736982e+03
4.5 5.765310e+03 5.727570e+03 5.698534e+03 5.736275e+03
5.5 5.703675e+03 5.719302e+03 5.678774e+03 5.663147e+03
6.5 5.697431e+03 5.707612e+03 5.668772e+03 5.658591e+03
7.5 5.686204e+03 5.696679e+03 5.665140e+03 5.654664e+03
8.5 5.722318e+03 5.688211e+03 5.665098e+03 5.699205e+03
9.5 5.744711e+03 5.682542e+03 5.666563e+03 5.728732e+03
10.5 5.707272e+03 5.683519e+03 5.658799e+03 5.682552e+03
11.5 5.653072e+03 5.702966e+03 5.626669e+03 5.576774e+03
12.5 5.648326e+03 5.734015e+03 5.602248e+03 5.516558e+03
13.5 5.721726e+03 5.747645e+03 5.616373e+03 5.590454e+03
14.5 5.738614e+03 5.745477e+03 5.644371e+03 5.637508e+03
15.5 5.673656e+03 5.734676e+03 5.673815e+03 5.612795e+03
16.5 5.675746e+03 5.706983e+03 5.717406e+03 5.686169e+03
17.5 5.724050e+03 5.669513e+03 5.746362e+03 5.800900e+03
18.5 5.688857e+03 5.651082e+03 5.732766e+03 5.770541e+03
19.5 5.633189e+03 5.649687e+03 5.703562e+03 5.687064e+03
20.5 5.641268e+03 5.653202e+03 5.682019e+03 5.670085e+03
21.5 5.700178e+03 5.656794e+03 5.670646e+03 5.714031e+03
22.5 5.688751e+03 5.659369e+03 5.666165e+03 5.695547e+03
23.5 5.664034e+03 5.660686e+03 5.665669e+03 5.669017e+03
24.5 5.667031e+03 5.660905e+03 5.666917e+03 5.673043e+03
25.5 5.633486e+03 5.658374e+03 5.659059e+03 5.634171e+03
26.5 5.634280e+03 5.655440e+03 5.626901e+03 5.605741e+03
27.5 5.622662e+03 5.667654e+03 5.602480e+03 5.557488e+03
0.5 5.673656e+03 5.734676e+03 5.673815e+03 5.612795e+03
1.5 5.675746e+03 5.706983e+03 5.717406e+03 5.686169e+03
2.5 5.724050e+03 5.669513e+03 5.746362e+03 5.800900e+03
3.5 5.688857e+03 5.651082e+03 5.732766e+03 5.770541e+03
4.5 5.633189e+03 5.649687e+03 5.703562e+03 5.687064e+03
5.5 5.641268e+03 5.653202e+03 5.682019e+03 5.670085e+03
6.5 5.700178e+03 5.656794e+03 5.670646e+03 5.714031e+03
7.5 5.688751e+03 5.659369e+03 5.666165e+03 5.695547e+03
8.5 5.664034e+03 5.660686e+03 5.665669e+03 5.669017e+03
9.5 5.667031e+03 5.660905e+03 5.666917e+03 5.673043e+03
10.5 5.633486e+03 5.658374e+03 5.659059e+03 5.634171e+03
11.5 5.634280e+03 5.655440e+03 5.626901e+03 5.605741e+03
12.5 5.622662e+03 5.667654e+03 5.602480e+03 5.557488e+03
13.5 5.691296e+03 5.689368e+03 5.616605e+03 5.618533e+03
14.5 5.674669e+03 5.706047e+03 5.644593e+03 5.613215e+03
15.5 5.740263e+03 5.716004e+03 5.674023e+03 5.698282e+03
16.5 5.703032e+03 5.720042e+03 5.717582e+03 5.700572e+03
17.5 5.696753e+03 5.705811e+03 5.746511e+03 5.737453e+03
18.5 5.721612e+03 5.680987e+03 5.732907e+03 5.773531e+03
19.5 5.712979e+03 5.661266e+03 5.703695e+03 5.755409e+03
20.5 5.652338e+03 5.650895e+03 5.682146e+03 5.683589e+03
21.5 5.585130e+03 5.647175e+03 5.670767e+03 5.608721e+03
22.5 5.668887e+03 5.647000e+03 5.666280e+03 5.688168e+03
23.5 5.614789e+03 5.648265e+03 5.665780e+03 5.632304e+03
24.5 5.647023e+03 5.649706e+03 5.667024e+03 5.664341e+03
25.5 5.671013e+03 5.648680e+03 5.659163e+03 5.681495e+03
26.5 5.707046e+03 5.647036e+03 5.627002e+03 5.687012e+03
27.5 5.755560e+03 5.660204e+03 5.602579e+03 5.697935e+03
0.5 5.740263e+03 5.716004e+03 5.674023e+03 5.698282e+03
1.5 5.703032e+03 5.720042e+03 5.717582e+03 5.700572e+03
2.5 5.696753e+03 5.705811e+03 5.746511e+03 5.737453e+03
3.5 5.721612e+03 5.680987e+03 5.732907e+03 5.773531e+03
4.5 5.712979e+03 5.661266e+03 5.703695e+03 5.755409e+03
5.5 5.652338e+03 5.650895e+03 5.682146e+03 5.683589e+03
6.5 5.585130e+03 5.647175e+03 5.670767e+03 5.608721e+03
7.5 5.668887e+03 5.647000e+03 5.666280e+03 5.688168e+03
8.5 5.614789e+03 5.648265e+03 5.665780e+03 5.632304e+03
9.5 5.647023e+03 5.649706e+03 5.667024e+03 5.664341e+03
10.5 5.671013e+03 5.648680e+03 5.659163e+03 5.681495e+03
11.5 5.707046e+03 5.647036e+03 5.627002e+03 5.687012e+03
12.5 5.755560e+03 5.660204e+03 5.602579e+03 5.697935e+03
13.5 5.792548e+03 5.682599e+03 5.616702e+03 5.726651e+03
14.5 5.792282e+03 5.699786e+03 5.644689e+03 5.737185e+03
15.5 5.710767e+03 5.710151e+03 5.674119e+03 5.674734e+03
16.5 5.623205e+03 5.714542e+03 5.717678e+03 5.626340e+03
17.5 5.672139e+03 5.700632e+03 5.746607e+03 5.718114e+03
18.5 5.713925e+03 5.676106e+03 5.733005e+03 5.770824e+03
19.5 5.742682e+03 5.656661e+03 5.703794e+03 5.789816e+03
20.5 5.758328e+03 5.646551e+03 5.682247e+03 5.794025e+03
21.5 5.685829e+03 5.643075e+03 5.670871e+03 5.713625e+03
22.5 5.632625e+03 5.643128e+03 5.666388e+03 5.655884e+03
23.5 5.609110e+03 5.644608e+03 5.665892e+03 5.630394e+03
24.5 5.587180e+03 5.646300e+03 5.667139e+03 5.608020e+03
25.5 5.595473e+03 5.652131e+03 5.659283e+03 5.602625e+03
26.5 5.662289e+03 5.674685e+03 5.627128e+03 5.614732e+03
27.5 5.759687e+03 5.707842e+03 5.602711e+03 5.654556e+03
0.5 5.710767e+03 5.710151e+03 5.674119e+03 5.674734e+03
1.5 5.623205e+03 5.714542e+03 5.717678e+03 5.626340e+03
2.5 5.672139e+03 5.700632e+03 5.746607e+03 5.718114e+03
3.5 5.713925e+03 5.676106e+03 5.733005e+03 5.770824e+03
4.5 5.742682e+03 5.656661e+03 5.703794e+03 5.789816e+03
5.5 5.758328e+03 5.646551e+03 5.682247e+03 5.794025e+03
6.5 5.685829e+03 5.643075e+03 5.670871e+03 5.713625e+03
7.5 5.632625e+03 5.643128e+03 5.666388e+03 5.655884e+03
8.5 5.609110e+03 5.644608e+03 5.665892e+03 5.630394e+03
9.5 5.587180e+03 5.646300e+03 5.667139e+03 5.608020e+03
10.5 5.595473e+03 5.652131e+03 5.659283e+03 5.602625e+03
11.5 5.662289e+03 5.674685e+03 5.627128e+03 5.614732e+03
12.5 5.759687e+03 5.707842e+03 5.602711e+03 5.654556e+03
13.5 5.746440e+03 5.723083e+03 5.616841e+03 5.640198e+03
14.5 5.734109e+03 5.722287e+03 5.644835e+03 5.656657e+03
15.5 5.630903e+03 5.712734e+03 5.674272e+03 5.592441e+03
16.5 5.677402e+03 5.686215e+03 5.717840e+03 5.709027e+03
17.5 5.644865e+03 5.649840e+03 5.746779e+03 5.741803e+03
18.5 5.634413e+03 5.632436e+03 5.733185e+03 5.735163e+03
19.5 5.542033e+03 5.632010e+03 5.703986e+03 5.614009e+03
20.5 5.401292e+03 5.636437e+03 5.682450e+03 5.447305e+03
21.5 5.518981e+03 5.640886e+03 5.671085e+03 5.549180e+03
22.5 5.525993e+03 5.644266e+03 5.666614e+03 5.548342e+03
23.5 5.495932e+03 5.646336e+03 5.666131e+03 5.515728e+03
24.5 5.644012e+03 5.647257e+03 5.667393e+03 5.664149e+03
25.5 5.660000e+03 5.645380e+03 5.659552e+03 5.674172e+03
26.5 5.607810e+03 5.643052e+03 5.627412e+03 5.592170e+03
27.5 5.580688e+03 5.655826e+03 5.603011e+03 5.527873e+03
0.5 5.630903e+03 5.712734e+03 5.674272e+03 5.592441e+03
1.5 5.677402e+03 5.686215e+03 5.717840e+03 5.709027e+03
2.5 5.644865e+03 5.649840e+03 5.746779e+03 5.741803e+03
3.5 5.634413e+03 5.632436e+03 5.733185e+03 5.735163e+03
4.5 5.542033e+03 5.632010e+03 5.703986e+03 5.614009e+03
5.5 5.401292e+03 5.636437e+03 5.682450e+03 5.447305e+03
6.5 5.518981e+03 5.640886e+03 5.671085e+03 5.549180e+03
7.5 5.525993e+03 5.644266e+03 5.666614e+03 5.548342e+03
8.5 5.495932e+03 5.646336e+03 5.666131e+03 5.515728e+03
9.5 5.644012e+03 5.647257e+03 5.667393e+03 5.664149e+03
10.5 5.660000e+03 5.645380e+03 5.659552e+03 5.674172e+03
11.5 5.607810e+03 5.643052e+03 5.627412e+03 5.592170e+03
12.5 5.580688e+03 5.655826e+03 5.603011e+03 5.527873e+03
13.5 5.621527e+03 5.678055e+03 5.617158e+03 5.560630e+03
14.5 5.717381e+03 5.695226e+03 5.645188e+03 5.667344e+03
15.5 5.702836e+03 5.705679e+03 5.674665e+03 5.671823e+03
16.5 5.703768e+03 5.710159e+03 5.718256e+03 5.711865e+03
17.5 5.709124e+03 5.696319e+03 5.747206e+03 5.760012e+03
18.5 5.673481e+03 5.671817e+03 5.733614e+03 5.735277e+03
19.5 5.737287e+03 5.652356e+03 5.704416e+03 5.789346e+03
20.5 5.731636e+03 5.642199e+03 5.682890e+03 5.772327e+03
21.5 5.645721e+03 5.638654e+03 5.671544e+03 5.678611e+03
22.5 5.699295e+03 5.638618e+03 5.667098e+03 5.727774e+03
23.5 5.708724e+03 5.639990e+03 5.666643e+03 5.735377e+03
24.5 5.653148e+03 5.641556e+03 5.667935e+03 5.679526e+03
25.5 5.688544e+03 5.647241e+03 5.660125e+03 5.701427e+03
26.5 5.726421e+03 5.669624e+03 5.628025e+03 5.684821e+03
27.5 5.713348e+03 5.702567e+03 5.603696e+03 5.614477e+03
0.5 5.702836e+03 5.705679e+03 5.674665e+03 5.671823e+03
1.5 5.703768e+03 5.710159e+03 5.718256e+03 5.711865e+03
2.5 5.709124e+03 5.696319e+03 5.747206e+03 5.760012e+03
3.5 5.673481e+03 5.671817e+03 5.733614e+03 5.735277e+03
4.5 5.737287e+03 5.652356e+03 5.704416e+03 5.789346e+03
5.5 5.731636e+03 5.642199e+03 5.682890e+03 5.772327e+03
6.5 5.645721e+03 5.638654e+03 5.671544e+03 5.678611e+03
7.5 5.699295e+03 5.638618e+03 5.667098e+03 5.727774e+03
8.5 5.708724e+03 5.639990e+03 5.666643e+03 5.735377e+03
9.5 5.653148e+03 5.641556e+03 5.667935e+03 5.679526e+03
10.5 5.688544e+03 5.647241e+03 5.660125e+03 5.701427e+03
11.5 5.726421e+03 5.669624e+03 5.628025e+03 5.684821e+03
12.5 5.713348e+03 5.702567e+03 5.603696e+03 5.614477e+03
13.5 5.759799e+03 5.717537e+03 5.617947e+03 5.660210e+03
14.5 5.792111e+03 5.716349e+03 5.645987e+03 5.721750e+03
15.5 5.731812e+03 5.696769e+03 5.665988e+03 5.701030e+03
