0.5 9.355768e+03 9.415811e+03 9.394966e+03 9.334923e+03
1.5 9.233767e+03 9.402624e+03 9.395921e+03 9.227065e+03
2.5 9.285908e+03 9.346744e+03 9.396643e+03 9.335807e+03
3.5 9.408891e+03 9.287540e+03 9.396257e+03 9.517608e+03
4.5 9.262495e+03 9.254323e+03 9.395471e+03 9.403643e+03
5.5 9.273148e+03 9.243963e+03 9.394909e+03 9.424095e+03
6.5 9.255152e+03 9.246317e+03 9.394625e+03 9.403460e+03
7.5 9.211433e+03 9.254208e+03 9.394521e+03 9.351746e+03
8.5 9.112061e+03 9.263349e+03 9.394520e+03 9.243231e+03
9.5 9.243005e+03 9.271496e+03 9.394562e+03 9.366070e+03
10.5 9.225944e+03 9.275965e+03 9.394341e+03 9.344320e+03
11.5 9.414025e+03 9.346745e+03 9.393427e+03 9.460707e+03
12.5 9.542688e+03 9.607864e+03 9.392733e+03 9.327556e+03
13.5 9.970902e+03 9.889432e+03 9.393135e+03 9.474605e+03
14.5 1.017787e+04 1.005775e+04 9.393931e+03 9.514054e+03
15.5 1.000679e+04 1.012545e+04 9.394768e+03 9.276104e+03
16.5 1.013942e+04 1.006747e+04 9.396008e+03 9.467958e+03
17.5 1.008959e+04 9.792514e+03 9.396831e+03 9.693905e+03
18.5 9.595295e+03 9.490453e+03 9.396444e+03 9.501287e+03
19.5 9.405812e+03 9.305351e+03 9.395614e+03 9.496074e+03
20.5 9.281350e+03 9.229887e+03 9.395001e+03 9.446464e+03
21.5 9.027839e+03 9.218590e+03 9.394678e+03 9.203927e+03
22.5 9.003476e+03 9.237007e+03 9.394551e+03 9.161019e+03
23.5 9.044956e+03 9.263830e+03 9.394536e+03 9.175662e+03
24.5 9.078150e+03 9.287644e+03 9.394572e+03 9.185078e+03
25.5 9.048725e+03 9.301017e+03 9.394348e+03 9.142056e+03
26.5 9.179253e+03 9.290199e+03 9.393434e+03 9.282488e+03
27.5 9.216577e+03 9.255179e+03 9.392739e+03 9.354138e+03
0.5 1.000679e+04 1.012545e+04 9.394768e+03 9.276104e+03
1.5 1.013942e+04 1.006747e+04 9.396008e+03 9.467958e+03
2.5 1.008959e+04 9.792514e+03 9.396831e+03 9.693905e+03
3.5 9.595295e+03 9.490453e+03 9.396444e+03 9.501287e+03
4.5 9.405812e+03 9.305351e+03 9.395614e+03 9.496074e+03
5.5 9.281350e+03 9.229887e+03 9.395001e+03 9.446464e+03
6.5 9.027839e+03 9.218590e+03 9.394678e+03 9.203927e+03
7.5 9.003476e+03 9.237007e+03 9.394551e+03 9.161019e+03
8.5 9.044956e+03 9.263830e+03 9.394536e+03 9.175662e+03
9.5 9.078150e+03 9.287644e+03 9.394572e+03 9.185078e+03
10.5 9.048725e+03 9.301017e+03 9.394348e+03 9.142056e+03
11.5 9.179253e+03 9.290199e+03 9.393434e+03 9.282488e+03
12.5 9.216577e+03 9.255179e+03 9.392739e+03 9.354138e+03
13.5 9.307809e+03 9.230683e+03 9.393141e+03 9.470266e+03
14.5 9.281072e+03 9.224149e+03 9.393937e+03 9.450860e+03
15.5 9.255002e+03 9.229704e+03 9.394774e+03 9.420072e+03
16.5 9.061813e+03 9.255748e+03 9.396013e+03 9.202078e+03
17.5 9.321492e+03 9.301883e+03 9.396835e+03 9.416445e+03
18.5 9.539562e+03 9.334075e+03 9.396448e+03 9.601936e+03
19.5 9.324219e+03 9.345749e+03 9.395618e+03 9.374088e+03
20.5 9.314286e+03 9.347119e+03 9.395005e+03 9.362172e+03
21.5 9.265623e+03 9.344678e+03 9.394681e+03 9.315626e+03
22.5 9.378924e+03 9.341271e+03 9.394554e+03 9.432207e+03
23.5 9.239495e+03 9.338305e+03 9.394540e+03 9.295730e+03
24.5 9.152144e+03 9.336259e+03 9.394575e+03 9.210459e+03
25.5 9.543499e+03 9.331501e+03 9.394351e+03 9.606350e+03
26.5 9.401794e+03 9.309464e+03 9.393437e+03 9.485767e+03
27.5 9.618334e+03 9.267843e+03 9.392742e+03 9.743234e+03
0.5 9.255002e+03 9.229704e+03 9.394774e+03 9.420072e+03
1.5 9.061813e+03 9.255748e+03 9.396013e+03 9.202078e+03
2.5 9.321492e+03 9.301883e+03 9.396835e+03 9.416445e+03
3.5 9.539562e+03 9.334075e+03 9.396448e+03 9.601936e+03
4.5 9.324219e+03 9.345749e+03 9.395618e+03 9.374088e+03
5.5 9.314286e+03 9.347119e+03 9.395005e+03 9.362172e+03
6.5 9.265623e+03 9.344678e+03 9.394681e+03 9.315626e+03
7.5 9.378924e+03 9.341271e+03 9.394554e+03 9.432207e+03
8.5 9.239495e+03 9.338305e+03 9.394540e+03 9.295730e+03
9.5 9.152144e+03 9.336259e+03 9.394575e+03 9.210459e+03
10.5 9.543499e+03 9.331501e+03 9.394351e+03 9.606350e+03
11.5 9.401794e+03 9.309464e+03 9.393437e+03 9.485767e+03
12.5 9.618334e+03 9.267843e+03 9.392742e+03 9.743234e+03
13.5 9.455918e+03 9.239310e+03 9.393144e+03 9.609752e+03
14.5 9.432837e+03 9.229991e+03 9.393940e+03 9.596786e+03
15.5 9.196290e+03 9.233316e+03 9.394777e+03 9.357750e+03
16.5 9.291341e+03 9.257363e+03 9.396015e+03 9.429993e+03
17.5 9.295031e+03 9.301596e+03 9.396838e+03 9.390273e+03
18.5 9.423602e+03 9.331940e+03 9.396451e+03 9.488113e+03
19.5 9.545265e+03 9.341795e+03 9.395621e+03 9.599090e+03
20.5 9.361465e+03 9.341370e+03 9.395008e+03 9.415103e+03
21.5 9.410481e+03 9.337156e+03 9.394684e+03 9.468009e+03
22.5 9.369743e+03 9.332001e+03 9.394557e+03 9.432299e+03
23.5 9.527039e+03 9.327311e+03 9.394543e+03 9.594271e+03
24.5 9.472133e+03 9.323572e+03 9.394578e+03 9.543139e+03
25.5 9.118627e+03 9.318681e+03 9.394355e+03 9.194300e+03
26.5 9.189699e+03 9.382068e+03 9.393440e+03 9.201072e+03
27.5 9.814346e+03 9.636915e+03 9.392746e+03 9.570177e+03
0.5 9.196290e+03 9.233316e+03 9.394777e+03 9.357750e+03
1.5 9.291341e+03 9.257363e+03 9.396015e+03 9.429993e+03
2.5 9.295031e+03 9.301596e+03 9.396838e+03 9.390273e+03
3.5 9.423602e+03 9.331940e+03 9.396451e+03 9.488113e+03
4.5 9.545265e+03 9.341795e+03 9.395621e+03 9.599090e+03
5.5 9.361465e+03 9.341370e+03 9.395008e+03 9.415103e+03
6.5 9.410481e+03 9.337156e+03 9.394684e+03 9.468009e+03
7.5 9.369743e+03 9.332001e+03 9.394557e+03 9.432299e+03
8.5 9.527039e+03 9.327311e+03 9.394543e+03 9.594271e+03
9.5 9.472133e+03 9.323572e+03 9.394578e+03 9.543139e+03
10.5 9.118627e+03 9.318681e+03 9.394355e+03 9.194300e+03
11.5 9.189699e+03 9.382068e+03 9.393440e+03 9.201072e+03
12.5 9.814346e+03 9.636915e+03 9.392746e+03 9.570177e+03
13.5 1.002951e+04 9.912746e+03 9.393148e+03 9.509911e+03
14.5 1.002431e+04 1.007556e+04 9.393944e+03 9.342688e+03
15.5 9.930974e+03 1.013787e+04 9.394781e+03 9.187882e+03
16.5 9.969003e+03 1.007456e+04 9.396020e+03 9.290461e+03
17.5 9.753964e+03 9.794456e+03 9.396843e+03 9.356351e+03
18.5 9.551207e+03 9.487230e+03 9.396456e+03 9.460433e+03
19.5 9.282717e+03 9.296942e+03 9.395626e+03 9.381401e+03
20.5 9.109562e+03 9.216270e+03 9.395014e+03 9.288306e+03
21.5 9.098282e+03 9.199747e+03 9.394690e+03 9.293226e+03
22.5 9.393493e+03 9.212919e+03 9.394563e+03 9.575137e+03
23.5 9.350928e+03 9.234477e+03 9.394550e+03 9.511000e+03
24.5 9.226163e+03 9.253005e+03 9.394585e+03 9.367743e+03
25.5 9.203282e+03 9.261067e+03 9.394362e+03 9.336577e+03
26.5 9.018507e+03 9.244910e+03 9.393448e+03 9.167045e+03
27.5 8.962243e+03 9.204517e+03 9.392755e+03 9.150481e+03
0.5 9.930974e+03 1.013787e+04 9.394781e+03 9.187882e+03
1.5 9.969003e+03 1.007456e+04 9.396020e+03 9.290461e+03
2.5 9.753964e+03 9.794456e+03 9.396843e+03 9.356351e+03
3.5 9.551207e+03 9.487230e+03 9.396456e+03 9.460433e+03
4.5 9.282717e+03 9.296942e+03 9.395626e+03 9.381401e+03
5.5 9.109562e+03 9.216270e+03 9.395014e+03 9.288306e+03
6.5 9.098282e+03 9.199747e+03 9.394690e+03 9.293226e+03
7.5 9.393493e+03 9.212919e+03 9.394563e+03 9.575137e+03
8.5 9.350928e+03 9.234477e+03 9.394550e+03 9.511000e+03
9.5 9.226163e+03 9.253005e+03 9.394585e+03 9.367743e+03
10.5 9.203282e+03 9.261067e+03 9.394362e+03 9.336577e+03
11.5 9.018507e+03 9.244910e+03 9.393448e+03 9.167045e+03
12.5 8.962243e+03 9.204517e+03 9.392755e+03 9.150481e+03
13.5 8.950939e+03 9.174608e+03 9.393157e+03 9.169488e+03
14.5 9.005625e+03 9.162612e+03 9.393954e+03 9.236967e+03
15.5 9.196059e+03 9.162583e+03 9.394792e+03 9.428268e+03
16.5 9.221152e+03 9.182966e+03 9.396032e+03 9.434218e+03
17.5 9.219955e+03 9.223352e+03 9.396855e+03 9.393458e+03
18.5 8.947485e+03 9.249713e+03 9.396469e+03 9.094241e+03
19.5 9.315355e+03 9.255466e+03 9.395638e+03 9.455528e+03
20.5 9.254171e+03 9.250803e+03 9.395026e+03 9.398394e+03
21.5 9.236301e+03 9.242194e+03 9.394703e+03 9.388811e+03
22.5 9.230064e+03 9.232460e+03 9.394577e+03 9.392181e+03
23.5 9.372161e+03 9.222989e+03 9.394564e+03 9.543736e+03
24.5 9.286008e+03 9.214245e+03 9.394601e+03 9.466364e+03
25.5 9.487917e+03 9.204105e+03 9.394379e+03 9.678190e+03
26.5 9.453074e+03 9.261981e+03 9.393466e+03 9.584559e+03
27.5 9.545755e+03 9.510980e+03 9.392774e+03 9.427549e+03
0.5 9.196059e+03 9.162583e+03 9.394792e+03 9.428268e+03
1.5 9.221152e+03 9.182966e+03 9.396032e+03 9.434218e+03
2.5 9.219955e+03 9.223352e+03 9.396855e+03 9.393458e+03
3.5 8.947485e+03 9.249713e+03 9.396469e+03 9.094241e+03
4.5 9.315355e+03 9.255466e+03 9.395638e+03 9.455528e+03
5.5 9.254171e+03 9.250803e+03 9.395026e+03 9.398394e+03
6.5 9.236301e+03 9.242194e+03 9.394703e+03 9.388811e+03
7.5 9.230064e+03 9.232460e+03 9.394577e+03 9.392181e+03
8.5 9.372161e+03 9.222989e+03 9.394564e+03 9.543736e+03
9.5 9.286008e+03 9.214245e+03 9.394601e+03 9.466364e+03
10.5 9.487917e+03 9.204105e+03 9.394379e+03 9.678190e+03
11.5 9.453074e+03 9.261981e+03 9.393466e+03 9.584559e+03
12.5 9.545755e+03 9.510980e+03 9.392774e+03 9.427549e+03
13.5 9.870722e+03 9.780414e+03 9.393179e+03 9.483487e+03
14.5 9.854798e+03 9.936194e+03 9.393977e+03 9.312580e+03
15.5 9.979560e+03 9.990748e+03 9.394545e+03 9.383357e+03
