0.5 9.346672e+03 9.399758e+03 9.437598e+03 9.384512e+03
1.5 9.364324e+03 9.396793e+03 9.458679e+03 9.426210e+03
2.5 9.437397e+03 9.403520e+03 9.474620e+03 9.508497e+03
3.5 9.448395e+03 9.419704e+03 9.466104e+03 9.494795e+03
4.5 9.429544e+03 9.433877e+03 9.448712e+03 9.444379e+03
5.5 9.465789e+03 9.443827e+03 9.430322e+03 9.452284e+03
6.5 9.427267e+03 9.451372e+03 9.402999e+03 9.378894e+03
7.5 9.457138e+03 9.445864e+03 9.384816e+03 9.396089e+03
8.5 9.485369e+03 9.429377e+03 9.393344e+03 9.449336e+03
9.5 9.399703e+03 9.414510e+03 9.411695e+03 9.396888e+03
10.5 9.386003e+03 9.406270e+03 9.425250e+03 9.404984e+03
11.5 9.327877e+03 9.403203e+03 9.432425e+03 9.357100e+03
12.5 9.407514e+03 9.403021e+03 9.435276e+03 9.439768e+03
13.5 9.327902e+03 9.404109e+03 9.435622e+03 9.359414e+03
14.5 9.318445e+03 9.405445e+03 9.434871e+03 9.347871e+03
15.5 9.439644e+03 9.404279e+03 9.439839e+03 9.475204e+03
16.5 9.396788e+03 9.400265e+03 9.460083e+03 9.456606e+03
17.5 9.448403e+03 9.406343e+03 9.475497e+03 9.517557e+03
18.5 9.473869e+03 9.422059e+03 9.466697e+03 9.518507e+03
19.5 9.504213e+03 9.435838e+03 9.449166e+03 9.517541e+03
20.5 9.416638e+03 9.445422e+03 9.430712e+03 9.401928e+03
21.5 9.423894e+03 9.452614e+03 9.403357e+03 9.374637e+03
22.5 9.475029e+03 9.446762e+03 9.385156e+03 9.413423e+03
0.5 9.439644e+03 9.404279e+03 9.439839e+03 9.475204e+03
1.5 9.396788e+03 9.400265e+03 9.460083e+03 9.456606e+03
2.5 9.448403e+03 9.406343e+03 9.475497e+03 9.517557e+03
3.5 9.473869e+03 9.422059e+03 9.466697e+03 9.518507e+03
4.5 9.504213e+03 9.435838e+03 9.449166e+03 9.517541e+03
5.5 9.416638e+03 9.445422e+03 9.430712e+03 9.401928e+03
6.5 9.423894e+03 9.452614e+03 9.403357e+03 9.374637e+03
7.5 9.475029e+03 9.446762e+03 9.385156e+03 9.413423e+03
8.5 9.443040e+03 9.429938e+03 9.393671e+03 9.406773e+03
9.5 9.430614e+03 9.414740e+03 9.412011e+03 9.427885e+03
10.5 9.422377e+03 9.406176e+03 9.425555e+03 9.441756e+03
11.5 9.424032e+03 9.402790e+03 9.432720e+03 9.453961e+03
12.5 9.377717e+03 9.402297e+03 9.435559e+03 9.410979e+03
13.5 9.401890e+03 9.403079e+03 9.435894e+03 9.434705e+03
14.5 9.439739e+03 9.404144e+03 9.435086e+03 9.470681e+03
15.5 9.366168e+03 9.406737e+03 9.434051e+03 9.393482e+03
16.5 9.400654e+03 9.427189e+03 9.433233e+03 9.406698e+03
17.5 9.558829e+03 9.481590e+03 9.432726e+03 9.509965e+03
18.5 9.557675e+03 9.530906e+03 9.432461e+03 9.459230e+03
19.5 9.557440e+03 9.555553e+03 9.432340e+03 9.434228e+03
20.5 9.502201e+03 9.560799e+03 9.432294e+03 9.373697e+03
21.5 9.547917e+03 9.539067e+03 9.432281e+03 9.441131e+03
22.5 9.495718e+03 9.479670e+03 9.432282e+03 9.448329e+03
0.5 9.405672e+03 9.395650e+03 9.438378e+03 9.448400e+03
1.5 9.355794e+03 9.391688e+03 9.459437e+03 9.423543e+03
2.5 9.339443e+03 9.397418e+03 9.475357e+03 9.417382e+03
3.5 9.343028e+03 9.412604e+03 9.466820e+03 9.397245e+03
4.5 9.405129e+03 9.425792e+03 9.449413e+03 9.428750e+03
5.5 9.428659e+03 9.434727e+03 9.431009e+03 9.424941e+03
6.5 9.426022e+03 9.441226e+03 9.403670e+03 9.388467e+03
7.5 9.414703e+03 9.434650e+03 9.385472e+03 9.365525e+03
8.5 9.347861e+03 9.417079e+03 9.393986e+03 9.324767e+03
9.5 9.425155e+03 9.401126e+03 9.412324e+03 9.436353e+03
10.5 9.420898e+03 9.391797e+03 9.425868e+03 9.454969e+03
11.5 9.355506e+03 9.387630e+03 9.433034e+03 9.400910e+03
12.5 9.373198e+03 9.386327e+03 9.435876e+03 9.422747e+03
13.5 9.372127e+03 9.386267e+03 9.436216e+03 9.422076e+03
14.5 9.407583e+03 9.386451e+03 9.435415e+03 9.456547e+03
15.5 9.414890e+03 9.388120e+03 9.434389e+03 9.461159e+03
16.5 9.448026e+03 9.407600e+03 9.433582e+03 9.474008e+03
17.5 9.535266e+03 9.460962e+03 9.433087e+03 9.507391e+03
18.5 9.554662e+03 9.509134e+03 9.432836e+03 9.478365e+03
19.5 9.520609e+03 9.532457e+03 9.432733e+03 9.420885e+03
20.5 9.545308e+03 9.528142e+03 9.432706e+03 9.449871e+03
