0.5 3.934553e+03 3.911306e+03 3.938018e+03 3.961265e+03
1.5 3.927007e+03 3.900618e+03 3.936513e+03 3.962902e+03
2.5 3.975691e+03 3.916194e+03 3.935375e+03 3.994871e+03
3.5 3.893670e+03 3.955294e+03 3.935983e+03 3.874359e+03
4.5 4.081981e+03 3.988983e+03 3.937225e+03 4.030222e+03
5.5 4.056143e+03 4.011915e+03 3.938538e+03 3.982765e+03
6.5 4.042242e+03 4.028101e+03 3.940488e+03 3.954630e+03
7.5 3.966312e+03 4.011293e+03 3.941787e+03 3.896805e+03
8.5 3.926937e+03 3.968173e+03 3.941178e+03 3.899942e+03
9.5 3.924088e+03 3.930090e+03 3.939868e+03 3.933865e+03
10.5 3.880276e+03 3.908898e+03 3.938900e+03 3.910278e+03
11.5 3.900404e+03 3.900709e+03 3.938387e+03 3.938082e+03
12.5 3.986961e+03 3.899752e+03 3.938184e+03 4.025393e+03
13.5 3.895766e+03 3.901977e+03 3.938159e+03 3.931948e+03
14.5 3.830509e+03 3.904840e+03 3.938213e+03 3.863882e+03
15.5 3.851659e+03 3.901736e+03 3.937858e+03 3.887781e+03
16.5 3.808668e+03 3.892488e+03 3.936413e+03 3.852592e+03
17.5 3.925303e+03 3.909088e+03 3.935312e+03 3.951527e+03
18.5 3.875687e+03 3.948888e+03 3.935940e+03 3.862740e+03
19.5 3.942930e+03 3.983077e+03 3.937192e+03 3.897045e+03
20.5 3.967893e+03 4.006400e+03 3.938510e+03 3.900002e+03
21.5 3.911804e+03 4.022918e+03 3.940463e+03 3.829349e+03
22.5 4.020200e+03 4.006408e+03 3.941762e+03 3.955555e+03
0.5 3.851659e+03 3.901736e+03 3.937858e+03 3.887781e+03
1.5 3.808668e+03 3.892488e+03 3.936413e+03 3.852592e+03
2.5 3.925303e+03 3.909088e+03 3.935312e+03 3.951527e+03
3.5 3.875687e+03 3.948888e+03 3.935940e+03 3.862740e+03
4.5 3.942930e+03 3.983077e+03 3.937192e+03 3.897045e+03
5.5 3.967893e+03 4.006400e+03 3.938510e+03 3.900002e+03
6.5 3.911804e+03 4.022918e+03 3.940463e+03 3.829349e+03
7.5 4.020200e+03 4.006408e+03 3.941762e+03 3.955555e+03
8.5 3.926030e+03 3.963563e+03 3.941155e+03 3.903621e+03
9.5 3.884637e+03 3.925737e+03 3.939845e+03 3.898746e+03
10.5 3.884863e+03 3.904785e+03 3.938878e+03 3.918956e+03
11.5 3.889683e+03 3.896821e+03 3.938366e+03 3.931228e+03
12.5 3.875661e+03 3.896075e+03 3.938164e+03 3.917750e+03
13.5 3.795895e+03 3.898496e+03 3.938140e+03 3.835539e+03
14.5 3.888376e+03 3.901597e+03 3.938197e+03 3.924977e+03
15.5 3.851958e+03 3.905820e+03 3.938271e+03 3.884410e+03
16.5 3.858805e+03 3.921436e+03 3.938330e+03 3.875699e+03
17.5 3.981794e+03 3.955589e+03 3.938366e+03 3.964572e+03
18.5 3.955656e+03 3.983629e+03 3.938385e+03 3.910412e+03
19.5 3.877403e+03 3.996149e+03 3.938393e+03 3.819648e+03
20.5 3.891635e+03 3.997212e+03 3.938397e+03 3.832819e+03
21.5 3.977444e+03 3.981569e+03 3.938398e+03 3.934273e+03
22.5 3.852814e+03 3.945109e+03 3.938398e+03 3.846103e+03
0.5 3.884618e+03 3.898776e+03 3.937962e+03 3.923804e+03
1.5 3.951018e+03 3.888610e+03 3.936459e+03 3.998867e+03
2.5 3.882726e+03 3.904664e+03 3.935322e+03 3.913384e+03
3.5 3.983062e+03 3.944196e+03 3.935932e+03 3.974798e+03
4.5 4.077532e+03 3.978282e+03 3.937174e+03 4.036425e+03
5.5 3.895901e+03 4.001603e+03 3.938489e+03 3.832786e+03
6.5 4.064363e+03 4.018132e+03 3.940441e+03 3.986672e+03
7.5 4.109626e+03 4.001620e+03 3.941740e+03 4.049747e+03
8.5 3.989804e+03 3.958738e+03 3.941132e+03 3.972198e+03
9.5 4.020136e+03 3.920836e+03 3.939823e+03 4.039123e+03
10.5 3.988823e+03 3.899778e+03 3.938856e+03 4.027901e+03
11.5 3.844711e+03 3.891683e+03 3.938344e+03 3.891372e+03
12.5 3.921110e+03 3.890780e+03 3.938141e+03 3.968472e+03
13.5 4.004980e+03 3.893021e+03 3.938117e+03 4.050076e+03
14.5 3.834268e+03 3.895918e+03 3.938174e+03 3.876524e+03
15.5 3.859836e+03 3.899913e+03 3.938247e+03 3.898169e+03
16.5 3.987024e+03 3.915275e+03 3.938305e+03 4.010055e+03
17.5 4.010790e+03 3.949134e+03 3.938340e+03 3.999995e+03
18.5 4.010250e+03 3.976822e+03 3.938358e+03 3.971786e+03
19.5 4.077809e+03 3.988887e+03 3.938365e+03 4.027287e+03
20.5 3.963071e+03 3.984311e+03 3.938367e+03 3.917128e+03
