0.5 9.001898e+03 9.029859e+03 9.066823e+03 9.038862e+03
1.5 8.920649e+03 9.022564e+03 9.067891e+03 8.965976e+03
2.5 9.138229e+03 9.053395e+03 9.071772e+03 9.156606e+03
3.5 9.067400e+03 9.109586e+03 9.075808e+03 9.033622e+03
4.5 9.346826e+03 9.153829e+03 9.078109e+03 9.271106e+03
5.5 9.166221e+03 9.181344e+03 9.078913e+03 9.063790e+03
6.5 9.178033e+03 9.194727e+03 9.077795e+03 9.061101e+03
7.5 9.154770e+03 9.161967e+03 9.073517e+03 9.066320e+03
8.5 9.118835e+03 9.100841e+03 9.069014e+03 9.087008e+03
9.5 9.071216e+03 9.051598e+03 9.066317e+03 9.085935e+03
10.5 8.989833e+03 9.025884e+03 9.065223e+03 9.029172e+03
11.5 9.060045e+03 9.017110e+03 9.065046e+03 9.107981e+03
12.5 9.016420e+03 9.017408e+03 9.065286e+03 9.064298e+03
13.5 8.999187e+03 9.021424e+03 9.065640e+03 9.043402e+03
14.5 8.947312e+03 9.025910e+03 9.065945e+03 8.987348e+03
15.5 8.984460e+03 9.023800e+03 9.066159e+03 9.026818e+03
16.5 9.018570e+03 9.018983e+03 9.067388e+03 9.066975e+03
17.5 9.070874e+03 9.051289e+03 9.071368e+03 9.090953e+03
18.5 9.090484e+03 9.108276e+03 9.075467e+03 9.057676e+03
19.5 9.138050e+03 9.152936e+03 9.077815e+03 9.062929e+03
20.5 9.118084e+03 9.180683e+03 9.078657e+03 9.016058e+03
21.5 9.212722e+03 9.194219e+03 9.077573e+03 9.096076e+03
22.5 9.260812e+03 9.161580e+03 9.073328e+03 9.172560e+03
0.5 8.984460e+03 9.023800e+03 9.066159e+03 9.026818e+03
1.5 9.018570e+03 9.018983e+03 9.067388e+03 9.066975e+03
2.5 9.070874e+03 9.051289e+03 9.071368e+03 9.090953e+03
3.5 9.090484e+03 9.108276e+03 9.075467e+03 9.057676e+03
4.5 9.138050e+03 9.152936e+03 9.077815e+03 9.062929e+03
5.5 9.118084e+03 9.180683e+03 9.078657e+03 9.016058e+03
6.5 9.212722e+03 9.194219e+03 9.077573e+03 9.096076e+03
7.5 9.260812e+03 9.161580e+03 9.073328e+03 9.172560e+03
8.5 9.144198e+03 9.100562e+03 9.068855e+03 9.112491e+03
9.5 8.962041e+03 9.051421e+03 9.066188e+03 8.976808e+03
10.5 9.020521e+03 9.025805e+03 9.065123e+03 9.059838e+03
11.5 9.043825e+03 9.017127e+03 9.064974e+03 9.091671e+03
12.5 8.966911e+03 9.017519e+03 9.065241e+03 9.014633e+03
13.5 8.998006e+03 9.021625e+03 9.065620e+03 9.042001e+03
14.5 8.994471e+03 9.026278e+03 9.065950e+03 9.034143e+03
15.5 9.058791e+03 9.034710e+03 9.066179e+03 9.090260e+03
16.5 8.987928e+03 9.058645e+03 9.066317e+03 8.995599e+03
17.5 9.121612e+03 9.089720e+03 9.066394e+03 9.098286e+03
18.5 9.108097e+03 9.101371e+03 9.066437e+03 9.073163e+03
19.5 9.023980e+03 9.098047e+03 9.066465e+03 8.992399e+03
20.5 9.092731e+03 9.087231e+03 9.066486e+03 9.071987e+03
21.5 9.078207e+03 9.060851e+03 9.066505e+03 9.083862e+03
22.5 9.051132e+03 9.027921e+03 9.066524e+03 9.089735e+03
0.5 9.001244e+03 9.030026e+03 9.066706e+03 9.037924e+03
1.5 9.038013e+03 9.022878e+03 9.067846e+03 9.082981e+03
2.5 9.023374e+03 9.053848e+03 9.071796e+03 9.041322e+03
3.5 9.134441e+03 9.110171e+03 9.075899e+03 9.100170e+03
4.5 9.129044e+03 9.154540e+03 9.078266e+03 9.052770e+03
5.5 9.153703e+03 9.182152e+03 9.079135e+03 9.050686e+03
6.5 9.086898e+03 9.195613e+03 9.078081e+03 8.969366e+03
7.5 9.098938e+03 9.162914e+03 9.073865e+03 9.009888e+03
8.5 9.108970e+03 9.101844e+03 9.069421e+03 9.076548e+03
9.5 9.170974e+03 9.052660e+03 9.066784e+03 9.185098e+03
10.5 8.943456e+03 9.027007e+03 9.065748e+03 8.982197e+03
11.5 9.011558e+03 9.018291e+03 9.065629e+03 9.058895e+03
12.5 8.977942e+03 9.018639e+03 9.065926e+03 9.025229e+03
13.5 9.059187e+03 9.022693e+03 9.066334e+03 9.102828e+03
14.5 8.989628e+03 9.027285e+03 9.066695e+03 9.029038e+03
15.5 9.150286e+03 9.035646e+03 9.066955e+03 9.181596e+03
16.5 8.981521e+03 9.059497e+03 9.067126e+03 8.989149e+03
17.5 9.224924e+03 9.090460e+03 9.067236e+03 9.201700e+03
18.5 9.065674e+03 9.101959e+03 9.067314e+03 9.031029e+03
19.5 9.037670e+03 9.098428e+03 9.067378e+03 9.006620e+03
20.5 9.073744e+03 9.083400e+03 9.067437e+03 9.057781e+03
