0.5 6.683798e+03 6.669468e+03 6.659810e+03 6.674140e+03
1.5 6.706481e+03 6.674638e+03 6.645010e+03 6.676853e+03
2.5 6.750811e+03 6.690427e+03 6.633818e+03 6.694203e+03
3.5 6.751112e+03 6.704146e+03 6.639797e+03 6.686763e+03
4.5 6.643041e+03 6.710439e+03 6.652007e+03 6.584610e+03
5.5 6.709729e+03 6.711074e+03 6.664919e+03 6.663573e+03
6.5 6.748718e+03 6.703398e+03 6.684101e+03 6.729421e+03
7.5 6.675058e+03 6.684989e+03 6.696867e+03 6.686937e+03
8.5 6.661138e+03 6.669094e+03 6.690880e+03 6.682925e+03
9.5 6.673915e+03 6.661246e+03 6.677996e+03 6.690666e+03
10.5 6.707241e+03 6.658842e+03 6.668480e+03 6.716878e+03
11.5 6.666752e+03 6.659099e+03 6.663442e+03 6.671095e+03
12.5 6.694568e+03 6.660394e+03 6.661441e+03 6.695615e+03
13.5 6.659788e+03 6.661807e+03 6.661198e+03 6.659179e+03
14.5 6.665895e+03 6.662911e+03 6.661725e+03 6.664709e+03
15.5 6.710952e+03 6.664397e+03 6.658237e+03 6.704792e+03
16.5 6.651730e+03 6.671633e+03 6.644024e+03 6.624122e+03
17.5 6.688064e+03 6.688631e+03 6.633202e+03 6.632635e+03
18.5 6.687849e+03 6.703053e+03 6.639381e+03 6.624176e+03
19.5 6.671264e+03 6.709788e+03 6.651688e+03 6.613164e+03
20.5 6.677589e+03 6.710747e+03 6.664645e+03 6.631487e+03
21.5 6.721371e+03 6.703344e+03 6.683850e+03 6.701876e+03
22.5 6.680557e+03 6.685189e+03 6.696629e+03 6.691997e+03
0.5 6.710952e+03 6.664397e+03 6.658237e+03 6.704792e+03
1.5 6.651730e+03 6.671633e+03 6.644024e+03 6.624122e+03
2.5 6.688064e+03 6.688631e+03 6.633202e+03 6.632635e+03
3.5 6.687849e+03 6.703053e+03 6.639381e+03 6.624176e+03
4.5 6.671264e+03 6.709788e+03 6.651688e+03 6.613164e+03
5.5 6.677589e+03 6.710747e+03 6.664645e+03 6.631487e+03
6.5 6.721371e+03 6.703344e+03 6.683850e+03 6.701876e+03
7.5 6.680557e+03 6.685189e+03 6.696629e+03 6.691997e+03
8.5 6.660783e+03 6.669538e+03 6.690651e+03 6.681896e+03
9.5 6.679992e+03 6.661931e+03 6.677775e+03 6.695835e+03
10.5 6.681464e+03 6.659765e+03 6.668266e+03 6.689964e+03
11.5 6.619142e+03 6.660256e+03 6.663235e+03 6.622121e+03
12.5 6.649627e+03 6.661784e+03 6.661242e+03 6.649085e+03
13.5 6.686337e+03 6.663426e+03 6.661007e+03 6.683917e+03
14.5 6.638664e+03 6.664777e+03 6.661574e+03 6.635460e+03
15.5 6.656822e+03 6.669125e+03 6.662300e+03 6.649997e+03
16.5 6.744003e+03 6.673325e+03 6.662875e+03 6.733553e+03
17.5 6.622880e+03 6.652438e+03 6.663231e+03 6.633674e+03
18.5 6.587382e+03 6.616021e+03 6.663417e+03 6.634779e+03
19.5 6.568870e+03 6.587944e+03 6.663502e+03 6.644428e+03
20.5 6.588129e+03 6.570973e+03 6.663534e+03 6.680690e+03
21.5 6.512578e+03 6.563806e+03 6.663543e+03 6.612314e+03
22.5 6.545272e+03 6.586635e+03 6.663543e+03 6.622179e+03
0.5 6.698150e+03 6.675201e+03 6.659263e+03 6.682211e+03
1.5 6.644107e+03 6.681047e+03 6.644478e+03 6.607538e+03
2.5 6.714159e+03 6.697516e+03 6.633301e+03 6.649944e+03
3.5 6.756808e+03 6.711922e+03 6.639294e+03 6.684180e+03
4.5 6.718981e+03 6.718895e+03 6.651515e+03 6.651601e+03
5.5 6.756732e+03 6.720214e+03 6.664436e+03 6.700954e+03
6.5 6.689191e+03 6.713242e+03 6.683630e+03 6.659578e+03
7.5 6.713226e+03 6.695553e+03 6.696407e+03 6.714080e+03
8.5 6.716111e+03 6.680398e+03 6.690429e+03 6.726142e+03
9.5 6.727020e+03 6.673307e+03 6.677554e+03 6.731268e+03
10.5 6.748340e+03 6.671673e+03 6.668046e+03 6.744713e+03
11.5 6.688504e+03 6.672714e+03 6.663015e+03 6.678805e+03
12.5 6.719639e+03 6.674810e+03 6.661019e+03 6.705849e+03
13.5 6.673558e+03 6.677044e+03 6.660780e+03 6.657295e+03
14.5 6.700995e+03 6.679013e+03 6.661343e+03 6.683325e+03
15.5 6.730703e+03 6.684007e+03 6.662063e+03 6.708759e+03
16.5 6.678156e+03 6.688884e+03 6.662630e+03 6.651903e+03
17.5 6.598665e+03 6.668703e+03 6.662977e+03 6.592939e+03
18.5 6.608605e+03 6.633049e+03 6.663153e+03 6.638710e+03
19.5 6.609596e+03 6.605852e+03 6.663226e+03 6.666970e+03
20.5 6.567377e+03 6.594778e+03 6.663245e+03 6.635844e+03
