0.5 9.943481e+03 9.946290e+03 9.995817e+03 9.993008e+03
1.5 9.915924e+03 9.946671e+03 1.002020e+04 9.989457e+03
2.5 1.001640e+04 9.979907e+03 1.003864e+04 1.007514e+04
3.5 1.009893e+04 1.002886e+04 1.002879e+04 1.009887e+04
4.5 1.005981e+04 1.006423e+04 1.000867e+04 1.000425e+04
5.5 1.009971e+04 1.008403e+04 9.987400e+03 1.000307e+04
6.5 1.005111e+04 1.008833e+04 9.955792e+03 9.918565e+03
7.5 1.009641e+04 1.005330e+04 9.934757e+03 9.977866e+03
8.5 1.005417e+04 1.000028e+04 9.944623e+03 9.998511e+03
9.5 9.951674e+03 9.960933e+03 9.965852e+03 9.956593e+03
10.5 9.909100e+03 9.941581e+03 9.981532e+03 9.949051e+03
11.5 9.882801e+03 9.935766e+03 9.989833e+03 9.936868e+03
12.5 9.906898e+03 9.936928e+03 9.993130e+03 9.963101e+03
13.5 9.910554e+03 9.940729e+03 9.993531e+03 9.963356e+03
14.5 9.856126e+03 9.944626e+03 9.992663e+03 9.904163e+03
15.5 9.930469e+03 9.944188e+03 9.998409e+03 9.984690e+03
16.5 9.913272e+03 9.945753e+03 1.002183e+04 9.989347e+03
17.5 9.990506e+03 9.979674e+03 1.003966e+04 1.005049e+04
18.5 1.003802e+04 1.002895e+04 1.002948e+04 1.003855e+04
19.5 1.011878e+04 1.006444e+04 1.000920e+04 1.006354e+04
20.5 1.002690e+04 1.008426e+04 9.987850e+03 9.930486e+03
21.5 1.004655e+04 1.008853e+04 9.956206e+03 9.914227e+03
22.5 1.010331e+04 1.005346e+04 9.935150e+03 9.984998e+03
0.5 9.930469e+03 9.944188e+03 9.998409e+03 9.984690e+03
1.5 9.913272e+03 9.945753e+03 1.002183e+04 9.989347e+03
2.5 9.990506e+03 9.979674e+03 1.003966e+04 1.005049e+04
3.5 1.003802e+04 1.002895e+04 1.002948e+04 1.003855e+04
4.5 1.011878e+04 1.006444e+04 1.000920e+04 1.006354e+04
5.5 1.002690e+04 1.008426e+04 9.987850e+03 9.930486e+03
6.5 1.004655e+04 1.008853e+04 9.956206e+03 9.914227e+03
7.5 1.010331e+04 1.005346e+04 9.935150e+03 9.984998e+03
8.5 1.005238e+04 1.000039e+04 9.945001e+03 9.996995e+03
9.5 9.943942e+03 9.960990e+03 9.966217e+03 9.949169e+03
10.5 9.900475e+03 9.941588e+03 9.981885e+03 9.940772e+03
11.5 9.953931e+03 9.935722e+03 9.990173e+03 1.000838e+04
12.5 9.929054e+03 9.936833e+03 9.993458e+03 9.985679e+03
13.5 9.994643e+03 9.940583e+03 9.993846e+03 1.004791e+04
14.5 9.942798e+03 9.944483e+03 9.992911e+03 9.991225e+03
15.5 9.944433e+03 9.951187e+03 9.991714e+03 9.984961e+03
16.5 9.991810e+03 9.975687e+03 9.990768e+03 1.000689e+04
17.5 1.007678e+04 1.002041e+04 9.990181e+03 1.004655e+04
18.5 1.012126e+04 1.005071e+04 9.989874e+03 1.006042e+04
19.5 1.003620e+04 1.006021e+04 9.989735e+03 9.965727e+03
20.5 9.987216e+03 1.005601e+04 9.989681e+03 9.920889e+03
21.5 1.003747e+04 1.002957e+04 9.989666e+03 9.997570e+03
22.5 9.978932e+03 9.981466e+03 9.989667e+03 9.987133e+03
0.5 1.000591e+04 9.945062e+03 9.996719e+03 1.005757e+04
1.5 9.931216e+03 9.945165e+03 1.002108e+04 1.000713e+04
2.5 9.904759e+03 9.978118e+03 1.003950e+04 9.966138e+03
3.5 1.001899e+04 1.002678e+04 1.002962e+04 1.002183e+04
4.5 1.007116e+04 1.006187e+04 1.000949e+04 1.001878e+04
5.5 1.010109e+04 1.008136e+04 9.988195e+03 1.000792e+04
6.5 1.004471e+04 1.008531e+04 9.956568e+03 9.915966e+03
7.5 9.971856e+03 1.004991e+04 9.935516e+03 9.857463e+03
8.5 9.971924e+03 9.996492e+03 9.945365e+03 9.920798e+03
9.5 9.992852e+03 9.956756e+03 9.966579e+03 1.000268e+04
10.5 9.990694e+03 9.937018e+03 9.982247e+03 1.003592e+04
11.5 9.923795e+03 9.930811e+03 9.990537e+03 9.983521e+03
12.5 9.892403e+03 9.931569e+03 9.993825e+03 9.954658e+03
13.5 9.870269e+03 9.934948e+03 9.994218e+03 9.929540e+03
14.5 9.928559e+03 9.938455e+03 9.993291e+03 9.983395e+03
15.5 1.001712e+04 9.944742e+03 9.992104e+03 1.006449e+04
16.5 1.001039e+04 9.968797e+03 9.991171e+03 1.003277e+04
17.5 1.003499e+04 1.001303e+04 9.990598e+03 1.001256e+04
18.5 1.009591e+04 1.004277e+04 9.990308e+03 1.004345e+04
19.5 1.004065e+04 1.005156e+04 9.990189e+03 9.979276e+03
20.5 1.007672e+04 1.003637e+04 9.990158e+03 1.003051e+04
