0.5 8.761043e+03 8.844316e+03 8.870988e+03 8.787714e+03
1.5 8.898323e+03 8.863789e+03 8.885847e+03 8.920382e+03
2.5 8.976419e+03 8.895021e+03 8.897073e+03 8.978471e+03
3.5 8.863522e+03 8.909831e+03 8.891066e+03 8.844757e+03
4.5 8.794871e+03 8.908882e+03 8.878841e+03 8.764830e+03
5.5 8.861273e+03 8.903245e+03 8.870101e+03 8.828130e+03
6.5 8.904969e+03 8.897447e+03 8.865677e+03 8.873198e+03
7.5 8.891229e+03 8.892558e+03 8.864070e+03 8.862741e+03
8.5 8.825443e+03 8.888870e+03 8.864051e+03 8.800625e+03
9.5 8.955024e+03 8.886301e+03 8.864699e+03 8.933422e+03
10.5 8.902291e+03 8.887430e+03 8.861265e+03 8.876126e+03
11.5 8.768976e+03 8.882937e+03 8.847054e+03 8.733092e+03
12.5 8.775201e+03 8.840926e+03 8.836252e+03 8.770527e+03
13.5 8.881201e+03 8.784428e+03 8.842500e+03 8.939273e+03
14.5 8.828277e+03 8.745003e+03 8.854884e+03 8.938158e+03
15.5 8.692148e+03 8.723765e+03 8.867907e+03 8.836291e+03
16.5 8.806414e+03 8.721916e+03 8.887188e+03 8.971686e+03
17.5 8.947847e+03 8.764258e+03 8.899996e+03 9.083585e+03
18.5 8.937802e+03 8.823271e+03 8.893982e+03 9.008513e+03
19.5 8.896791e+03 8.864922e+03 8.881065e+03 8.912934e+03
20.5 8.900126e+03 8.884208e+03 8.871536e+03 8.887454e+03
21.5 8.987218e+03 8.888861e+03 8.866506e+03 8.964863e+03
22.5 8.810696e+03 8.886153e+03 8.864523e+03 8.789067e+03
23.5 8.932771e+03 8.880824e+03 8.864304e+03 8.916251e+03
24.5 8.906925e+03 8.875543e+03 8.864856e+03 8.896238e+03
25.5 8.894137e+03 8.867479e+03 8.861381e+03 8.888038e+03
26.5 8.767598e+03 8.859672e+03 8.847157e+03 8.755082e+03
27.5 8.842928e+03 8.879800e+03 8.836355e+03 8.799482e+03
0.5 8.692148e+03 8.723765e+03 8.867907e+03 8.836291e+03
1.5 8.806414e+03 8.721916e+03 8.887188e+03 8.971686e+03
2.5 8.947847e+03 8.764258e+03 8.899996e+03 9.083585e+03
3.5 8.937802e+03 8.823271e+03 8.893982e+03 9.008513e+03
4.5 8.896791e+03 8.864922e+03 8.881065e+03 8.912934e+03
5.5 8.900126e+03 8.884208e+03 8.871536e+03 8.887454e+03
6.5 8.987218e+03 8.888861e+03 8.866506e+03 8.964863e+03
7.5 8.810696e+03 8.886153e+03 8.864523e+03 8.789067e+03
8.5 8.932771e+03 8.880824e+03 8.864304e+03 8.916251e+03
9.5 8.906925e+03 8.875543e+03 8.864856e+03 8.896238e+03
10.5 8.894137e+03 8.867479e+03 8.861381e+03 8.888038e+03
11.5 8.767598e+03 8.859672e+03 8.847157e+03 8.755082e+03
12.5 8.842928e+03 8.879800e+03 8.836355e+03 8.799482e+03
13.5 8.977606e+03 8.918490e+03 8.842602e+03 8.901719e+03
14.5 8.845241e+03 8.949067e+03 8.854982e+03 8.751156e+03
15.5 8.912114e+03 8.967986e+03 8.867999e+03 8.812127e+03
16.5 8.912957e+03 8.977041e+03 8.887266e+03 8.823182e+03
17.5 9.052382e+03 8.953533e+03 8.900062e+03 8.998911e+03
18.5 8.981076e+03 8.909949e+03 8.894045e+03 8.965172e+03
19.5 8.801510e+03 8.874767e+03 8.881124e+03 8.807867e+03
20.5 8.839510e+03 8.856258e+03 8.871592e+03 8.854844e+03
21.5 8.876910e+03 8.849775e+03 8.866559e+03 8.893695e+03
22.5 8.964376e+03 8.849751e+03 8.864575e+03 8.979200e+03
23.5 8.887349e+03 8.852399e+03 8.864353e+03 8.899303e+03
24.5 8.887142e+03 8.855418e+03 8.864903e+03 8.896627e+03
25.5 8.923154e+03 8.853797e+03 8.861426e+03 8.930784e+03
26.5 8.745156e+03 8.850246e+03 8.847201e+03 8.742111e+03
27.5 8.912115e+03 8.872966e+03 8.836398e+03 8.875548e+03
0.5 8.912114e+03 8.967986e+03 8.867999e+03 8.812127e+03
1.5 8.912957e+03 8.977041e+03 8.887266e+03 8.823182e+03
2.5 9.052382e+03 8.953533e+03 8.900062e+03 8.998911e+03
3.5 8.981076e+03 8.909949e+03 8.894045e+03 8.965172e+03
4.5 8.801510e+03 8.874767e+03 8.881124e+03 8.807867e+03
5.5 8.839510e+03 8.856258e+03 8.871592e+03 8.854844e+03
6.5 8.876910e+03 8.849775e+03 8.866559e+03 8.893695e+03
7.5 8.964376e+03 8.849751e+03 8.864575e+03 8.979200e+03
8.5 8.887349e+03 8.852399e+03 8.864353e+03 8.899303e+03
9.5 8.887142e+03 8.855418e+03 8.864903e+03 8.896627e+03
10.5 8.923154e+03 8.853797e+03 8.861426e+03 8.930784e+03
11.5 8.745156e+03 8.850246e+03 8.847201e+03 8.742111e+03
12.5 8.912115e+03 8.872966e+03 8.836398e+03 8.875548e+03
13.5 8.931959e+03 8.913231e+03 8.842645e+03 8.861373e+03
14.5 9.002398e+03 8.944851e+03 8.855024e+03 8.912571e+03
15.5 8.930004e+03 8.964562e+03 8.868042e+03 8.833483e+03
16.5 9.034876e+03 8.974296e+03 8.887308e+03 8.947888e+03
17.5 8.945118e+03 8.951417e+03 8.900104e+03 8.893806e+03
18.5 8.933344e+03 8.908435e+03 8.894088e+03 8.918996e+03
19.5 8.868110e+03 8.873838e+03 8.881168e+03 8.875440e+03
20.5 8.935481e+03 8.855901e+03 8.871637e+03 8.951218e+03
21.5 8.668705e+03 8.849976e+03 8.866605e+03 8.685334e+03
22.5 8.837762e+03 8.850499e+03 8.864622e+03 8.851885e+03
23.5 8.937126e+03 8.853679e+03 8.864403e+03 8.947849e+03
24.5 8.783696e+03 8.857276e+03 8.864955e+03 8.791375e+03
25.5 8.809284e+03 8.863160e+03 8.861480e+03 8.807604e+03
26.5 8.901373e+03 8.862159e+03 8.847257e+03 8.886471e+03
27.5 8.844790e+03 8.822806e+03 8.836457e+03 8.858441e+03
0.5 8.930004e+03 8.964562e+03 8.868042e+03 8.833483e+03
1.5 9.034876e+03 8.974296e+03 8.887308e+03 8.947888e+03
2.5 8.945118e+03 8.951417e+03 8.900104e+03 8.893806e+03
3.5 8.933344e+03 8.908435e+03 8.894088e+03 8.918996e+03
4.5 8.868110e+03 8.873838e+03 8.881168e+03 8.875440e+03
5.5 8.935481e+03 8.855901e+03 8.871637e+03 8.951218e+03
6.5 8.668705e+03 8.849976e+03 8.866605e+03 8.685334e+03
7.5 8.837762e+03 8.850499e+03 8.864622e+03 8.851885e+03
8.5 8.937126e+03 8.853679e+03 8.864403e+03 8.947849e+03
9.5 8.783696e+03 8.857276e+03 8.864955e+03 8.791375e+03
10.5 8.809284e+03 8.863160e+03 8.861480e+03 8.807604e+03
11.5 8.901373e+03 8.862159e+03 8.847257e+03 8.886471e+03
12.5 8.844790e+03 8.822806e+03 8.836457e+03 8.858441e+03
13.5 8.791159e+03 8.768507e+03 8.842707e+03 8.865359e+03
14.5 8.760474e+03 8.731051e+03 8.855089e+03 8.884511e+03
15.5 8.487887e+03 8.711672e+03 8.868110e+03 8.644324e+03
16.5 8.576085e+03 8.711629e+03 8.887380e+03 8.751836e+03
17.5 8.678455e+03 8.755698e+03 8.900180e+03 8.822937e+03
18.5 8.718705e+03 8.816410e+03 8.894168e+03 8.796463e+03
19.5 8.790276e+03 8.859745e+03 8.881252e+03 8.811784e+03
20.5 8.633211e+03 8.880699e+03 8.871727e+03 8.624238e+03
21.5 8.670457e+03 8.887004e+03 8.866700e+03 8.650153e+03
22.5 8.639887e+03 8.885933e+03 8.864722e+03 8.618676e+03
23.5 8.961371e+03 8.882226e+03 8.864509e+03 8.943654e+03
24.5 8.823977e+03 8.878550e+03 8.865067e+03 8.810493e+03
25.5 9.024155e+03 8.872078e+03 8.861598e+03 9.013675e+03
26.5 8.861947e+03 8.865849e+03 8.847383e+03 8.843481e+03
27.5 8.880492e+03 8.887543e+03 8.836590e+03 8.829538e+03
0.5 8.487887e+03 8.711672e+03 8.868110e+03 8.644324e+03
1.5 8.576085e+03 8.711629e+03 8.887380e+03 8.751836e+03
2.5 8.678455e+03 8.755698e+03 8.900180e+03 8.822937e+03
3.5 8.718705e+03 8.816410e+03 8.894168e+03 8.796463e+03
4.5 8.790276e+03 8.859745e+03 8.881252e+03 8.811784e+03
5.5 8.633211e+03 8.880699e+03 8.871727e+03 8.624238e+03
6.5 8.670457e+03 8.887004e+03 8.866700e+03 8.650153e+03
7.5 8.639887e+03 8.885933e+03 8.864722e+03 8.618676e+03
8.5 8.961371e+03 8.882226e+03 8.864509e+03 8.943654e+03
9.5 8.823977e+03 8.878550e+03 8.865067e+03 8.810493e+03
10.5 9.024155e+03 8.872078e+03 8.861598e+03 9.013675e+03
11.5 8.861947e+03 8.865849e+03 8.847383e+03 8.843481e+03
12.5 8.880492e+03 8.887543e+03 8.836590e+03 8.829538e+03
13.5 9.017362e+03 8.927788e+03 8.842847e+03 8.932421e+03
14.5 9.060764e+03 8.959918e+03 8.855245e+03 8.956091e+03
15.5 8.961408e+03 8.980409e+03 8.868283e+03 8.849282e+03
16.5 8.924009e+03 8.991030e+03 8.887564e+03 8.820543e+03
17.5 8.972890e+03 8.969083e+03 8.900369e+03 8.904177e+03
18.5 8.808645e+03 8.927053e+03 8.894357e+03 8.775949e+03
19.5 9.036484e+03 8.893425e+03 8.881442e+03 9.024501e+03
20.5 9.071212e+03 8.876480e+03 8.871921e+03 9.066653e+03
21.5 8.893542e+03 8.871576e+03 8.866903e+03 8.888869e+03
22.5 8.994708e+03 8.873152e+03 8.864936e+03 8.986492e+03
23.5 8.901104e+03 8.877425e+03 8.864735e+03 8.888414e+03
24.5 8.916283e+03 8.882156e+03 8.865306e+03 8.899434e+03
25.5 8.999644e+03 8.889222e+03 8.861852e+03 8.972273e+03
26.5 8.906987e+03 8.889453e+03 8.847653e+03 8.865188e+03
27.5 8.824571e+03 8.851389e+03 8.836892e+03 8.810075e+03
0.5 8.961408e+03 8.980409e+03 8.868283e+03 8.849282e+03
1.5 8.924009e+03 8.991030e+03 8.887564e+03 8.820543e+03
2.5 8.972890e+03 8.969083e+03 8.900369e+03 8.904177e+03
3.5 8.808645e+03 8.927053e+03 8.894357e+03 8.775949e+03
4.5 9.036484e+03 8.893425e+03 8.881442e+03 9.024501e+03
5.5 9.071212e+03 8.876480e+03 8.871921e+03 9.066653e+03
6.5 8.893542e+03 8.871576e+03 8.866903e+03 8.888869e+03
7.5 8.994708e+03 8.873152e+03 8.864936e+03 8.986492e+03
8.5 8.901104e+03 8.877425e+03 8.864735e+03 8.888414e+03
9.5 8.916283e+03 8.882156e+03 8.865306e+03 8.899434e+03
10.5 8.999644e+03 8.889222e+03 8.861852e+03 8.972273e+03
11.5 8.906987e+03 8.889453e+03 8.847653e+03 8.865188e+03
12.5 8.824571e+03 8.851389e+03 8.836892e+03 8.810075e+03
13.5 8.777957e+03 8.798477e+03 8.843196e+03 8.822676e+03
14.5 8.829053e+03 8.762502e+03 8.855599e+03 8.922149e+03
15.5 8.723328e+03 8.740492e+03 8.864445e+03 8.847281e+03
