0.5 8.761043e+03 8.844316e+03 8.829302e+03 8.746029e+03
1.5 8.898323e+03 8.863789e+03 8.835178e+03 8.869712e+03
2.5 8.976419e+03 8.895021e+03 8.856523e+03 8.937921e+03
3.5 8.863522e+03 8.909831e+03 8.878742e+03 8.832433e+03
4.5 8.794871e+03 8.908882e+03 8.891449e+03 8.777438e+03
5.5 8.861273e+03 8.903245e+03 8.895984e+03 8.854013e+03
6.5 8.904969e+03 8.897447e+03 8.896033e+03 8.903555e+03
7.5 8.891229e+03 8.892558e+03 8.894155e+03 8.892825e+03
8.5 8.825443e+03 8.888870e+03 8.891868e+03 8.828442e+03
9.5 8.955024e+03 8.886301e+03 8.889956e+03 8.958679e+03
10.5 8.902291e+03 8.887430e+03 8.888603e+03 8.903463e+03
11.5 8.768976e+03 8.882937e+03 8.881707e+03 8.767745e+03
12.5 8.775201e+03 8.840926e+03 8.859727e+03 8.794002e+03
13.5 8.881201e+03 8.784428e+03 8.837100e+03 8.933873e+03
14.5 8.828277e+03 8.745003e+03 8.824107e+03 8.907381e+03
15.5 8.692148e+03 8.723765e+03 8.819393e+03 8.787777e+03
16.5 8.806414e+03 8.721916e+03 8.825267e+03 8.909765e+03
17.5 8.947847e+03 8.764258e+03 8.848526e+03 9.032115e+03
18.5 8.937802e+03 8.823271e+03 8.873045e+03 8.987576e+03
19.5 8.896791e+03 8.864922e+03 8.887663e+03 8.919532e+03
20.5 8.900126e+03 8.884208e+03 8.893499e+03 8.909417e+03
21.5 8.987218e+03 8.888861e+03 8.894321e+03 8.992678e+03
22.5 8.810696e+03 8.886153e+03 8.892866e+03 8.817409e+03
23.5 8.932771e+03 8.880824e+03 8.890809e+03 8.942756e+03
24.5 8.906925e+03 8.875543e+03 8.889030e+03 8.920412e+03
25.5 8.894137e+03 8.867479e+03 8.887767e+03 8.914425e+03
26.5 8.767598e+03 8.859672e+03 8.880945e+03 8.788871e+03
27.5 8.842928e+03 8.879800e+03 8.859038e+03 8.822166e+03
0.5 8.692148e+03 8.723765e+03 8.819393e+03 8.787777e+03
1.5 8.806414e+03 8.721916e+03 8.825267e+03 8.909765e+03
2.5 8.947847e+03 8.764258e+03 8.848526e+03 9.032115e+03
3.5 8.937802e+03 8.823271e+03 8.873045e+03 8.987576e+03
4.5 8.896791e+03 8.864922e+03 8.887663e+03 8.919532e+03
5.5 8.900126e+03 8.884208e+03 8.893499e+03 8.909417e+03
6.5 8.987218e+03 8.888861e+03 8.894321e+03 8.992678e+03
7.5 8.810696e+03 8.886153e+03 8.892866e+03 8.817409e+03
8.5 8.932771e+03 8.880824e+03 8.890809e+03 8.942756e+03
9.5 8.906925e+03 8.875543e+03 8.889030e+03 8.920412e+03
10.5 8.894137e+03 8.867479e+03 8.887767e+03 8.914425e+03
11.5 8.767598e+03 8.859672e+03 8.880945e+03 8.788871e+03
12.5 8.842928e+03 8.879800e+03 8.859038e+03 8.822166e+03
13.5 8.977606e+03 8.918490e+03 8.836485e+03 8.895602e+03
14.5 8.845241e+03 8.949067e+03 8.823564e+03 8.719739e+03
15.5 8.912114e+03 8.967986e+03 8.818919e+03 8.763047e+03
16.5 8.912957e+03 8.977041e+03 8.824857e+03 8.760773e+03
17.5 9.052382e+03 8.953533e+03 8.848164e+03 8.947013e+03
18.5 8.981076e+03 8.909949e+03 8.872728e+03 8.943856e+03
19.5 8.801510e+03 8.874767e+03 8.887390e+03 8.814133e+03
20.5 8.839510e+03 8.856258e+03 8.893268e+03 8.876519e+03
21.5 8.876910e+03 8.849775e+03 8.894128e+03 8.921264e+03
22.5 8.964376e+03 8.849751e+03 8.892711e+03 9.007336e+03
23.5 8.887349e+03 8.852399e+03 8.890690e+03 8.925640e+03
24.5 8.887142e+03 8.855418e+03 8.888946e+03 8.920670e+03
25.5 8.923154e+03 8.853797e+03 8.887717e+03 8.957075e+03
26.5 8.745156e+03 8.850246e+03 8.880928e+03 8.775838e+03
27.5 8.912115e+03 8.872966e+03 8.859053e+03 8.898202e+03
0.5 8.912114e+03 8.967986e+03 8.818919e+03 8.763047e+03
1.5 8.912957e+03 8.977041e+03 8.824857e+03 8.760773e+03
2.5 9.052382e+03 8.953533e+03 8.848164e+03 8.947013e+03
3.5 8.981076e+03 8.909949e+03 8.872728e+03 8.943856e+03
4.5 8.801510e+03 8.874767e+03 8.887390e+03 8.814133e+03
5.5 8.839510e+03 8.856258e+03 8.893268e+03 8.876519e+03
6.5 8.876910e+03 8.849775e+03 8.894128e+03 8.921264e+03
7.5 8.964376e+03 8.849751e+03 8.892711e+03 9.007336e+03
8.5 8.887349e+03 8.852399e+03 8.890690e+03 8.925640e+03
9.5 8.887142e+03 8.855418e+03 8.888946e+03 8.920670e+03
10.5 8.923154e+03 8.853797e+03 8.887717e+03 8.957075e+03
11.5 8.745156e+03 8.850246e+03 8.880928e+03 8.775838e+03
12.5 8.912115e+03 8.872966e+03 8.859053e+03 8.898202e+03
13.5 8.931959e+03 8.913231e+03 8.836531e+03 8.855259e+03
14.5 9.002398e+03 8.944851e+03 8.823641e+03 8.881188e+03
15.5 8.930004e+03 8.964562e+03 8.819027e+03 8.784469e+03
16.5 9.034876e+03 8.974296e+03 8.824995e+03 8.885575e+03
17.5 8.945118e+03 8.951417e+03 8.848334e+03 8.842035e+03
18.5 8.933344e+03 8.908435e+03 8.872929e+03 8.897838e+03
19.5 8.868110e+03 8.873838e+03 8.887623e+03 8.881895e+03
20.5 8.935481e+03 8.855901e+03 8.893533e+03 8.973113e+03
21.5 8.668705e+03 8.849976e+03 8.894427e+03 8.713156e+03
22.5 8.837762e+03 8.850499e+03 8.893044e+03 8.880308e+03
23.5 8.937126e+03 8.853679e+03 8.891059e+03 8.974506e+03
24.5 8.783696e+03 8.857276e+03 8.889352e+03 8.815773e+03
25.5 8.809284e+03 8.863160e+03 8.888161e+03 8.834285e+03
26.5 8.901373e+03 8.862159e+03 8.881412e+03 8.920626e+03
27.5 8.844790e+03 8.822806e+03 8.859579e+03 8.881563e+03
0.5 8.930004e+03 8.964562e+03 8.819027e+03 8.784469e+03
1.5 9.034876e+03 8.974296e+03 8.824995e+03 8.885575e+03
2.5 8.945118e+03 8.951417e+03 8.848334e+03 8.842035e+03
3.5 8.933344e+03 8.908435e+03 8.872929e+03 8.897838e+03
4.5 8.868110e+03 8.873838e+03 8.887623e+03 8.881895e+03
5.5 8.935481e+03 8.855901e+03 8.893533e+03 8.973113e+03
6.5 8.668705e+03 8.849976e+03 8.894427e+03 8.713156e+03
7.5 8.837762e+03 8.850499e+03 8.893044e+03 8.880308e+03
8.5 8.937126e+03 8.853679e+03 8.891059e+03 8.974506e+03
9.5 8.783696e+03 8.857276e+03 8.889352e+03 8.815773e+03
10.5 8.809284e+03 8.863160e+03 8.888161e+03 8.834285e+03
11.5 8.901373e+03 8.862159e+03 8.881412e+03 8.920626e+03
12.5 8.844790e+03 8.822806e+03 8.859579e+03 8.881563e+03
13.5 8.791159e+03 8.768507e+03 8.837102e+03 8.859754e+03
14.5 8.760474e+03 8.731051e+03 8.824259e+03 8.853681e+03
15.5 8.487887e+03 8.711672e+03 8.819693e+03 8.595908e+03
16.5 8.576085e+03 8.711629e+03 8.825713e+03 8.690169e+03
17.5 8.678455e+03 8.755698e+03 8.849106e+03 8.771864e+03
18.5 8.718705e+03 8.816410e+03 8.873760e+03 8.776055e+03
19.5 8.790276e+03 8.859745e+03 8.888514e+03 8.819046e+03
20.5 8.633211e+03 8.880699e+03 8.894489e+03 8.647000e+03
21.5 8.670457e+03 8.887004e+03 8.895451e+03 8.678904e+03
22.5 8.639887e+03 8.885933e+03 8.894141e+03 8.648094e+03
23.5 8.961371e+03 8.882226e+03 8.892232e+03 8.971377e+03
24.5 8.823977e+03 8.878550e+03 8.890606e+03 8.836032e+03
25.5 9.024155e+03 8.872078e+03 8.889501e+03 9.041578e+03
26.5 8.861947e+03 8.865849e+03 8.882843e+03 8.878941e+03
27.5 8.880492e+03 8.887543e+03 8.861106e+03 8.854054e+03
0.5 8.487887e+03 8.711672e+03 8.819693e+03 8.595908e+03
1.5 8.576085e+03 8.711629e+03 8.825713e+03 8.690169e+03
2.5 8.678455e+03 8.755698e+03 8.849106e+03 8.771864e+03
3.5 8.718705e+03 8.816410e+03 8.873760e+03 8.776055e+03
4.5 8.790276e+03 8.859745e+03 8.888514e+03 8.819046e+03
5.5 8.633211e+03 8.880699e+03 8.894489e+03 8.647000e+03
6.5 8.670457e+03 8.887004e+03 8.895451e+03 8.678904e+03
7.5 8.639887e+03 8.885933e+03 8.894141e+03 8.648094e+03
8.5 8.961371e+03 8.882226e+03 8.892232e+03 8.971377e+03
9.5 8.823977e+03 8.878550e+03 8.890606e+03 8.836032e+03
10.5 9.024155e+03 8.872078e+03 8.889501e+03 9.041578e+03
11.5 8.861947e+03 8.865849e+03 8.882843e+03 8.878941e+03
12.5 8.880492e+03 8.887543e+03 8.861106e+03 8.854054e+03
13.5 9.017362e+03 8.927788e+03 8.838730e+03 8.928304e+03
14.5 9.060764e+03 8.959918e+03 8.825994e+03 8.926839e+03
15.5 8.961408e+03 8.980409e+03 8.821553e+03 8.802552e+03
16.5 8.924009e+03 8.991030e+03 8.827706e+03 8.760686e+03
17.5 8.972890e+03 8.969083e+03 8.851239e+03 8.855047e+03
18.5 8.808645e+03 8.927053e+03 8.876034e+03 8.757625e+03
19.5 9.036484e+03 8.893425e+03 8.890929e+03 9.033988e+03
20.5 9.071212e+03 8.876480e+03 8.897046e+03 9.091778e+03
21.5 8.893542e+03 8.871576e+03 8.898156e+03 8.920123e+03
22.5 8.994708e+03 8.873152e+03 8.897001e+03 9.018557e+03
23.5 8.901104e+03 8.877425e+03 8.895256e+03 8.918936e+03
24.5 8.916283e+03 8.882156e+03 8.893804e+03 8.927931e+03
25.5 8.999644e+03 8.889222e+03 8.892883e+03 9.003304e+03
26.5 8.906987e+03 8.889453e+03 8.886419e+03 8.903953e+03
27.5 8.824571e+03 8.851389e+03 8.864892e+03 8.838074e+03
0.5 8.961408e+03 8.980409e+03 8.821553e+03 8.802552e+03
1.5 8.924009e+03 8.991030e+03 8.827706e+03 8.760686e+03
2.5 8.972890e+03 8.969083e+03 8.851239e+03 8.855047e+03
3.5 8.808645e+03 8.927053e+03 8.876034e+03 8.757625e+03
4.5 9.036484e+03 8.893425e+03 8.890929e+03 9.033988e+03
5.5 9.071212e+03 8.876480e+03 8.897046e+03 9.091778e+03
6.5 8.893542e+03 8.871576e+03 8.898156e+03 8.920123e+03
7.5 8.994708e+03 8.873152e+03 8.897001e+03 9.018557e+03
8.5 8.901104e+03 8.877425e+03 8.895256e+03 8.918936e+03
9.5 8.916283e+03 8.882156e+03 8.893804e+03 8.927931e+03
10.5 8.999644e+03 8.889222e+03 8.892883e+03 9.003304e+03
11.5 8.906987e+03 8.889453e+03 8.886419e+03 8.903953e+03
12.5 8.824571e+03 8.851389e+03 8.864892e+03 8.838074e+03
13.5 8.777957e+03 8.798477e+03 8.842757e+03 8.822237e+03
14.5 8.829053e+03 8.762502e+03 8.830299e+03 8.896849e+03
15.5 8.723328e+03 8.740492e+03 8.826106e+03 8.808942e+03
