0.5 9.514925e+03 9.502068e+03 9.439821e+03 9.452678e+03
1.5 9.426583e+03 9.521143e+03 9.469034e+03 9.374474e+03
2.5 9.509137e+03 9.504557e+03 9.491105e+03 9.495684e+03
3.5 9.473133e+03 9.452518e+03 9.479295e+03 9.499910e+03
4.5 9.418613e+03 9.405835e+03 9.455260e+03 9.468038e+03
5.5 9.412659e+03 9.381083e+03 9.438077e+03 9.469652e+03
6.5 9.399404e+03 9.373089e+03 9.429379e+03 9.455694e+03
7.5 9.375877e+03 9.374176e+03 9.426220e+03 9.427921e+03
8.5 9.332564e+03 9.379122e+03 9.426184e+03 9.379626e+03
9.5 9.360063e+03 9.384749e+03 9.427458e+03 9.402771e+03
10.5 9.352007e+03 9.391212e+03 9.420706e+03 9.381502e+03
11.5 9.399227e+03 9.414577e+03 9.392766e+03 9.377416e+03
12.5 9.386932e+03 9.471117e+03 9.371529e+03 9.287343e+03
13.5 9.545942e+03 9.522073e+03 9.383813e+03 9.407682e+03
14.5 9.568963e+03 9.548079e+03 9.408160e+03 9.429044e+03
15.5 9.476335e+03 9.554537e+03 9.433765e+03 9.355562e+03
16.5 9.571194e+03 9.533944e+03 9.471671e+03 9.508921e+03
17.5 9.517860e+03 9.475618e+03 9.496852e+03 9.539094e+03
18.5 9.442873e+03 9.421790e+03 9.485029e+03 9.506111e+03
19.5 9.429555e+03 9.393587e+03 9.459633e+03 9.495600e+03
20.5 9.409888e+03 9.384351e+03 9.440899e+03 9.466436e+03
21.5 9.388367e+03 9.384924e+03 9.431009e+03 9.434452e+03
22.5 9.348072e+03 9.389539e+03 9.427112e+03 9.385645e+03
23.5 9.375745e+03 9.394830e+03 9.426681e+03 9.407597e+03
24.5 9.385501e+03 9.399118e+03 9.427766e+03 9.414149e+03
25.5 9.346672e+03 9.399758e+03 9.420933e+03 9.367846e+03
26.5 9.364324e+03 9.396793e+03 9.392968e+03 9.360499e+03
27.5 9.437397e+03 9.403520e+03 9.371731e+03 9.405609e+03
0.5 9.476335e+03 9.554537e+03 9.433765e+03 9.355562e+03
1.5 9.571194e+03 9.533944e+03 9.471671e+03 9.508921e+03
2.5 9.517860e+03 9.475618e+03 9.496852e+03 9.539094e+03
3.5 9.442873e+03 9.421790e+03 9.485029e+03 9.506111e+03
4.5 9.429555e+03 9.393587e+03 9.459633e+03 9.495600e+03
5.5 9.409888e+03 9.384351e+03 9.440899e+03 9.466436e+03
6.5 9.388367e+03 9.384924e+03 9.431009e+03 9.434452e+03
7.5 9.348072e+03 9.389539e+03 9.427112e+03 9.385645e+03
8.5 9.375745e+03 9.394830e+03 9.426681e+03 9.407597e+03
9.5 9.385501e+03 9.399118e+03 9.427766e+03 9.414149e+03
10.5 9.346672e+03 9.399758e+03 9.420933e+03 9.367846e+03
11.5 9.364324e+03 9.396793e+03 9.392968e+03 9.360499e+03
12.5 9.437397e+03 9.403520e+03 9.371731e+03 9.405609e+03
13.5 9.448395e+03 9.419704e+03 9.384014e+03 9.412705e+03
14.5 9.429544e+03 9.433877e+03 9.408353e+03 9.404020e+03
15.5 9.465789e+03 9.443827e+03 9.433945e+03 9.455907e+03
16.5 9.427267e+03 9.451372e+03 9.471824e+03 9.447719e+03
17.5 9.457138e+03 9.445864e+03 9.496981e+03 9.508255e+03
18.5 9.485369e+03 9.429377e+03 9.485151e+03 9.541143e+03
19.5 9.399703e+03 9.414510e+03 9.459749e+03 9.444942e+03
20.5 9.386003e+03 9.406270e+03 9.441009e+03 9.420743e+03
21.5 9.327877e+03 9.403203e+03 9.431114e+03 9.355789e+03
22.5 9.407514e+03 9.403021e+03 9.427212e+03 9.431705e+03
23.5 9.327902e+03 9.404109e+03 9.426777e+03 9.350570e+03
24.5 9.318445e+03 9.405445e+03 9.427859e+03 9.340859e+03
25.5 9.439644e+03 9.404279e+03 9.421023e+03 9.456388e+03
26.5 9.396788e+03 9.400265e+03 9.393056e+03 9.389579e+03
27.5 9.448403e+03 9.406343e+03 9.371817e+03 9.413877e+03
0.5 9.465789e+03 9.443827e+03 9.433945e+03 9.455907e+03
1.5 9.427267e+03 9.451372e+03 9.471824e+03 9.447719e+03
2.5 9.457138e+03 9.445864e+03 9.496981e+03 9.508255e+03
3.5 9.485369e+03 9.429377e+03 9.485151e+03 9.541143e+03
4.5 9.399703e+03 9.414510e+03 9.459749e+03 9.444942e+03
5.5 9.386003e+03 9.406270e+03 9.441009e+03 9.420743e+03
6.5 9.327877e+03 9.403203e+03 9.431114e+03 9.355789e+03
7.5 9.407514e+03 9.403021e+03 9.427212e+03 9.431705e+03
8.5 9.327902e+03 9.404109e+03 9.426777e+03 9.350570e+03
9.5 9.318445e+03 9.405445e+03 9.427859e+03 9.340859e+03
10.5 9.439644e+03 9.404279e+03 9.421023e+03 9.456388e+03
11.5 9.396788e+03 9.400265e+03 9.393056e+03 9.389579e+03
12.5 9.448403e+03 9.406343e+03 9.371817e+03 9.413877e+03
13.5 9.473869e+03 9.422059e+03 9.384099e+03 9.435908e+03
14.5 9.504213e+03 9.435838e+03 9.408437e+03 9.476811e+03
15.5 9.416638e+03 9.445422e+03 9.434029e+03 9.405244e+03
16.5 9.423894e+03 9.452614e+03 9.471908e+03 9.443187e+03
17.5 9.475029e+03 9.446762e+03 9.497065e+03 9.525332e+03
18.5 9.443040e+03 9.429938e+03 9.485236e+03 9.498339e+03
19.5 9.430614e+03 9.414740e+03 9.459835e+03 9.475709e+03
20.5 9.422377e+03 9.406176e+03 9.441097e+03 9.457299e+03
21.5 9.424032e+03 9.402790e+03 9.431205e+03 9.452446e+03
22.5 9.377717e+03 9.402297e+03 9.427306e+03 9.402726e+03
23.5 9.401890e+03 9.403079e+03 9.426874e+03 9.425685e+03
24.5 9.439739e+03 9.404144e+03 9.427959e+03 9.463554e+03
25.5 9.366168e+03 9.406737e+03 9.421128e+03 9.380559e+03
26.5 9.400654e+03 9.427189e+03 9.393165e+03 9.366631e+03
27.5 9.558829e+03 9.481590e+03 9.371932e+03 9.449171e+03
0.5 9.416638e+03 9.445422e+03 9.434029e+03 9.405244e+03
1.5 9.423894e+03 9.452614e+03 9.471908e+03 9.443187e+03
2.5 9.475029e+03 9.446762e+03 9.497065e+03 9.525332e+03
3.5 9.443040e+03 9.429938e+03 9.485236e+03 9.498339e+03
4.5 9.430614e+03 9.414740e+03 9.459835e+03 9.475709e+03
5.5 9.422377e+03 9.406176e+03 9.441097e+03 9.457299e+03
6.5 9.424032e+03 9.402790e+03 9.431205e+03 9.452446e+03
7.5 9.377717e+03 9.402297e+03 9.427306e+03 9.402726e+03
8.5 9.401890e+03 9.403079e+03 9.426874e+03 9.425685e+03
9.5 9.439739e+03 9.404144e+03 9.427959e+03 9.463554e+03
10.5 9.366168e+03 9.406737e+03 9.421128e+03 9.380559e+03
11.5 9.400654e+03 9.427189e+03 9.393165e+03 9.366631e+03
12.5 9.558829e+03 9.481590e+03 9.371932e+03 9.449171e+03
13.5 9.557675e+03 9.530906e+03 9.384219e+03 9.410988e+03
14.5 9.557440e+03 9.555553e+03 9.408563e+03 9.410451e+03
15.5 9.502201e+03 9.560799e+03 9.434162e+03 9.375565e+03
16.5 9.547917e+03 9.539067e+03 9.472049e+03 9.480898e+03
17.5 9.495718e+03 9.479670e+03 9.497214e+03 9.513261e+03
18.5 9.446493e+03 9.424791e+03 9.485393e+03 9.507095e+03
19.5 9.424323e+03 9.395549e+03 9.460001e+03 9.488775e+03
20.5 9.347756e+03 9.385285e+03 9.441273e+03 9.403745e+03
21.5 9.363156e+03 9.384837e+03 9.431391e+03 9.409709e+03
22.5 9.447120e+03 9.388439e+03 9.427503e+03 9.486184e+03
23.5 9.473008e+03 9.392723e+03 9.427083e+03 9.507368e+03
24.5 9.467397e+03 9.396009e+03 9.428180e+03 9.499568e+03
25.5 9.405672e+03 9.395650e+03 9.421361e+03 9.431383e+03
26.5 9.355794e+03 9.391688e+03 9.393412e+03 9.357518e+03
27.5 9.339443e+03 9.397418e+03 9.372193e+03 9.314218e+03
0.5 9.502201e+03 9.560799e+03 9.434162e+03 9.375565e+03
1.5 9.547917e+03 9.539067e+03 9.472049e+03 9.480898e+03
2.5 9.495718e+03 9.479670e+03 9.497214e+03 9.513261e+03
3.5 9.446493e+03 9.424791e+03 9.485393e+03 9.507095e+03
4.5 9.424323e+03 9.395549e+03 9.460001e+03 9.488775e+03
5.5 9.347756e+03 9.385285e+03 9.441273e+03 9.403745e+03
6.5 9.363156e+03 9.384837e+03 9.431391e+03 9.409709e+03
7.5 9.447120e+03 9.388439e+03 9.427503e+03 9.486184e+03
8.5 9.473008e+03 9.392723e+03 9.427083e+03 9.507368e+03
9.5 9.467397e+03 9.396009e+03 9.428180e+03 9.499568e+03
10.5 9.405672e+03 9.395650e+03 9.421361e+03 9.431383e+03
11.5 9.355794e+03 9.391688e+03 9.393412e+03 9.357518e+03
12.5 9.339443e+03 9.397418e+03 9.372193e+03 9.314218e+03
13.5 9.343028e+03 9.412604e+03 9.384495e+03 9.314920e+03
14.5 9.405129e+03 9.425792e+03 9.408871e+03 9.388208e+03
15.5 9.428659e+03 9.434727e+03 9.434504e+03 9.428436e+03
16.5 9.426022e+03 9.441226e+03 9.472410e+03 9.457207e+03
17.5 9.414703e+03 9.434650e+03 9.497586e+03 9.477639e+03
18.5 9.347861e+03 9.417079e+03 9.485766e+03 9.416547e+03
19.5 9.425155e+03 9.401126e+03 9.460375e+03 9.484404e+03
20.5 9.420898e+03 9.391797e+03 9.441656e+03 9.470757e+03
21.5 9.355506e+03 9.387630e+03 9.431790e+03 9.399666e+03
22.5 9.373198e+03 9.386327e+03 9.427923e+03 9.414794e+03
23.5 9.372127e+03 9.386267e+03 9.427528e+03 9.413388e+03
24.5 9.407583e+03 9.386451e+03 9.428651e+03 9.449783e+03
25.5 9.414890e+03 9.388120e+03 9.421859e+03 9.448629e+03
26.5 9.448026e+03 9.407600e+03 9.393945e+03 9.434371e+03
27.5 9.535266e+03 9.460962e+03 9.372789e+03 9.447092e+03
0.5 9.428659e+03 9.434727e+03 9.434504e+03 9.428436e+03
1.5 9.426022e+03 9.441226e+03 9.472410e+03 9.457207e+03
2.5 9.414703e+03 9.434650e+03 9.497586e+03 9.477639e+03
3.5 9.347861e+03 9.417079e+03 9.485766e+03 9.416547e+03
4.5 9.425155e+03 9.401126e+03 9.460375e+03 9.484404e+03
5.5 9.420898e+03 9.391797e+03 9.441656e+03 9.470757e+03
6.5 9.355506e+03 9.387630e+03 9.431790e+03 9.399666e+03
7.5 9.373198e+03 9.386327e+03 9.427923e+03 9.414794e+03
8.5 9.372127e+03 9.386267e+03 9.427528e+03 9.413388e+03
9.5 9.407583e+03 9.386451e+03 9.428651e+03 9.449783e+03
10.5 9.414890e+03 9.388120e+03 9.421859e+03 9.448629e+03
11.5 9.448026e+03 9.407600e+03 9.393945e+03 9.434371e+03
12.5 9.535266e+03 9.460962e+03 9.372789e+03 9.447092e+03
13.5 9.554662e+03 9.509134e+03 9.385182e+03 9.430710e+03
14.5 9.520609e+03 9.532457e+03 9.409565e+03 9.397717e+03
15.5 9.545308e+03 9.528142e+03 9.426958e+03 9.444123e+03
