0.5 3.838061e+03 3.840046e+03 3.863278e+03 3.861293e+03
1.5 3.872363e+03 3.867869e+03 3.875004e+03 3.879498e+03
2.5 3.974373e+03 3.922163e+03 3.917600e+03 3.969810e+03
3.5 3.899693e+03 3.957428e+03 3.961942e+03 3.904207e+03
4.5 3.901312e+03 3.966244e+03 3.987299e+03 3.922367e+03
5.5 3.990932e+03 3.963008e+03 3.996350e+03 4.024275e+03
6.5 3.960100e+03 3.956085e+03 3.996448e+03 4.000462e+03
7.5 3.919715e+03 3.948783e+03 3.992699e+03 3.963631e+03
8.5 3.890219e+03 3.942652e+03 3.988136e+03 3.935703e+03
9.5 3.949115e+03 3.938191e+03 3.984319e+03 3.995243e+03
10.5 3.951773e+03 3.936841e+03 3.981619e+03 3.996551e+03
11.5 3.880814e+03 3.948704e+03 3.967858e+03 3.899968e+03
12.5 3.969146e+03 3.980365e+03 3.923994e+03 3.912775e+03
13.5 4.073097e+03 4.006649e+03 3.878840e+03 3.945287e+03
14.5 4.111008e+03 4.017800e+03 3.852910e+03 3.946118e+03
15.5 3.999991e+03 4.017694e+03 3.843504e+03 3.825801e+03
16.5 4.004999e+03 4.000986e+03 3.855226e+03 3.859240e+03
17.5 4.057574e+03 3.963540e+03 3.901642e+03 3.995676e+03
18.5 4.046407e+03 3.931844e+03 3.950571e+03 4.065134e+03
19.5 3.998621e+03 3.916212e+03 3.979743e+03 4.062153e+03
20.5 4.029067e+03 3.911104e+03 3.991390e+03 4.109353e+03
21.5 3.842412e+03 3.911023e+03 3.993030e+03 3.924418e+03
22.5 3.994432e+03 3.912856e+03 3.990127e+03 4.071703e+03
23.5 3.954063e+03 3.914855e+03 3.986022e+03 4.025230e+03
24.5 3.989982e+03 3.916167e+03 3.982472e+03 4.056287e+03
25.5 3.934553e+03 3.911306e+03 3.979952e+03 4.003199e+03
26.5 3.927007e+03 3.900618e+03 3.966338e+03 3.992728e+03
27.5 3.975691e+03 3.916194e+03 3.922620e+03 3.982117e+03
0.5 3.999991e+03 4.017694e+03 3.843504e+03 3.825801e+03
1.5 4.004999e+03 4.000986e+03 3.855226e+03 3.859240e+03
2.5 4.057574e+03 3.963540e+03 3.901642e+03 3.995676e+03
3.5 4.046407e+03 3.931844e+03 3.950571e+03 4.065134e+03
4.5 3.998621e+03 3.916212e+03 3.979743e+03 4.062153e+03
5.5 4.029067e+03 3.911104e+03 3.991390e+03 4.109353e+03
6.5 3.842412e+03 3.911023e+03 3.993030e+03 3.924418e+03
7.5 3.994432e+03 3.912856e+03 3.990127e+03 4.071703e+03
8.5 3.954063e+03 3.914855e+03 3.986022e+03 4.025230e+03
9.5 3.989982e+03 3.916167e+03 3.982472e+03 4.056287e+03
10.5 3.934553e+03 3.911306e+03 3.979952e+03 4.003199e+03
11.5 3.927007e+03 3.900618e+03 3.966338e+03 3.992728e+03
12.5 3.975691e+03 3.916194e+03 3.922620e+03 3.982117e+03
13.5 3.893670e+03 3.955294e+03 3.877614e+03 3.815990e+03
14.5 4.081981e+03 3.988983e+03 3.851829e+03 3.944827e+03
15.5 4.056143e+03 4.011915e+03 3.842558e+03 3.886786e+03
16.5 4.042242e+03 4.028101e+03 3.854408e+03 3.868549e+03
17.5 3.966312e+03 4.011293e+03 3.900920e+03 3.855939e+03
18.5 3.926937e+03 3.968173e+03 3.949941e+03 3.908704e+03
19.5 3.924088e+03 3.930090e+03 3.979199e+03 3.973197e+03
20.5 3.880276e+03 3.908898e+03 3.990928e+03 3.962306e+03
21.5 3.900404e+03 3.900709e+03 3.992646e+03 3.992341e+03
22.5 3.986961e+03 3.899752e+03 3.989818e+03 4.077027e+03
23.5 3.895766e+03 3.901977e+03 3.985785e+03 3.979575e+03
24.5 3.830509e+03 3.904840e+03 3.982305e+03 3.907974e+03
25.5 3.851659e+03 3.901736e+03 3.979852e+03 3.929775e+03
26.5 3.808668e+03 3.892488e+03 3.966303e+03 3.882483e+03
27.5 3.925303e+03 3.909088e+03 3.922649e+03 3.938864e+03
0.5 4.056143e+03 4.011915e+03 3.842558e+03 3.886786e+03
1.5 4.042242e+03 4.028101e+03 3.854408e+03 3.868549e+03
2.5 3.966312e+03 4.011293e+03 3.900920e+03 3.855939e+03
3.5 3.926937e+03 3.968173e+03 3.949941e+03 3.908704e+03
4.5 3.924088e+03 3.930090e+03 3.979199e+03 3.973197e+03
5.5 3.880276e+03 3.908898e+03 3.990928e+03 3.962306e+03
6.5 3.900404e+03 3.900709e+03 3.992646e+03 3.992341e+03
7.5 3.986961e+03 3.899752e+03 3.989818e+03 4.077027e+03
8.5 3.895766e+03 3.901977e+03 3.985785e+03 3.979575e+03
9.5 3.830509e+03 3.904840e+03 3.982305e+03 3.907974e+03
10.5 3.851659e+03 3.901736e+03 3.979852e+03 3.929775e+03
11.5 3.808668e+03 3.892488e+03 3.966303e+03 3.882483e+03
12.5 3.925303e+03 3.909088e+03 3.922649e+03 3.938864e+03
13.5 3.875687e+03 3.948888e+03 3.877705e+03 3.804504e+03
14.5 3.942930e+03 3.983077e+03 3.851982e+03 3.811835e+03
15.5 3.967893e+03 4.006400e+03 3.842773e+03 3.804266e+03
16.5 3.911804e+03 4.022918e+03 3.854684e+03 3.743570e+03
17.5 4.020200e+03 4.006408e+03 3.901259e+03 3.915051e+03
18.5 3.926030e+03 3.963563e+03 3.950341e+03 3.912808e+03
19.5 3.884637e+03 3.925737e+03 3.979664e+03 3.938565e+03
20.5 3.884863e+03 3.904785e+03 3.991458e+03 3.971536e+03
21.5 3.889683e+03 3.896821e+03 3.993242e+03 3.986104e+03
22.5 3.875661e+03 3.896075e+03 3.990483e+03 3.970070e+03
23.5 3.795895e+03 3.898496e+03 3.986521e+03 3.883921e+03
24.5 3.888376e+03 3.901597e+03 3.983114e+03 3.969893e+03
25.5 3.851958e+03 3.905820e+03 3.980738e+03 3.926877e+03
26.5 3.858805e+03 3.921436e+03 3.967270e+03 3.904639e+03
27.5 3.981794e+03 3.955589e+03 3.923700e+03 3.949906e+03
0.5 3.967893e+03 4.006400e+03 3.842773e+03 3.804266e+03
1.5 3.911804e+03 4.022918e+03 3.854684e+03 3.743570e+03
2.5 4.020200e+03 4.006408e+03 3.901259e+03 3.915051e+03
3.5 3.926030e+03 3.963563e+03 3.950341e+03 3.912808e+03
4.5 3.884637e+03 3.925737e+03 3.979664e+03 3.938565e+03
5.5 3.884863e+03 3.904785e+03 3.991458e+03 3.971536e+03
6.5 3.889683e+03 3.896821e+03 3.993242e+03 3.986104e+03
7.5 3.875661e+03 3.896075e+03 3.990483e+03 3.970070e+03
8.5 3.795895e+03 3.898496e+03 3.986521e+03 3.883921e+03
9.5 3.888376e+03 3.901597e+03 3.983114e+03 3.969893e+03
10.5 3.851958e+03 3.905820e+03 3.980738e+03 3.926877e+03
11.5 3.858805e+03 3.921436e+03 3.967270e+03 3.904639e+03
12.5 3.981794e+03 3.955589e+03 3.923700e+03 3.949906e+03
13.5 3.955656e+03 3.983629e+03 3.878844e+03 3.850871e+03
14.5 3.877403e+03 3.996149e+03 3.853214e+03 3.734468e+03
15.5 3.891635e+03 3.997212e+03 3.844103e+03 3.738525e+03
16.5 3.977444e+03 3.981569e+03 3.856117e+03 3.851992e+03
17.5 3.852814e+03 3.945109e+03 3.902800e+03 3.810505e+03
18.5 3.937595e+03 3.914330e+03 3.951998e+03 3.975264e+03
19.5 3.875634e+03 3.899559e+03 3.981442e+03 3.957517e+03
20.5 3.664438e+03 3.895261e+03 3.993365e+03 3.762542e+03
21.5 3.917368e+03 3.895940e+03 3.995286e+03 4.016713e+03
22.5 3.918266e+03 3.898483e+03 3.992671e+03 4.012454e+03
23.5 3.835305e+03 3.901143e+03 3.988862e+03 3.923024e+03
24.5 3.951613e+03 3.903070e+03 3.985616e+03 4.034159e+03
25.5 3.884618e+03 3.898776e+03 3.983412e+03 3.969253e+03
26.5 3.951018e+03 3.888610e+03 3.970124e+03 4.032532e+03
27.5 3.882726e+03 3.904664e+03 3.926746e+03 3.904808e+03
0.5 3.891635e+03 3.997212e+03 3.844103e+03 3.738525e+03
1.5 3.977444e+03 3.981569e+03 3.856117e+03 3.851992e+03
2.5 3.852814e+03 3.945109e+03 3.902800e+03 3.810505e+03
3.5 3.937595e+03 3.914330e+03 3.951998e+03 3.975264e+03
4.5 3.875634e+03 3.899559e+03 3.981442e+03 3.957517e+03
5.5 3.664438e+03 3.895261e+03 3.993365e+03 3.762542e+03
6.5 3.917368e+03 3.895940e+03 3.995286e+03 4.016713e+03
7.5 3.918266e+03 3.898483e+03 3.992671e+03 4.012454e+03
8.5 3.835305e+03 3.901143e+03 3.988862e+03 3.923024e+03
9.5 3.951613e+03 3.903070e+03 3.985616e+03 4.034159e+03
10.5 3.884618e+03 3.898776e+03 3.983412e+03 3.969253e+03
11.5 3.951018e+03 3.888610e+03 3.970124e+03 4.032532e+03
12.5 3.882726e+03 3.904664e+03 3.926746e+03 3.904808e+03
13.5 3.983062e+03 3.944196e+03 3.882092e+03 3.920958e+03
14.5 4.077532e+03 3.978282e+03 3.856677e+03 3.955927e+03
15.5 3.895901e+03 4.001603e+03 3.847815e+03 3.742113e+03
16.5 4.064363e+03 4.018132e+03 3.860094e+03 3.906325e+03
17.5 4.109626e+03 4.001620e+03 3.907057e+03 4.015064e+03
18.5 3.989804e+03 3.958738e+03 3.956537e+03 3.987603e+03
19.5 4.020136e+03 3.920836e+03 3.986262e+03 4.085561e+03
20.5 3.988823e+03 3.899778e+03 3.998469e+03 4.087514e+03
21.5 3.844711e+03 3.891683e+03 4.000685e+03 3.953713e+03
22.5 3.921110e+03 3.890780e+03 3.998379e+03 4.028710e+03
23.5 4.004980e+03 3.893021e+03 3.994897e+03 4.106857e+03
24.5 3.834268e+03 3.895918e+03 3.991999e+03 3.930348e+03
25.5 3.859836e+03 3.899913e+03 3.990161e+03 3.950083e+03
26.5 3.987024e+03 3.915275e+03 3.977261e+03 4.049011e+03
27.5 4.010790e+03 3.949134e+03 3.934301e+03 3.995956e+03
0.5 3.895901e+03 4.001603e+03 3.847815e+03 3.742113e+03
1.5 4.064363e+03 4.018132e+03 3.860094e+03 3.906325e+03
2.5 4.109626e+03 4.001620e+03 3.907057e+03 4.015064e+03
3.5 3.989804e+03 3.958738e+03 3.956537e+03 3.987603e+03
4.5 4.020136e+03 3.920836e+03 3.986262e+03 4.085561e+03
5.5 3.988823e+03 3.899778e+03 3.998469e+03 4.087514e+03
6.5 3.844711e+03 3.891683e+03 4.000685e+03 3.953713e+03
7.5 3.921110e+03 3.890780e+03 3.998379e+03 4.028710e+03
8.5 4.004980e+03 3.893021e+03 3.994897e+03 4.106857e+03
9.5 3.834268e+03 3.895918e+03 3.991999e+03 3.930348e+03
10.5 3.859836e+03 3.899913e+03 3.990161e+03 3.950083e+03
11.5 3.987024e+03 3.915275e+03 3.977261e+03 4.049011e+03
12.5 4.010790e+03 3.949134e+03 3.934301e+03 3.995956e+03
13.5 4.010250e+03 3.976822e+03 3.890129e+03 3.923557e+03
14.5 4.077809e+03 3.988887e+03 3.865267e+03 3.954189e+03
15.5 3.963071e+03 3.984311e+03 3.856901e+03 3.835662e+03
