0.5 5.707272e+03 5.683519e+03 5.684583e+03 5.708336e+03
1.5 5.653072e+03 5.702966e+03 5.733582e+03 5.683687e+03
2.5 5.648326e+03 5.734015e+03 5.769368e+03 5.683679e+03
3.5 5.721726e+03 5.747645e+03 5.747665e+03 5.721745e+03
4.5 5.738614e+03 5.745477e+03 5.705816e+03 5.698953e+03
5.5 5.673656e+03 5.734676e+03 5.662221e+03 5.601200e+03
6.5 5.675746e+03 5.706983e+03 5.598413e+03 5.567176e+03
7.5 5.724050e+03 5.669513e+03 5.557362e+03 5.611899e+03
8.5 5.688857e+03 5.651082e+03 5.579136e+03 5.616911e+03
9.5 5.633189e+03 5.649687e+03 5.623227e+03 5.606729e+03
10.5 5.641268e+03 5.653202e+03 5.655404e+03 5.643469e+03
11.5 5.700178e+03 5.656794e+03 5.672231e+03 5.715616e+03
12.5 5.688751e+03 5.659369e+03 5.678733e+03 5.708116e+03
13.5 5.664034e+03 5.660686e+03 5.679313e+03 5.682660e+03
14.5 5.667031e+03 5.660905e+03 5.677228e+03 5.683355e+03
15.5 5.633486e+03 5.658374e+03 5.674654e+03 5.649765e+03
16.5 5.634280e+03 5.655440e+03 5.672626e+03 5.651466e+03
17.5 5.622662e+03 5.667654e+03 5.671352e+03 5.626360e+03
18.5 5.691296e+03 5.689368e+03 5.670662e+03 5.672589e+03
19.5 5.674669e+03 5.706047e+03 5.670319e+03 5.638940e+03
20.5 5.740263e+03 5.716004e+03 5.670153e+03 5.694413e+03
21.5 5.703032e+03 5.720042e+03 5.670068e+03 5.653058e+03
22.5 5.696753e+03 5.705811e+03 5.670014e+03 5.660956e+03
0.5 5.595473e+03 5.652131e+03 5.683514e+03 5.626856e+03
1.5 5.662289e+03 5.674685e+03 5.732451e+03 5.720055e+03
2.5 5.759687e+03 5.707842e+03 5.768173e+03 5.820018e+03
3.5 5.746440e+03 5.723083e+03 5.746424e+03 5.769781e+03
4.5 5.734109e+03 5.722287e+03 5.704553e+03 5.716375e+03
5.5 5.630903e+03 5.712734e+03 5.660953e+03 5.579122e+03
6.5 5.677402e+03 5.686215e+03 5.597174e+03 5.588360e+03
7.5 5.644865e+03 5.649840e+03 5.556144e+03 5.551168e+03
8.5 5.634413e+03 5.632436e+03 5.577909e+03 5.579886e+03
9.5 5.542033e+03 5.632010e+03 5.621994e+03 5.532017e+03
10.5 5.401292e+03 5.636437e+03 5.654165e+03 5.419020e+03
11.5 5.518981e+03 5.640886e+03 5.670989e+03 5.549083e+03
12.5 5.525993e+03 5.644266e+03 5.677488e+03 5.559216e+03
13.5 5.495932e+03 5.646336e+03 5.678066e+03 5.527662e+03
14.5 5.644012e+03 5.647257e+03 5.675979e+03 5.672735e+03
15.5 5.660000e+03 5.645380e+03 5.673402e+03 5.688022e+03
16.5 5.607810e+03 5.643052e+03 5.671372e+03 5.636130e+03
17.5 5.580688e+03 5.655826e+03 5.670094e+03 5.594956e+03
18.5 5.621527e+03 5.678055e+03 5.669398e+03 5.612870e+03
19.5 5.717381e+03 5.695226e+03 5.669045e+03 5.691201e+03
20.5 5.702836e+03 5.705679e+03 5.668867e+03 5.666024e+03
21.5 5.703768e+03 5.710159e+03 5.668767e+03 5.662377e+03
22.5 5.709124e+03 5.696319e+03 5.668697e+03 5.681502e+03
0.5 5.688544e+03 5.647241e+03 5.682308e+03 5.723610e+03
1.5 5.726421e+03 5.669624e+03 5.731164e+03 5.787961e+03
2.5 5.713348e+03 5.702567e+03 5.766754e+03 5.777535e+03
3.5 5.759799e+03 5.717537e+03 5.744822e+03 5.787085e+03
4.5 5.792111e+03 5.716349e+03 5.702769e+03 5.778532e+03
5.5 5.731812e+03 5.696769e+03 5.659016e+03 5.694058e+03
