0.5 9.225944e+03 9.275965e+03 9.317208e+03 9.267187e+03
1.5 9.414025e+03 9.346745e+03 9.376017e+03 9.443297e+03
2.5 9.542688e+03 9.607864e+03 9.581163e+03 9.515986e+03
3.5 9.970902e+03 9.889432e+03 9.794340e+03 9.875810e+03
4.5 1.017787e+04 1.005775e+04 9.917161e+03 1.003728e+04
5.5 1.000679e+04 1.012545e+04 9.961957e+03 9.843292e+03
6.5 1.013942e+04 1.006747e+04 9.906590e+03 9.978540e+03
7.5 1.008959e+04 9.792514e+03 9.686533e+03 9.983606e+03
8.5 9.595295e+03 9.490453e+03 9.454601e+03 9.559443e+03
9.5 9.405812e+03 9.305351e+03 9.316532e+03 9.416993e+03
10.5 9.281350e+03 9.229887e+03 9.261715e+03 9.313178e+03
11.5 9.027839e+03 9.218590e+03 9.254435e+03 9.063684e+03
12.5 9.003476e+03 9.237007e+03 9.268730e+03 9.035198e+03
13.5 9.044956e+03 9.263830e+03 9.288730e+03 9.069855e+03
14.5 9.078150e+03 9.287644e+03 9.306082e+03 9.096588e+03
15.5 9.048725e+03 9.301017e+03 9.318071e+03 9.065779e+03
16.5 9.179253e+03 9.290199e+03 9.325213e+03 9.214267e+03
17.5 9.216577e+03 9.255179e+03 9.329083e+03 9.290482e+03
18.5 9.307809e+03 9.230683e+03 9.331106e+03 9.408231e+03
19.5 9.281072e+03 9.224149e+03 9.332196e+03 9.389119e+03
20.5 9.255002e+03 9.229704e+03 9.332842e+03 9.358140e+03
21.5 9.061813e+03 9.255748e+03 9.333272e+03 9.139337e+03
22.5 9.321492e+03 9.301883e+03 9.333580e+03 9.353190e+03
0.5 9.118627e+03 9.318681e+03 9.321390e+03 9.121336e+03
1.5 9.189699e+03 9.382068e+03 9.377995e+03 9.185626e+03
2.5 9.814346e+03 9.636915e+03 9.580750e+03 9.758180e+03
3.5 1.002951e+04 9.912746e+03 9.791375e+03 9.908138e+03
4.5 1.002431e+04 1.007556e+04 9.911535e+03 9.860280e+03
5.5 9.930974e+03 1.013787e+04 9.953598e+03 9.746698e+03
6.5 9.969003e+03 1.007456e+04 9.895459e+03 9.789900e+03
7.5 9.753964e+03 9.794456e+03 9.672695e+03 9.632202e+03
8.5 9.551207e+03 9.487230e+03 9.437989e+03 9.501966e+03
9.5 9.282717e+03 9.296942e+03 9.297082e+03 9.282857e+03
10.5 9.109562e+03 9.216270e+03 9.239367e+03 9.132660e+03
11.5 9.098282e+03 9.199747e+03 9.229132e+03 9.127668e+03
12.5 9.393493e+03 9.212919e+03 9.240416e+03 9.420990e+03
13.5 9.350928e+03 9.234477e+03 9.257348e+03 9.373799e+03
14.5 9.226163e+03 9.253005e+03 9.271578e+03 9.244736e+03
15.5 9.203282e+03 9.261067e+03 9.280388e+03 9.222602e+03
16.5 9.018507e+03 9.244910e+03 9.284291e+03 9.057888e+03
17.5 8.962243e+03 9.204517e+03 9.284862e+03 9.042588e+03
18.5 8.950939e+03 9.174608e+03 9.283519e+03 9.059851e+03
19.5 9.005625e+03 9.162612e+03 9.281176e+03 9.124189e+03
20.5 9.196059e+03 9.162583e+03 9.278300e+03 9.311775e+03
21.5 9.221152e+03 9.182966e+03 9.275123e+03 9.313309e+03
22.5 9.219955e+03 9.223352e+03 9.271732e+03 9.268335e+03
0.5 9.487917e+03 9.204105e+03 9.237870e+03 9.521682e+03
1.5 9.453074e+03 9.261981e+03 9.290491e+03 9.481584e+03
2.5 9.545755e+03 9.510980e+03 9.489000e+03 9.523775e+03
3.5 9.870722e+03 9.780414e+03 9.694953e+03 9.785261e+03
4.5 9.854798e+03 9.936194e+03 9.809958e+03 9.728562e+03
5.5 9.979560e+03 9.990748e+03 9.846428e+03 9.835239e+03
