0.5 1.007162e+04 1.008456e+04 9.999173e+03 9.986230e+03
1.5 1.001226e+04 1.010844e+04 1.003586e+04 9.939690e+03
2.5 1.010030e+04 1.008908e+04 1.006358e+04 1.007480e+04
3.5 1.005865e+04 1.002524e+04 1.004875e+04 1.008216e+04
4.5 9.964216e+03 9.967124e+03 1.001857e+04 1.001566e+04
5.5 9.965719e+03 9.935694e+03 9.996983e+03 1.002701e+04
6.5 9.931598e+03 9.924845e+03 9.986059e+03 9.992812e+03
7.5 9.917620e+03 9.925209e+03 9.982092e+03 9.974503e+03
8.5 9.871911e+03 9.930383e+03 9.982046e+03 9.923574e+03
9.5 9.911459e+03 9.936475e+03 9.983646e+03 9.958631e+03
10.5 9.901387e+03 9.945246e+03 9.975167e+03 9.931308e+03
11.5 9.923842e+03 9.971326e+03 9.940075e+03 9.892590e+03
12.5 9.916547e+03 1.001714e+04 9.913402e+03 9.812807e+03
13.5 1.004179e+04 1.004818e+04 9.928830e+03 9.922435e+03
14.5 1.010279e+04 1.005821e+04 9.959408e+03 1.000399e+04
15.5 9.983053e+03 1.005441e+04 9.991567e+03 9.920214e+03
16.5 1.005530e+04 1.002831e+04 1.003918e+04 1.006617e+04
17.5 1.005857e+04 9.980507e+03 1.007080e+04 1.014887e+04
18.5 9.964514e+03 9.947335e+03 1.005595e+04 1.007313e+04
19.5 9.991699e+03 9.935841e+03 1.002406e+04 1.007991e+04
20.5 9.977759e+03 9.935169e+03 1.000053e+04 1.004312e+04
21.5 9.981452e+03 9.938410e+03 9.988106e+03 1.003115e+04
22.5 9.906755e+03 9.942533e+03 9.983212e+03 9.947433e+03
23.5 9.974248e+03 9.946039e+03 9.982671e+03 1.001088e+04
24.5 9.939090e+03 9.948364e+03 9.984033e+03 9.974759e+03
25.5 9.943481e+03 9.946290e+03 9.975451e+03 9.972642e+03
26.5 9.915924e+03 9.946671e+03 9.940328e+03 9.909582e+03
27.5 1.001640e+04 9.979907e+03 9.913656e+03 9.950146e+03
0.5 9.983053e+03 1.005441e+04 9.991567e+03 9.920214e+03
1.5 1.005530e+04 1.002831e+04 1.003918e+04 1.006617e+04
2.5 1.005857e+04 9.980507e+03 1.007080e+04 1.014887e+04
3.5 9.964514e+03 9.947335e+03 1.005595e+04 1.007313e+04
4.5 9.991699e+03 9.935841e+03 1.002406e+04 1.007991e+04
5.5 9.977759e+03 9.935169e+03 1.000053e+04 1.004312e+04
6.5 9.981452e+03 9.938410e+03 9.988106e+03 1.003115e+04
7.5 9.906755e+03 9.942533e+03 9.983212e+03 9.947433e+03
8.5 9.974248e+03 9.946039e+03 9.982671e+03 1.001088e+04
9.5 9.939090e+03 9.948364e+03 9.984033e+03 9.974759e+03
10.5 9.943481e+03 9.946290e+03 9.975451e+03 9.972642e+03
11.5 9.915924e+03 9.946671e+03 9.940328e+03 9.909582e+03
12.5 1.001640e+04 9.979907e+03 9.913656e+03 9.950146e+03
13.5 1.009893e+04 1.002886e+04 9.929083e+03 9.999156e+03
14.5 1.005981e+04 1.006423e+04 9.959651e+03 9.955228e+03
15.5 1.009971e+04 1.008403e+04 9.991794e+03 1.000747e+04
16.5 1.005111e+04 1.008833e+04 1.003937e+04 1.000214e+04
17.5 1.009641e+04 1.005330e+04 1.007097e+04 1.011407e+04
18.5 1.005417e+04 1.000028e+04 1.005611e+04 1.011000e+04
19.5 9.951674e+03 9.960933e+03 1.002420e+04 1.001494e+04
20.5 9.909100e+03 9.941581e+03 1.000067e+04 9.968185e+03
21.5 9.882801e+03 9.935766e+03 9.988238e+03 9.935273e+03
22.5 9.906898e+03 9.936928e+03 9.983338e+03 9.953308e+03
23.5 9.910554e+03 9.940729e+03 9.982792e+03 9.952617e+03
24.5 9.856126e+03 9.944626e+03 9.984150e+03 9.895650e+03
25.5 9.930469e+03 9.944188e+03 9.975564e+03 9.961846e+03
26.5 9.913272e+03 9.945753e+03 9.940439e+03 9.907958e+03
27.5 9.990506e+03 9.979674e+03 9.913764e+03 9.924595e+03
0.5 1.009971e+04 1.008403e+04 9.991794e+03 1.000747e+04
1.5 1.005111e+04 1.008833e+04 1.003937e+04 1.000214e+04
2.5 1.009641e+04 1.005330e+04 1.007097e+04 1.011407e+04
3.5 1.005417e+04 1.000028e+04 1.005611e+04 1.011000e+04
4.5 9.951674e+03 9.960933e+03 1.002420e+04 1.001494e+04
5.5 9.909100e+03 9.941581e+03 1.000067e+04 9.968185e+03
6.5 9.882801e+03 9.935766e+03 9.988238e+03 9.935273e+03
7.5 9.906898e+03 9.936928e+03 9.983338e+03 9.953308e+03
8.5 9.910554e+03 9.940729e+03 9.982792e+03 9.952617e+03
9.5 9.856126e+03 9.944626e+03 9.984150e+03 9.895650e+03
10.5 9.930469e+03 9.944188e+03 9.975564e+03 9.961846e+03
11.5 9.913272e+03 9.945753e+03 9.940439e+03 9.907958e+03
12.5 9.990506e+03 9.979674e+03 9.913764e+03 9.924595e+03
13.5 1.003802e+04 1.002895e+04 9.929189e+03 9.938255e+03
14.5 1.011878e+04 1.006444e+04 9.959756e+03 1.001409e+04
15.5 1.002690e+04 1.008426e+04 9.991899e+03 9.934535e+03
16.5 1.004655e+04 1.008853e+04 1.003947e+04 9.997494e+03
17.5 1.010331e+04 1.005346e+04 1.007107e+04 1.012092e+04
18.5 1.005238e+04 1.000039e+04 1.005621e+04 1.010821e+04
19.5 9.943942e+03 9.960990e+03 1.002431e+04 1.000726e+04
20.5 9.900475e+03 9.941588e+03 1.000078e+04 9.959664e+03
21.5 9.953931e+03 9.935722e+03 9.988352e+03 1.000656e+04
22.5 9.929054e+03 9.936833e+03 9.983455e+03 9.975676e+03
23.5 9.994643e+03 9.940583e+03 9.982913e+03 1.003697e+04
24.5 9.942798e+03 9.944483e+03 9.984276e+03 9.982591e+03
25.5 9.944433e+03 9.951187e+03 9.975696e+03 9.968943e+03
26.5 9.991810e+03 9.975687e+03 9.940576e+03 9.956699e+03
27.5 1.007678e+04 1.002041e+04 9.913908e+03 9.970276e+03
0.5 1.002690e+04 1.008426e+04 9.991899e+03 9.934535e+03
1.5 1.004655e+04 1.008853e+04 1.003947e+04 9.997494e+03
2.5 1.010331e+04 1.005346e+04 1.007107e+04 1.012092e+04
3.5 1.005238e+04 1.000039e+04 1.005621e+04 1.010821e+04
4.5 9.943942e+03 9.960990e+03 1.002431e+04 1.000726e+04
5.5 9.900475e+03 9.941588e+03 1.000078e+04 9.959664e+03
6.5 9.953931e+03 9.935722e+03 9.988352e+03 1.000656e+04
7.5 9.929054e+03 9.936833e+03 9.983455e+03 9.975676e+03
8.5 9.994643e+03 9.940583e+03 9.982913e+03 1.003697e+04
9.5 9.942798e+03 9.944483e+03 9.984276e+03 9.982591e+03
10.5 9.944433e+03 9.951187e+03 9.975696e+03 9.968943e+03
11.5 9.991810e+03 9.975687e+03 9.940576e+03 9.956699e+03
12.5 1.007678e+04 1.002041e+04 9.913908e+03 9.970276e+03
13.5 1.012126e+04 1.005071e+04 9.929340e+03 9.999890e+03
14.5 1.003620e+04 1.006021e+04 9.959916e+03 9.935908e+03
15.5 9.987216e+03 1.005601e+04 9.992067e+03 9.923274e+03
16.5 1.003747e+04 1.002957e+04 1.003965e+04 1.004755e+04
17.5 9.978932e+03 9.981466e+03 1.007126e+04 1.006872e+04
18.5 9.942273e+03 9.948007e+03 1.005641e+04 1.005068e+04
19.5 9.892168e+03 9.936233e+03 1.002452e+04 9.980454e+03
20.5 9.844250e+03 9.935288e+03 1.000100e+04 9.909959e+03
21.5 9.901921e+03 9.938259e+03 9.988586e+03 9.952248e+03
22.5 9.992213e+03 9.942114e+03 9.983703e+03 1.003380e+04
23.5 1.004142e+04 9.945353e+03 9.983175e+03 1.007925e+04
24.5 1.002588e+04 9.947408e+03 9.984553e+03 1.006302e+04
25.5 1.000591e+04 9.945062e+03 9.975989e+03 1.003684e+04
26.5 9.931216e+03 9.945165e+03 9.940887e+03 9.926938e+03
27.5 9.904759e+03 9.978118e+03 9.914236e+03 9.840877e+03
0.5 9.987216e+03 1.005601e+04 9.992067e+03 9.923274e+03
1.5 1.003747e+04 1.002957e+04 1.003965e+04 1.004755e+04
2.5 9.978932e+03 9.981466e+03 1.007126e+04 1.006872e+04
3.5 9.942273e+03 9.948007e+03 1.005641e+04 1.005068e+04
4.5 9.892168e+03 9.936233e+03 1.002452e+04 9.980454e+03
5.5 9.844250e+03 9.935288e+03 1.000100e+04 9.909959e+03
6.5 9.901921e+03 9.938259e+03 9.988586e+03 9.952248e+03
7.5 9.992213e+03 9.942114e+03 9.983703e+03 1.003380e+04
8.5 1.004142e+04 9.945353e+03 9.983175e+03 1.007925e+04
9.5 1.002588e+04 9.947408e+03 9.984553e+03 1.006302e+04
10.5 1.000591e+04 9.945062e+03 9.975989e+03 1.003684e+04
11.5 9.931216e+03 9.945165e+03 9.940887e+03 9.926938e+03
12.5 9.904759e+03 9.978118e+03 9.914236e+03 9.840877e+03
13.5 1.001899e+04 1.002678e+04 9.929687e+03 9.921895e+03
14.5 1.007116e+04 1.006187e+04 9.960302e+03 9.969592e+03
15.5 1.010109e+04 1.008136e+04 9.992496e+03 1.001222e+04
16.5 1.004471e+04 1.008531e+04 1.004010e+04 9.999503e+03
17.5 9.971856e+03 1.004991e+04 1.007172e+04 9.993672e+03
18.5 9.971924e+03 9.996492e+03 1.005688e+04 1.003231e+04
19.5 9.992852e+03 9.956756e+03 1.002499e+04 1.006109e+04
20.5 9.990694e+03 9.937018e+03 1.000148e+04 1.005516e+04
21.5 9.923795e+03 9.930811e+03 9.989087e+03 9.982071e+03
22.5 9.892403e+03 9.931569e+03 9.984231e+03 9.945064e+03
23.5 9.870269e+03 9.934948e+03 9.983734e+03 9.919056e+03
24.5 9.928559e+03 9.938455e+03 9.985145e+03 9.975248e+03
25.5 1.001712e+04 9.944742e+03 9.976615e+03 1.004900e+04
26.5 1.001039e+04 9.968797e+03 9.941555e+03 9.983153e+03
27.5 1.003499e+04 1.001303e+04 9.914984e+03 9.936941e+03
0.5 1.010109e+04 1.008136e+04 9.992496e+03 1.001222e+04
1.5 1.004471e+04 1.008531e+04 1.004010e+04 9.999503e+03
2.5 9.971856e+03 1.004991e+04 1.007172e+04 9.993672e+03
3.5 9.971924e+03 9.996492e+03 1.005688e+04 1.003231e+04
4.5 9.992852e+03 9.956756e+03 1.002499e+04 1.006109e+04
5.5 9.990694e+03 9.937018e+03 1.000148e+04 1.005516e+04
6.5 9.923795e+03 9.930811e+03 9.989087e+03 9.982071e+03
7.5 9.892403e+03 9.931569e+03 9.984231e+03 9.945064e+03
8.5 9.870269e+03 9.934948e+03 9.983734e+03 9.919056e+03
9.5 9.928559e+03 9.938455e+03 9.985145e+03 9.975248e+03
10.5 1.001712e+04 9.944742e+03 9.976615e+03 1.004900e+04
11.5 1.001039e+04 9.968797e+03 9.941555e+03 9.983153e+03
12.5 1.003499e+04 1.001303e+04 9.914984e+03 9.936941e+03
13.5 1.009591e+04 1.004277e+04 9.930549e+03 9.983690e+03
14.5 1.004065e+04 1.005156e+04 9.961174e+03 9.950261e+03
15.5 1.007672e+04 1.003637e+04 9.983018e+03 1.002337e+04
