0.5 8.894137e+03 8.867479e+03 8.840616e+03 8.867273e+03
1.5 8.767598e+03 8.859672e+03 8.855377e+03 8.763303e+03
2.5 8.842928e+03 8.879800e+03 8.909033e+03 8.872160e+03
3.5 8.977606e+03 8.918490e+03 8.964834e+03 9.023951e+03
4.5 8.845241e+03 8.949067e+03 8.996651e+03 8.892826e+03
5.5 8.912114e+03 8.967986e+03 9.007769e+03 8.951897e+03
6.5 8.912957e+03 8.977041e+03 8.992314e+03 8.928230e+03
7.5 9.052382e+03 8.953533e+03 8.933166e+03 9.032015e+03
8.5 8.981076e+03 8.909949e+03 8.870900e+03 8.942027e+03
9.5 8.801510e+03 8.874767e+03 8.833615e+03 8.760358e+03
10.5 8.839510e+03 8.856258e+03 8.818493e+03 8.801745e+03
11.5 8.876910e+03 8.849775e+03 8.816044e+03 8.843179e+03
12.5 8.964376e+03 8.849751e+03 8.819369e+03 8.933994e+03
13.5 8.887349e+03 8.852399e+03 8.824251e+03 8.859201e+03
14.5 8.887142e+03 8.855418e+03 8.828471e+03 8.860195e+03
15.5 8.923154e+03 8.853797e+03 8.831428e+03 8.900786e+03
16.5 8.745156e+03 8.850246e+03 8.848423e+03 8.743333e+03
17.5 8.912115e+03 8.872966e+03 8.903447e+03 8.942596e+03
18.5 8.931959e+03 8.913231e+03 8.960131e+03 8.978859e+03
19.5 9.002398e+03 8.944851e+03 8.992586e+03 9.050133e+03
20.5 8.930004e+03 8.964562e+03 9.004229e+03 8.969671e+03
21.5 9.034876e+03 8.974296e+03 8.989247e+03 9.049827e+03
22.5 8.945118e+03 8.951417e+03 8.930544e+03 8.924245e+03
0.5 8.923154e+03 8.853797e+03 8.831428e+03 8.900786e+03
1.5 8.745156e+03 8.850246e+03 8.848423e+03 8.743333e+03
2.5 8.912115e+03 8.872966e+03 8.903447e+03 8.942596e+03
3.5 8.931959e+03 8.913231e+03 8.960131e+03 8.978859e+03
4.5 9.002398e+03 8.944851e+03 8.992586e+03 9.050133e+03
5.5 8.930004e+03 8.964562e+03 9.004229e+03 8.969671e+03
6.5 9.034876e+03 8.974296e+03 8.989247e+03 9.049827e+03
7.5 8.945118e+03 8.951417e+03 8.930544e+03 8.924245e+03
8.5 8.933344e+03 8.908435e+03 8.868704e+03 8.893613e+03
9.5 8.868110e+03 8.873838e+03 8.831831e+03 8.826103e+03
10.5 8.935481e+03 8.855901e+03 8.817107e+03 8.896687e+03
11.5 8.668705e+03 8.849976e+03 8.815042e+03 8.633771e+03
12.5 8.837762e+03 8.850499e+03 8.818738e+03 8.806001e+03
13.5 8.937126e+03 8.853679e+03 8.823977e+03 8.907424e+03
14.5 8.783696e+03 8.857276e+03 8.828540e+03 8.754961e+03
15.5 8.809284e+03 8.863160e+03 8.831706e+03 8.777830e+03
16.5 8.901373e+03 8.862159e+03 8.833612e+03 8.872826e+03
17.5 8.844790e+03 8.822806e+03 8.834677e+03 8.856661e+03
18.5 8.791159e+03 8.768507e+03 8.835280e+03 8.857932e+03
19.5 8.760474e+03 8.731051e+03 8.835663e+03 8.865085e+03
20.5 8.487887e+03 8.711672e+03 8.835957e+03 8.612171e+03
21.5 8.576085e+03 8.711629e+03 8.836222e+03 8.700678e+03
22.5 8.678455e+03 8.755698e+03 8.836483e+03 8.759240e+03
0.5 9.024155e+03 8.872078e+03 8.839001e+03 8.991078e+03
1.5 8.861947e+03 8.865849e+03 8.854750e+03 8.850848e+03
2.5 8.880492e+03 8.887543e+03 8.909366e+03 8.902315e+03
3.5 9.017362e+03 8.927788e+03 8.966102e+03 9.055677e+03
4.5 9.060764e+03 8.959918e+03 8.998828e+03 9.099674e+03
5.5 8.961408e+03 8.980409e+03 9.010842e+03 8.991841e+03
6.5 8.924009e+03 8.991030e+03 8.996262e+03 8.929241e+03
7.5 8.972890e+03 8.969083e+03 8.937968e+03 8.941775e+03
8.5 8.808645e+03 8.927053e+03 8.876538e+03 8.758130e+03
9.5 9.036484e+03 8.893425e+03 8.840073e+03 8.983132e+03
10.5 9.071212e+03 8.876480e+03 8.825756e+03 9.020488e+03
11.5 8.893542e+03 8.871576e+03 8.824098e+03 8.846065e+03
12.5 8.994708e+03 8.873152e+03 8.828204e+03 8.949760e+03
13.5 8.901104e+03 8.877425e+03 8.833859e+03 8.857538e+03
14.5 8.916283e+03 8.882156e+03 8.838845e+03 8.872972e+03
15.5 8.999644e+03 8.889222e+03 8.842444e+03 8.952865e+03
16.5 8.906987e+03 8.889453e+03 8.844796e+03 8.862330e+03
17.5 8.824571e+03 8.851389e+03 8.846322e+03 8.819504e+03
18.5 8.777957e+03 8.798477e+03 8.847403e+03 8.826883e+03
19.5 8.829053e+03 8.762502e+03 8.848286e+03 8.914836e+03
20.5 8.723328e+03 8.740492e+03 8.849102e+03 8.831939e+03
