0.5 5.707272e+03 5.683519e+03 5.639022e+03 5.662775e+03
1.5 5.653072e+03 5.702966e+03 5.663796e+03 5.613901e+03
2.5 5.648326e+03 5.734015e+03 5.750215e+03 5.664526e+03
3.5 5.721726e+03 5.747645e+03 5.840018e+03 5.814098e+03
4.5 5.738614e+03 5.745477e+03 5.891758e+03 5.884894e+03
5.5 5.673656e+03 5.734676e+03 5.910628e+03 5.849608e+03
6.5 5.675746e+03 5.706983e+03 5.887304e+03 5.856067e+03
7.5 5.724050e+03 5.669513e+03 5.794603e+03 5.849141e+03
8.5 5.688857e+03 5.651082e+03 5.696900e+03 5.734675e+03
9.5 5.633189e+03 5.649687e+03 5.638737e+03 5.622239e+03
10.5 5.641268e+03 5.653202e+03 5.615645e+03 5.603711e+03
11.5 5.700178e+03 5.656794e+03 5.612578e+03 5.655963e+03
12.5 5.688751e+03 5.659369e+03 5.618600e+03 5.647983e+03
13.5 5.664034e+03 5.660686e+03 5.627025e+03 5.630373e+03
14.5 5.667031e+03 5.660905e+03 5.634335e+03 5.640462e+03
15.5 5.633486e+03 5.658374e+03 5.639386e+03 5.614497e+03
16.5 5.634280e+03 5.655440e+03 5.642394e+03 5.621234e+03
17.5 5.622662e+03 5.667654e+03 5.644024e+03 5.599032e+03
18.5 5.691296e+03 5.689368e+03 5.644876e+03 5.646804e+03
19.5 5.674669e+03 5.706047e+03 5.645336e+03 5.613957e+03
20.5 5.740263e+03 5.716004e+03 5.645608e+03 5.669867e+03
21.5 5.703032e+03 5.720042e+03 5.645789e+03 5.628779e+03
22.5 5.696753e+03 5.705811e+03 5.645919e+03 5.636860e+03
0.5 5.595473e+03 5.652131e+03 5.640784e+03 5.584126e+03
1.5 5.662289e+03 5.674685e+03 5.664629e+03 5.652233e+03
2.5 5.759687e+03 5.707842e+03 5.750041e+03 5.801887e+03
3.5 5.746440e+03 5.723083e+03 5.838769e+03 5.862126e+03
4.5 5.734109e+03 5.722287e+03 5.889388e+03 5.901210e+03
5.5 5.630903e+03 5.712734e+03 5.907107e+03 5.825276e+03
6.5 5.677402e+03 5.686215e+03 5.882615e+03 5.873802e+03
7.5 5.644865e+03 5.649840e+03 5.788774e+03 5.783798e+03
8.5 5.634413e+03 5.632436e+03 5.689902e+03 5.691879e+03
9.5 5.542033e+03 5.632010e+03 5.630544e+03 5.540567e+03
10.5 5.401292e+03 5.636437e+03 5.606231e+03 5.371086e+03
11.5 5.518981e+03 5.640886e+03 5.601919e+03 5.480013e+03
12.5 5.525993e+03 5.644266e+03 5.606673e+03 5.488400e+03
13.5 5.495932e+03 5.646336e+03 5.613805e+03 5.463402e+03
14.5 5.644012e+03 5.647257e+03 5.619800e+03 5.616555e+03
15.5 5.660000e+03 5.645380e+03 5.623511e+03 5.638131e+03
16.5 5.607810e+03 5.643052e+03 5.625155e+03 5.589913e+03
17.5 5.580688e+03 5.655826e+03 5.625396e+03 5.550258e+03
18.5 5.621527e+03 5.678055e+03 5.624830e+03 5.568302e+03
19.5 5.717381e+03 5.695226e+03 5.623843e+03 5.645999e+03
20.5 5.702836e+03 5.705679e+03 5.622631e+03 5.619789e+03
21.5 5.703768e+03 5.710159e+03 5.621293e+03 5.614903e+03
22.5 5.709124e+03 5.696319e+03 5.619865e+03 5.632670e+03
0.5 5.688544e+03 5.647241e+03 5.605600e+03 5.646903e+03
1.5 5.726421e+03 5.669624e+03 5.627767e+03 5.684564e+03
2.5 5.713348e+03 5.702567e+03 5.711391e+03 5.722172e+03
3.5 5.759799e+03 5.717537e+03 5.798151e+03 5.840413e+03
4.5 5.792111e+03 5.716349e+03 5.846597e+03 5.922360e+03
5.5 5.731812e+03 5.696769e+03 5.861960e+03 5.897003e+03
