0.5 9.409817e+03 9.387096e+03 9.327437e+03 9.350157e+03
1.5 9.300588e+03 9.394978e+03 9.344695e+03 9.250305e+03
2.5 9.373236e+03 9.371074e+03 9.357733e+03 9.359895e+03
3.5 9.340553e+03 9.325646e+03 9.350756e+03 9.365663e+03
4.5 9.302895e+03 9.290004e+03 9.336558e+03 9.349449e+03
5.5 9.295964e+03 9.272992e+03 9.326407e+03 9.349379e+03
6.5 9.300032e+03 9.268987e+03 9.321268e+03 9.352313e+03
7.5 9.278214e+03 9.271672e+03 9.319403e+03 9.325945e+03
8.5 9.225381e+03 9.276904e+03 9.319381e+03 9.267858e+03
9.5 9.271414e+03 9.282264e+03 9.320134e+03 9.309283e+03
10.5 9.254771e+03 9.287779e+03 9.316145e+03 9.283137e+03
11.5 9.293310e+03 9.309076e+03 9.299639e+03 9.283874e+03
12.5 9.302925e+03 9.365028e+03 9.287094e+03 9.224991e+03
13.5 9.463978e+03 9.418143e+03 9.294351e+03 9.340185e+03
14.5 9.460489e+03 9.446861e+03 9.308733e+03 9.322361e+03
15.5 9.385224e+03 9.455774e+03 9.323859e+03 9.253309e+03
16.5 9.499706e+03 9.438072e+03 9.346252e+03 9.407886e+03
17.5 9.413268e+03 9.380832e+03 9.361128e+03 9.393564e+03
18.5 9.342687e+03 9.325220e+03 9.354143e+03 9.371611e+03
19.5 9.303218e+03 9.294670e+03 9.339141e+03 9.347688e+03
20.5 9.296256e+03 9.284006e+03 9.328074e+03 9.340324e+03
21.5 9.269001e+03 9.284050e+03 9.322231e+03 9.307182e+03
22.5 9.232671e+03 9.288688e+03 9.319929e+03 9.263912e+03
23.5 9.262361e+03 9.294282e+03 9.319675e+03 9.287754e+03
24.5 9.291291e+03 9.298977e+03 9.320315e+03 9.312630e+03
25.5 9.232258e+03 9.300928e+03 9.316279e+03 9.247609e+03
26.5 9.265504e+03 9.296378e+03 9.299759e+03 9.268885e+03
27.5 9.335633e+03 9.287220e+03 9.287213e+03 9.335627e+03
0.5 9.385224e+03 9.455774e+03 9.323859e+03 9.253309e+03
1.5 9.499706e+03 9.438072e+03 9.346252e+03 9.407886e+03
2.5 9.413268e+03 9.380832e+03 9.361128e+03 9.393564e+03
3.5 9.342687e+03 9.325220e+03 9.354143e+03 9.371611e+03
4.5 9.303218e+03 9.294670e+03 9.339141e+03 9.347688e+03
5.5 9.296256e+03 9.284006e+03 9.328074e+03 9.340324e+03
6.5 9.269001e+03 9.284050e+03 9.322231e+03 9.307182e+03
7.5 9.232671e+03 9.288688e+03 9.319929e+03 9.263912e+03
8.5 9.262361e+03 9.294282e+03 9.319675e+03 9.287754e+03
9.5 9.291291e+03 9.298977e+03 9.320315e+03 9.312630e+03
10.5 9.232258e+03 9.300928e+03 9.316279e+03 9.247609e+03
11.5 9.265504e+03 9.296378e+03 9.299759e+03 9.268885e+03
12.5 9.335633e+03 9.287220e+03 9.287213e+03 9.335627e+03
13.5 9.302635e+03 9.282789e+03 9.294469e+03 9.314315e+03
14.5 9.280154e+03 9.283169e+03 9.308847e+03 9.305832e+03
15.5 9.297362e+03 9.286298e+03 9.323966e+03 9.335030e+03
16.5 9.272839e+03 9.294741e+03 9.346343e+03 9.324441e+03
17.5 9.308175e+03 9.306686e+03 9.361204e+03 9.362694e+03
18.5 9.364214e+03 9.313047e+03 9.354216e+03 9.405382e+03
19.5 9.296256e+03 9.313999e+03 9.339209e+03 9.321466e+03
20.5 9.307867e+03 9.313155e+03 9.328139e+03 9.322851e+03
21.5 9.233309e+03 9.312080e+03 9.322293e+03 9.243522e+03
22.5 9.343247e+03 9.311199e+03 9.319989e+03 9.352036e+03
23.5 9.223635e+03 9.310646e+03 9.319732e+03 9.232721e+03
24.5 9.224520e+03 9.310392e+03 9.320370e+03 9.234498e+03
25.5 9.382783e+03 9.308998e+03 9.316332e+03 9.390117e+03
26.5 9.308613e+03 9.302383e+03 9.299811e+03 9.306041e+03
27.5 9.350797e+03 9.291958e+03 9.287264e+03 9.346102e+03
0.5 9.297362e+03 9.286298e+03 9.323966e+03 9.335030e+03
1.5 9.272839e+03 9.294741e+03 9.346343e+03 9.324441e+03
2.5 9.308175e+03 9.306686e+03 9.361204e+03 9.362694e+03
3.5 9.364214e+03 9.313047e+03 9.354216e+03 9.405382e+03
4.5 9.296256e+03 9.313999e+03 9.339209e+03 9.321466e+03
5.5 9.307867e+03 9.313155e+03 9.328139e+03 9.322851e+03
6.5 9.233309e+03 9.312080e+03 9.322293e+03 9.243522e+03
7.5 9.343247e+03 9.311199e+03 9.319989e+03 9.352036e+03
8.5 9.223635e+03 9.310646e+03 9.319732e+03 9.232721e+03
9.5 9.224520e+03 9.310392e+03 9.320370e+03 9.234498e+03
10.5 9.382783e+03 9.308998e+03 9.316332e+03 9.390117e+03
11.5 9.308613e+03 9.302383e+03 9.299811e+03 9.306041e+03
12.5 9.350797e+03 9.291958e+03 9.287264e+03 9.346102e+03
13.5 9.355500e+03 9.286682e+03 9.294519e+03 9.363337e+03
14.5 9.340272e+03 9.286415e+03 9.308897e+03 9.362754e+03
15.5 9.267719e+03 9.288987e+03 9.324015e+03 9.302748e+03
16.5 9.295141e+03 9.296913e+03 9.346392e+03 9.344620e+03
17.5 9.326352e+03 9.308362e+03 9.361254e+03 9.379245e+03
18.5 9.310787e+03 9.314242e+03 9.354266e+03 9.350810e+03
19.5 9.347510e+03 9.314725e+03 9.339260e+03 9.372046e+03
20.5 9.355992e+03 9.313422e+03 9.328191e+03 9.370761e+03
21.5 9.309752e+03 9.311898e+03 9.322347e+03 9.320201e+03
22.5 9.278531e+03 9.310579e+03 9.320044e+03 9.287995e+03
23.5 9.279257e+03 9.309598e+03 9.319789e+03 9.289448e+03
24.5 9.363767e+03 9.308944e+03 9.320430e+03 9.375253e+03
25.5 9.251832e+03 9.309641e+03 9.316394e+03 9.258585e+03
26.5 9.278592e+03 9.327381e+03 9.299876e+03 9.251087e+03
27.5 9.473713e+03 9.380694e+03 9.287332e+03 9.380351e+03
0.5 9.267719e+03 9.288987e+03 9.324015e+03 9.302748e+03
1.5 9.295141e+03 9.296913e+03 9.346392e+03 9.344620e+03
2.5 9.326352e+03 9.308362e+03 9.361254e+03 9.379245e+03
3.5 9.310787e+03 9.314242e+03 9.354266e+03 9.350810e+03
4.5 9.347510e+03 9.314725e+03 9.339260e+03 9.372046e+03
5.5 9.355992e+03 9.313422e+03 9.328191e+03 9.370761e+03
6.5 9.309752e+03 9.311898e+03 9.322347e+03 9.320201e+03
7.5 9.278531e+03 9.310579e+03 9.320044e+03 9.287995e+03
8.5 9.279257e+03 9.309598e+03 9.319789e+03 9.289448e+03
9.5 9.363767e+03 9.308944e+03 9.320430e+03 9.375253e+03
10.5 9.251832e+03 9.309641e+03 9.316394e+03 9.258585e+03
11.5 9.278592e+03 9.327381e+03 9.299876e+03 9.251087e+03
12.5 9.473713e+03 9.380694e+03 9.287332e+03 9.380351e+03
13.5 9.429590e+03 9.431726e+03 9.294591e+03 9.292455e+03
14.5 9.464200e+03 9.458658e+03 9.308972e+03 9.314514e+03
15.5 9.416564e+03 9.465940e+03 9.324094e+03 9.274718e+03
16.5 9.440869e+03 9.446686e+03 9.346475e+03 9.340658e+03
17.5 9.421248e+03 9.387975e+03 9.361342e+03 9.394615e+03
18.5 9.366724e+03 9.330917e+03 9.354359e+03 9.390166e+03
19.5 9.351154e+03 9.298942e+03 9.339358e+03 9.391570e+03
20.5 9.265024e+03 9.286867e+03 9.328295e+03 9.306452e+03
21.5 9.270764e+03 9.285517e+03 9.322457e+03 9.307703e+03
22.5 9.357855e+03 9.288777e+03 9.320160e+03 9.389239e+03
23.5 9.374858e+03 9.293006e+03 9.319912e+03 9.401764e+03
24.5 9.359830e+03 9.296349e+03 9.320560e+03 9.384042e+03
25.5 9.269243e+03 9.296959e+03 9.316532e+03 9.288816e+03
26.5 9.223920e+03 9.291078e+03 9.300021e+03 9.232864e+03
27.5 9.227882e+03 9.280597e+03 9.287486e+03 9.234772e+03
0.5 9.416564e+03 9.465940e+03 9.324094e+03 9.274718e+03
1.5 9.440869e+03 9.446686e+03 9.346475e+03 9.340658e+03
2.5 9.421248e+03 9.387975e+03 9.361342e+03 9.394615e+03
3.5 9.366724e+03 9.330917e+03 9.354359e+03 9.390166e+03
4.5 9.351154e+03 9.298942e+03 9.339358e+03 9.391570e+03
5.5 9.265024e+03 9.286867e+03 9.328295e+03 9.306452e+03
6.5 9.270764e+03 9.285517e+03 9.322457e+03 9.307703e+03
7.5 9.357855e+03 9.288777e+03 9.320160e+03 9.389239e+03
8.5 9.374858e+03 9.293006e+03 9.319912e+03 9.401764e+03
9.5 9.359830e+03 9.296349e+03 9.320560e+03 9.384042e+03
10.5 9.269243e+03 9.296959e+03 9.316532e+03 9.288816e+03
11.5 9.223920e+03 9.291078e+03 9.300021e+03 9.232864e+03
12.5 9.227882e+03 9.280597e+03 9.287486e+03 9.234772e+03
13.5 9.183622e+03 9.274849e+03 9.294754e+03 9.203527e+03
14.5 9.249728e+03 9.273926e+03 9.309153e+03 9.284956e+03
15.5 9.266697e+03 9.275724e+03 9.324296e+03 9.315269e+03
16.5 9.264799e+03 9.282820e+03 9.346689e+03 9.328668e+03
17.5 9.305299e+03 9.293404e+03 9.361562e+03 9.373457e+03
18.5 9.212353e+03 9.298400e+03 9.354579e+03 9.268531e+03
19.5 9.320357e+03 9.297988e+03 9.339579e+03 9.361949e+03
20.5 9.316071e+03 9.295778e+03 9.328521e+03 9.348814e+03
21.5 9.256644e+03 9.293326e+03 9.322693e+03 9.286011e+03
22.5 9.288791e+03 9.291049e+03 9.320408e+03 9.318150e+03
23.5 9.300026e+03 9.289074e+03 9.320175e+03 9.331127e+03
24.5 9.338132e+03 9.287382e+03 9.320838e+03 9.371588e+03
25.5 9.304492e+03 9.286996e+03 9.316826e+03 9.334322e+03
26.5 9.326843e+03 9.303599e+03 9.300336e+03 9.323579e+03
27.5 9.459012e+03 9.355706e+03 9.287838e+03 9.391144e+03
0.5 9.266697e+03 9.275724e+03 9.324296e+03 9.315269e+03
1.5 9.264799e+03 9.282820e+03 9.346689e+03 9.328668e+03
2.5 9.305299e+03 9.293404e+03 9.361562e+03 9.373457e+03
3.5 9.212353e+03 9.298400e+03 9.354579e+03 9.268531e+03
4.5 9.320357e+03 9.297988e+03 9.339579e+03 9.361949e+03
5.5 9.316071e+03 9.295778e+03 9.328521e+03 9.348814e+03
6.5 9.256644e+03 9.293326e+03 9.322693e+03 9.286011e+03
7.5 9.288791e+03 9.291049e+03 9.320408e+03 9.318150e+03
8.5 9.300026e+03 9.289074e+03 9.320175e+03 9.331127e+03
9.5 9.338132e+03 9.287382e+03 9.320838e+03 9.371588e+03
10.5 9.304492e+03 9.286996e+03 9.316826e+03 9.334322e+03
11.5 9.326843e+03 9.303599e+03 9.300336e+03 9.323579e+03
12.5 9.459012e+03 9.355706e+03 9.287838e+03 9.391144e+03
13.5 9.438982e+03 9.405419e+03 9.295159e+03 9.328721e+03
14.5 9.415414e+03 9.430873e+03 9.309564e+03 9.294105e+03
15.5 9.422974e+03 9.431791e+03 9.319838e+03 9.311021e+03
