0.5 5.531769e+03 5.534212e+03 5.560340e+03 5.557896e+03
1.5 5.555763e+03 5.583160e+03 5.577712e+03 5.550314e+03
2.5 5.666195e+03 5.669585e+03 5.640817e+03 5.637427e+03
3.5 5.730450e+03 5.719640e+03 5.706509e+03 5.717318e+03
4.5 5.765310e+03 5.727570e+03 5.744075e+03 5.781815e+03
5.5 5.703675e+03 5.719302e+03 5.757485e+03 5.741858e+03
6.5 5.697431e+03 5.707612e+03 5.757629e+03 5.747448e+03
7.5 5.686204e+03 5.696679e+03 5.752075e+03 5.741599e+03
8.5 5.722318e+03 5.688211e+03 5.745315e+03 5.779423e+03
9.5 5.744711e+03 5.682542e+03 5.739660e+03 5.801830e+03
10.5 5.707272e+03 5.683519e+03 5.735660e+03 5.759413e+03
11.5 5.653072e+03 5.702966e+03 5.715273e+03 5.665379e+03
12.5 5.648326e+03 5.734015e+03 5.650290e+03 5.564601e+03
13.5 5.721726e+03 5.747645e+03 5.583394e+03 5.557474e+03
14.5 5.738614e+03 5.745477e+03 5.544980e+03 5.538117e+03
15.5 5.673656e+03 5.734676e+03 5.531044e+03 5.470023e+03
16.5 5.675746e+03 5.706983e+03 5.548411e+03 5.517174e+03
17.5 5.724050e+03 5.669513e+03 5.617176e+03 5.671713e+03
18.5 5.688857e+03 5.651082e+03 5.689664e+03 5.727438e+03
19.5 5.633189e+03 5.649687e+03 5.732882e+03 5.716384e+03
20.5 5.641268e+03 5.653202e+03 5.750136e+03 5.738202e+03
21.5 5.700178e+03 5.656794e+03 5.752565e+03 5.795950e+03
22.5 5.688751e+03 5.659369e+03 5.748265e+03 5.777647e+03
23.5 5.664034e+03 5.660686e+03 5.742184e+03 5.745531e+03
24.5 5.667031e+03 5.660905e+03 5.736924e+03 5.743051e+03
25.5 5.633486e+03 5.658374e+03 5.733191e+03 5.708303e+03
26.5 5.634280e+03 5.655440e+03 5.713022e+03 5.691862e+03
27.5 5.622662e+03 5.667654e+03 5.648255e+03 5.603263e+03
0.5 5.673656e+03 5.734676e+03 5.531044e+03 5.470023e+03
1.5 5.675746e+03 5.706983e+03 5.548411e+03 5.517174e+03
2.5 5.724050e+03 5.669513e+03 5.617176e+03 5.671713e+03
3.5 5.688857e+03 5.651082e+03 5.689664e+03 5.727438e+03
4.5 5.633189e+03 5.649687e+03 5.732882e+03 5.716384e+03
5.5 5.641268e+03 5.653202e+03 5.750136e+03 5.738202e+03
6.5 5.700178e+03 5.656794e+03 5.752565e+03 5.795950e+03
7.5 5.688751e+03 5.659369e+03 5.748265e+03 5.777647e+03
8.5 5.664034e+03 5.660686e+03 5.742184e+03 5.745531e+03
9.5 5.667031e+03 5.660905e+03 5.736924e+03 5.743051e+03
10.5 5.633486e+03 5.658374e+03 5.733191e+03 5.708303e+03
11.5 5.634280e+03 5.655440e+03 5.713022e+03 5.691862e+03
12.5 5.622662e+03 5.667654e+03 5.648255e+03 5.603263e+03
13.5 5.691296e+03 5.689368e+03 5.581577e+03 5.583505e+03
14.5 5.674669e+03 5.706047e+03 5.543377e+03 5.511999e+03
15.5 5.740263e+03 5.716004e+03 5.529644e+03 5.553903e+03
16.5 5.703032e+03 5.720042e+03 5.547198e+03 5.530188e+03
17.5 5.696753e+03 5.705811e+03 5.616106e+03 5.607048e+03
18.5 5.721612e+03 5.680987e+03 5.688729e+03 5.729353e+03
19.5 5.712979e+03 5.661266e+03 5.732076e+03 5.783790e+03
20.5 5.652338e+03 5.650895e+03 5.749452e+03 5.750895e+03
21.5 5.585130e+03 5.647175e+03 5.751997e+03 5.689952e+03
22.5 5.668887e+03 5.647000e+03 5.747808e+03 5.769696e+03
23.5 5.614789e+03 5.648265e+03 5.741833e+03 5.708356e+03
24.5 5.647023e+03 5.649706e+03 5.736676e+03 5.733993e+03
25.5 5.671013e+03 5.648680e+03 5.733043e+03 5.755375e+03
26.5 5.707046e+03 5.647036e+03 5.712970e+03 5.772980e+03
27.5 5.755560e+03 5.660204e+03 5.648297e+03 5.743654e+03
0.5 5.740263e+03 5.716004e+03 5.529644e+03 5.553903e+03
1.5 5.703032e+03 5.720042e+03 5.547198e+03 5.530188e+03
2.5 5.696753e+03 5.705811e+03 5.616106e+03 5.607048e+03
3.5 5.721612e+03 5.680987e+03 5.688729e+03 5.729353e+03
4.5 5.712979e+03 5.661266e+03 5.732076e+03 5.783790e+03
5.5 5.652338e+03 5.650895e+03 5.749452e+03 5.750895e+03
6.5 5.585130e+03 5.647175e+03 5.751997e+03 5.689952e+03
7.5 5.668887e+03 5.647000e+03 5.747808e+03 5.769696e+03
8.5 5.614789e+03 5.648265e+03 5.741833e+03 5.708356e+03
9.5 5.647023e+03 5.649706e+03 5.736676e+03 5.733993e+03
10.5 5.671013e+03 5.648680e+03 5.733043e+03 5.755375e+03
11.5 5.707046e+03 5.647036e+03 5.712970e+03 5.772980e+03
12.5 5.755560e+03 5.660204e+03 5.648297e+03 5.743654e+03
13.5 5.792548e+03 5.682599e+03 5.581713e+03 5.691662e+03
14.5 5.792282e+03 5.699786e+03 5.543605e+03 5.636101e+03
15.5 5.710767e+03 5.710151e+03 5.529962e+03 5.530578e+03
16.5 5.623205e+03 5.714542e+03 5.547608e+03 5.456270e+03
17.5 5.672139e+03 5.700632e+03 5.616608e+03 5.588114e+03
18.5 5.713925e+03 5.676106e+03 5.689323e+03 5.727143e+03
19.5 5.742682e+03 5.656661e+03 5.732764e+03 5.818785e+03
20.5 5.758328e+03 5.646551e+03 5.750236e+03 5.862014e+03
21.5 5.685829e+03 5.643075e+03 5.752880e+03 5.795634e+03
22.5 5.632625e+03 5.643128e+03 5.748792e+03 5.738289e+03
23.5 5.609110e+03 5.644608e+03 5.742923e+03 5.707425e+03
24.5 5.587180e+03 5.646300e+03 5.737876e+03 5.678756e+03
25.5 5.595473e+03 5.652131e+03 5.734356e+03 5.677698e+03
26.5 5.662289e+03 5.674685e+03 5.714402e+03 5.702007e+03
27.5 5.759687e+03 5.707842e+03 5.649854e+03 5.701699e+03
0.5 5.710767e+03 5.710151e+03 5.529962e+03 5.530578e+03
1.5 5.623205e+03 5.714542e+03 5.547608e+03 5.456270e+03
2.5 5.672139e+03 5.700632e+03 5.616608e+03 5.588114e+03
3.5 5.713925e+03 5.676106e+03 5.689323e+03 5.727143e+03
4.5 5.742682e+03 5.656661e+03 5.732764e+03 5.818785e+03
5.5 5.758328e+03 5.646551e+03 5.750236e+03 5.862014e+03
6.5 5.685829e+03 5.643075e+03 5.752880e+03 5.795634e+03
7.5 5.632625e+03 5.643128e+03 5.748792e+03 5.738289e+03
8.5 5.609110e+03 5.644608e+03 5.742923e+03 5.707425e+03
9.5 5.587180e+03 5.646300e+03 5.737876e+03 5.678756e+03
10.5 5.595473e+03 5.652131e+03 5.734356e+03 5.677698e+03
11.5 5.662289e+03 5.674685e+03 5.714402e+03 5.702007e+03
12.5 5.759687e+03 5.707842e+03 5.649854e+03 5.701699e+03
13.5 5.746440e+03 5.723083e+03 5.583400e+03 5.606757e+03
14.5 5.734109e+03 5.722287e+03 5.545430e+03 5.557252e+03
15.5 5.630903e+03 5.712734e+03 5.531932e+03 5.450101e+03
16.5 5.677402e+03 5.686215e+03 5.549730e+03 5.540917e+03
17.5 5.644865e+03 5.649840e+03 5.618891e+03 5.613916e+03
18.5 5.634413e+03 5.632436e+03 5.691778e+03 5.693755e+03
19.5 5.542033e+03 5.632010e+03 5.735399e+03 5.645422e+03
20.5 5.401292e+03 5.636437e+03 5.753062e+03 5.517917e+03
21.5 5.518981e+03 5.640886e+03 5.755908e+03 5.634002e+03
22.5 5.525993e+03 5.644266e+03 5.752034e+03 5.633761e+03
23.5 5.495932e+03 5.646336e+03 5.746390e+03 5.595986e+03
24.5 5.644012e+03 5.647257e+03 5.741582e+03 5.738338e+03
25.5 5.660000e+03 5.645380e+03 5.738316e+03 5.752936e+03
26.5 5.607810e+03 5.643052e+03 5.718631e+03 5.683389e+03
27.5 5.580688e+03 5.655826e+03 5.654366e+03 5.579228e+03
0.5 5.630903e+03 5.712734e+03 5.531932e+03 5.450101e+03
1.5 5.677402e+03 5.686215e+03 5.549730e+03 5.540917e+03
2.5 5.644865e+03 5.649840e+03 5.618891e+03 5.613916e+03
3.5 5.634413e+03 5.632436e+03 5.691778e+03 5.693755e+03
4.5 5.542033e+03 5.632010e+03 5.735399e+03 5.645422e+03
5.5 5.401292e+03 5.636437e+03 5.753062e+03 5.517917e+03
6.5 5.518981e+03 5.640886e+03 5.755908e+03 5.634002e+03
7.5 5.525993e+03 5.644266e+03 5.752034e+03 5.633761e+03
8.5 5.495932e+03 5.646336e+03 5.746390e+03 5.595986e+03
9.5 5.644012e+03 5.647257e+03 5.741582e+03 5.738338e+03
10.5 5.660000e+03 5.645380e+03 5.738316e+03 5.752936e+03
11.5 5.607810e+03 5.643052e+03 5.718631e+03 5.683389e+03
12.5 5.580688e+03 5.655826e+03 5.654366e+03 5.579228e+03
13.5 5.621527e+03 5.678055e+03 5.588213e+03 5.531685e+03
14.5 5.717381e+03 5.695226e+03 5.550560e+03 5.572715e+03
15.5 5.702836e+03 5.705679e+03 5.537431e+03 5.534588e+03
16.5 5.703768e+03 5.710159e+03 5.555623e+03 5.549232e+03
17.5 5.709124e+03 5.696319e+03 5.625198e+03 5.638003e+03
18.5 5.673481e+03 5.671817e+03 5.698501e+03 5.700165e+03
19.5 5.737287e+03 5.652356e+03 5.742538e+03 5.827469e+03
20.5 5.731636e+03 5.642199e+03 5.760624e+03 5.850061e+03
21.5 5.645721e+03 5.638654e+03 5.763906e+03 5.770973e+03
22.5 5.699295e+03 5.638618e+03 5.760490e+03 5.821167e+03
23.5 5.708724e+03 5.639990e+03 5.755332e+03 5.824065e+03
24.5 5.653148e+03 5.641556e+03 5.751038e+03 5.762629e+03
25.5 5.688544e+03 5.647241e+03 5.748315e+03 5.789617e+03
26.5 5.726421e+03 5.669624e+03 5.729204e+03 5.786000e+03
27.5 5.713348e+03 5.702567e+03 5.665560e+03 5.676340e+03
0.5 5.702836e+03 5.705679e+03 5.537431e+03 5.534588e+03
1.5 5.703768e+03 5.710159e+03 5.555623e+03 5.549232e+03
2.5 5.709124e+03 5.696319e+03 5.625198e+03 5.638003e+03
3.5 5.673481e+03 5.671817e+03 5.698501e+03 5.700165e+03
4.5 5.737287e+03 5.652356e+03 5.742538e+03 5.827469e+03
5.5 5.731636e+03 5.642199e+03 5.760624e+03 5.850061e+03
6.5 5.645721e+03 5.638654e+03 5.763906e+03 5.770973e+03
7.5 5.699295e+03 5.638618e+03 5.760490e+03 5.821167e+03
8.5 5.708724e+03 5.639990e+03 5.755332e+03 5.824065e+03
9.5 5.653148e+03 5.641556e+03 5.751038e+03 5.762629e+03
10.5 5.688544e+03 5.647241e+03 5.748315e+03 5.789617e+03
11.5 5.726421e+03 5.669624e+03 5.729204e+03 5.786000e+03
12.5 5.713348e+03 5.702567e+03 5.665560e+03 5.676340e+03
13.5 5.759799e+03 5.717537e+03 5.600119e+03 5.642382e+03
14.5 5.792111e+03 5.716349e+03 5.563287e+03 5.639049e+03
15.5 5.731812e+03 5.696769e+03 5.550892e+03 5.585935e+03
