0.5 5.633486e+03 5.658374e+03 5.678707e+03 5.653818e+03
1.5 5.634280e+03 5.655440e+03 5.704734e+03 5.683574e+03
2.5 5.622662e+03 5.667654e+03 5.724416e+03 5.679424e+03
3.5 5.691296e+03 5.689368e+03 5.713902e+03 5.715830e+03
4.5 5.674669e+03 5.706047e+03 5.692428e+03 5.661050e+03
5.5 5.740263e+03 5.716004e+03 5.669723e+03 5.693982e+03
6.5 5.703032e+03 5.720042e+03 5.635988e+03 5.618978e+03
7.5 5.696753e+03 5.705811e+03 5.613538e+03 5.604479e+03
8.5 5.721612e+03 5.680987e+03 5.624067e+03 5.664691e+03
9.5 5.712979e+03 5.661266e+03 5.646725e+03 5.698439e+03
10.5 5.652338e+03 5.650895e+03 5.663460e+03 5.664903e+03
11.5 5.585130e+03 5.647175e+03 5.672320e+03 5.610274e+03
12.5 5.668887e+03 5.647000e+03 5.675839e+03 5.697727e+03
13.5 5.614789e+03 5.648265e+03 5.676266e+03 5.642789e+03
14.5 5.647023e+03 5.649706e+03 5.675340e+03 5.672657e+03
15.5 5.671013e+03 5.648680e+03 5.681473e+03 5.703805e+03
16.5 5.707046e+03 5.647036e+03 5.706467e+03 5.766477e+03
17.5 5.755560e+03 5.660204e+03 5.725499e+03 5.820856e+03
18.5 5.792548e+03 5.682599e+03 5.714634e+03 5.824583e+03
19.5 5.792282e+03 5.699786e+03 5.692989e+03 5.785485e+03
20.5 5.710767e+03 5.710151e+03 5.670204e+03 5.670820e+03
21.5 5.623205e+03 5.714542e+03 5.636430e+03 5.545093e+03
22.5 5.672139e+03 5.700632e+03 5.613957e+03 5.585464e+03
0.5 5.671013e+03 5.648680e+03 5.681473e+03 5.703805e+03
1.5 5.707046e+03 5.647036e+03 5.706467e+03 5.766477e+03
2.5 5.755560e+03 5.660204e+03 5.725499e+03 5.820856e+03
3.5 5.792548e+03 5.682599e+03 5.714634e+03 5.824583e+03
4.5 5.792282e+03 5.699786e+03 5.692989e+03 5.785485e+03
5.5 5.710767e+03 5.710151e+03 5.670204e+03 5.670820e+03
6.5 5.623205e+03 5.714542e+03 5.636430e+03 5.545093e+03
7.5 5.672139e+03 5.700632e+03 5.613957e+03 5.585464e+03
8.5 5.713925e+03 5.676106e+03 5.624470e+03 5.662290e+03
9.5 5.742682e+03 5.656661e+03 5.647114e+03 5.733135e+03
10.5 5.758328e+03 5.646551e+03 5.663837e+03 5.775614e+03
11.5 5.685829e+03 5.643075e+03 5.672683e+03 5.715437e+03
12.5 5.632625e+03 5.643128e+03 5.676188e+03 5.665685e+03
13.5 5.609110e+03 5.644608e+03 5.676603e+03 5.641104e+03
14.5 5.587180e+03 5.646300e+03 5.675605e+03 5.616485e+03
15.5 5.595473e+03 5.652131e+03 5.674327e+03 5.617669e+03
16.5 5.662289e+03 5.674685e+03 5.673317e+03 5.660921e+03
17.5 5.759687e+03 5.707842e+03 5.672691e+03 5.724536e+03
18.5 5.746440e+03 5.723083e+03 5.672363e+03 5.695720e+03
19.5 5.734109e+03 5.722287e+03 5.672215e+03 5.684037e+03
20.5 5.630903e+03 5.712734e+03 5.672158e+03 5.590327e+03
21.5 5.677402e+03 5.686215e+03 5.672142e+03 5.663329e+03
22.5 5.644865e+03 5.649840e+03 5.672142e+03 5.667167e+03
0.5 5.660000e+03 5.645380e+03 5.679669e+03 5.694289e+03
1.5 5.607810e+03 5.643052e+03 5.705670e+03 5.670428e+03
2.5 5.580688e+03 5.655826e+03 5.725326e+03 5.650188e+03
3.5 5.621527e+03 5.678055e+03 5.714786e+03 5.658258e+03
4.5 5.717381e+03 5.695226e+03 5.693294e+03 5.715450e+03
5.5 5.702836e+03 5.705679e+03 5.670572e+03 5.667729e+03
6.5 5.703768e+03 5.710159e+03 5.636817e+03 5.630426e+03
7.5 5.709124e+03 5.696319e+03 5.614347e+03 5.627153e+03
8.5 5.673481e+03 5.671817e+03 5.624860e+03 5.626523e+03
9.5 5.737287e+03 5.652356e+03 5.647501e+03 5.732432e+03
10.5 5.731636e+03 5.642199e+03 5.664223e+03 5.753661e+03
11.5 5.645721e+03 5.638654e+03 5.673071e+03 5.680138e+03
12.5 5.699295e+03 5.638618e+03 5.676580e+03 5.737257e+03
13.5 5.708724e+03 5.639990e+03 5.677000e+03 5.745734e+03
14.5 5.653148e+03 5.641556e+03 5.676011e+03 5.687602e+03
15.5 5.688544e+03 5.647241e+03 5.674744e+03 5.716047e+03
16.5 5.726421e+03 5.669624e+03 5.673747e+03 5.730544e+03
17.5 5.713348e+03 5.702567e+03 5.673136e+03 5.683917e+03
18.5 5.759799e+03 5.717537e+03 5.672827e+03 5.715089e+03
19.5 5.792111e+03 5.716349e+03 5.672700e+03 5.748462e+03
20.5 5.731812e+03 5.696769e+03 5.672666e+03 5.707708e+03
