0.5 7.592249e+03 7.569402e+03 7.547764e+03 7.570610e+03
1.5 7.567022e+03 7.596788e+03 7.574199e+03 7.544433e+03
2.5 7.564302e+03 7.661408e+03 7.666415e+03 7.569308e+03
3.5 7.710240e+03 7.714514e+03 7.762241e+03 7.757967e+03
4.5 7.755099e+03 7.737834e+03 7.817451e+03 7.834715e+03
5.5 7.670868e+03 7.739177e+03 7.837587e+03 7.769278e+03
6.5 7.710521e+03 7.708102e+03 7.812699e+03 7.815118e+03
7.5 7.716922e+03 7.637016e+03 7.713780e+03 7.793687e+03
8.5 7.615217e+03 7.577556e+03 7.609524e+03 7.647185e+03
9.5 7.544639e+03 7.549304e+03 7.547460e+03 7.542794e+03
10.5 7.550973e+03 7.541226e+03 7.522819e+03 7.532566e+03
11.5 7.539967e+03 7.542655e+03 7.519546e+03 7.516858e+03
12.5 7.530445e+03 7.547619e+03 7.525972e+03 7.508798e+03
13.5 7.545518e+03 7.552782e+03 7.534962e+03 7.527698e+03
14.5 7.504300e+03 7.556590e+03 7.542763e+03 7.490472e+03
15.5 7.510970e+03 7.556502e+03 7.548152e+03 7.502620e+03
16.5 7.533593e+03 7.552103e+03 7.551362e+03 7.532852e+03
17.5 7.549134e+03 7.556218e+03 7.553102e+03 7.546018e+03
18.5 7.574150e+03 7.570041e+03 7.554011e+03 7.558120e+03
19.5 7.548616e+03 7.582779e+03 7.554501e+03 7.520338e+03
20.5 7.633265e+03 7.592020e+03 7.554791e+03 7.596037e+03
21.5 7.551212e+03 7.599852e+03 7.554985e+03 7.506345e+03
22.5 7.601470e+03 7.595983e+03 7.555123e+03 7.560610e+03
0.5 7.510140e+03 7.555536e+03 7.549644e+03 7.504247e+03
1.5 7.560015e+03 7.583397e+03 7.575088e+03 7.551706e+03
2.5 7.737585e+03 7.648171e+03 7.666230e+03 7.755644e+03
3.5 7.738671e+03 7.701325e+03 7.760908e+03 7.798255e+03
4.5 7.716717e+03 7.724661e+03 7.814922e+03 7.806979e+03
5.5 7.651185e+03 7.725999e+03 7.833830e+03 7.759016e+03
6.5 7.693828e+03 7.694899e+03 7.807696e+03 7.806625e+03
7.5 7.621281e+03 7.623770e+03 7.707560e+03 7.705072e+03
8.5 7.580172e+03 7.564222e+03 7.602056e+03 7.618006e+03
9.5 7.482686e+03 7.535841e+03 7.538717e+03 7.485562e+03
10.5 7.396498e+03 7.527593e+03 7.512773e+03 7.381678e+03
11.5 7.473000e+03 7.528810e+03 7.508172e+03 7.452362e+03
12.5 7.516040e+03 7.533523e+03 7.513245e+03 7.495761e+03
13.5 7.542022e+03 7.538396e+03 7.520856e+03 7.524482e+03
14.5 7.566584e+03 7.541876e+03 7.527253e+03 7.551961e+03
15.5 7.528712e+03 7.541422e+03 7.531212e+03 7.518502e+03
16.5 7.488753e+03 7.536620e+03 7.532967e+03 7.485100e+03
17.5 7.448607e+03 7.540295e+03 7.533224e+03 7.441535e+03
18.5 7.486620e+03 7.553640e+03 7.532620e+03 7.465601e+03
19.5 7.564509e+03 7.565885e+03 7.531567e+03 7.530191e+03
20.5 7.551273e+03 7.574619e+03 7.530274e+03 7.506928e+03
21.5 7.574850e+03 7.581885e+03 7.528846e+03 7.521810e+03
22.5 7.590038e+03 7.577395e+03 7.527322e+03 7.539965e+03
0.5 7.602975e+03 7.534486e+03 7.512100e+03 7.580589e+03
1.5 7.625039e+03 7.561370e+03 7.535754e+03 7.599423e+03
2.5 7.642011e+03 7.625084e+03 7.624987e+03 7.641914e+03
3.5 7.712014e+03 7.677049e+03 7.717566e+03 7.752530e+03
4.5 7.742194e+03 7.698978e+03 7.769262e+03 7.812477e+03
5.5 7.706782e+03 7.687799e+03 7.785655e+03 7.804639e+03
