0.5 8.894137e+03 8.867479e+03 8.867082e+03 8.893739e+03
1.5 8.767598e+03 8.859672e+03 8.867541e+03 8.775467e+03
2.5 8.842928e+03 8.879800e+03 8.867888e+03 8.831015e+03
3.5 8.977606e+03 8.918490e+03 8.867702e+03 8.926819e+03
4.5 8.845241e+03 8.949067e+03 8.867324e+03 8.763498e+03
5.5 8.912114e+03 8.967986e+03 8.866924e+03 8.811052e+03
6.5 8.912957e+03 8.977041e+03 8.866329e+03 8.802245e+03
7.5 9.052382e+03 8.953533e+03 8.865933e+03 8.964783e+03
8.5 8.981076e+03 8.909949e+03 8.866119e+03 8.937246e+03
9.5 8.801510e+03 8.874767e+03 8.866518e+03 8.793261e+03
10.5 8.839510e+03 8.856258e+03 8.866813e+03 8.850065e+03
11.5 8.876910e+03 8.849775e+03 8.866970e+03 8.894105e+03
12.5 8.964376e+03 8.849751e+03 8.867032e+03 8.981656e+03
13.5 8.887349e+03 8.852399e+03 8.867039e+03 8.901989e+03
14.5 8.887142e+03 8.855418e+03 8.867023e+03 8.898746e+03
15.5 8.923154e+03 8.853797e+03 8.867131e+03 8.936489e+03
16.5 8.745156e+03 8.850246e+03 8.867571e+03 8.762481e+03
17.5 8.912115e+03 8.872966e+03 8.867907e+03 8.907057e+03
18.5 8.931959e+03 8.913231e+03 8.867715e+03 8.886444e+03
19.5 9.002398e+03 8.944851e+03 8.867334e+03 8.924881e+03
20.5 8.930004e+03 8.964562e+03 8.866932e+03 8.832374e+03
21.5 9.034876e+03 8.974296e+03 8.866337e+03 8.926917e+03
22.5 8.945118e+03 8.951417e+03 8.865941e+03 8.859642e+03
0.5 8.923154e+03 8.853797e+03 8.867131e+03 8.936489e+03
1.5 8.745156e+03 8.850246e+03 8.867571e+03 8.762481e+03
2.5 8.912115e+03 8.872966e+03 8.867907e+03 8.907057e+03
3.5 8.931959e+03 8.913231e+03 8.867715e+03 8.886444e+03
4.5 9.002398e+03 8.944851e+03 8.867334e+03 8.924881e+03
5.5 8.930004e+03 8.964562e+03 8.866932e+03 8.832374e+03
6.5 9.034876e+03 8.974296e+03 8.866337e+03 8.926917e+03
7.5 8.945118e+03 8.951417e+03 8.865941e+03 8.859642e+03
8.5 8.933344e+03 8.908435e+03 8.866126e+03 8.891035e+03
9.5 8.868110e+03 8.873838e+03 8.866525e+03 8.860798e+03
10.5 8.935481e+03 8.855901e+03 8.866820e+03 8.946401e+03
11.5 8.668705e+03 8.849976e+03 8.866976e+03 8.685705e+03
12.5 8.837762e+03 8.850499e+03 8.867038e+03 8.854301e+03
13.5 8.937126e+03 8.853679e+03 8.867045e+03 8.950491e+03
14.5 8.783696e+03 8.857276e+03 8.867027e+03 8.793448e+03
15.5 8.809284e+03 8.863160e+03 8.867005e+03 8.813129e+03
16.5 8.901373e+03 8.862159e+03 8.866987e+03 8.906201e+03
17.5 8.844790e+03 8.822806e+03 8.866976e+03 8.888960e+03
18.5 8.791159e+03 8.768507e+03 8.866970e+03 8.889623e+03
19.5 8.760474e+03 8.731051e+03 8.866968e+03 8.896390e+03
20.5 8.487887e+03 8.711672e+03 8.866967e+03 8.643181e+03
21.5 8.576085e+03 8.711629e+03 8.866966e+03 8.731422e+03
22.5 8.678455e+03 8.755698e+03 8.866966e+03 8.789724e+03
0.5 9.024155e+03 8.872078e+03 8.867099e+03 9.019176e+03
1.5 8.861947e+03 8.865849e+03 8.867557e+03 8.863656e+03
2.5 8.880492e+03 8.887543e+03 8.867904e+03 8.860853e+03
3.5 9.017362e+03 8.927788e+03 8.867718e+03 8.957292e+03
4.5 9.060764e+03 8.959918e+03 8.867339e+03 8.968185e+03
5.5 8.961408e+03 8.980409e+03 8.866939e+03 8.847937e+03
6.5 8.924009e+03 8.991030e+03 8.866344e+03 8.799323e+03
7.5 8.972890e+03 8.969083e+03 8.865948e+03 8.869755e+03
8.5 8.808645e+03 8.927053e+03 8.866133e+03 8.747725e+03
9.5 9.036484e+03 8.893425e+03 8.866532e+03 9.009591e+03
10.5 9.071212e+03 8.876480e+03 8.866827e+03 9.061558e+03
11.5 8.893542e+03 8.871576e+03 8.866983e+03 8.888949e+03
12.5 8.994708e+03 8.873152e+03 8.867045e+03 8.988601e+03
13.5 8.901104e+03 8.877425e+03 8.867052e+03 8.890731e+03
14.5 8.916283e+03 8.882156e+03 8.867035e+03 8.901162e+03
15.5 8.999644e+03 8.889222e+03 8.867012e+03 8.977433e+03
16.5 8.906987e+03 8.889453e+03 8.866995e+03 8.884529e+03
17.5 8.824571e+03 8.851389e+03 8.866984e+03 8.840166e+03
18.5 8.777957e+03 8.798477e+03 8.866978e+03 8.846458e+03
19.5 8.829053e+03 8.762502e+03 8.866976e+03 8.933527e+03
20.5 8.723328e+03 8.740492e+03 8.866976e+03 8.849812e+03
