0.5 8.902291e+03 8.887430e+03 8.873671e+03 8.888532e+03
1.5 8.768976e+03 8.882937e+03 8.899139e+03 8.785178e+03
2.5 8.775201e+03 8.840926e+03 8.917741e+03 8.852016e+03
3.5 8.881201e+03 8.784428e+03 8.906460e+03 9.003233e+03
4.5 8.828277e+03 8.745003e+03 8.884707e+03 8.967981e+03
5.5 8.692148e+03 8.723765e+03 8.862047e+03 8.830431e+03
6.5 8.806414e+03 8.721916e+03 8.828880e+03 8.913378e+03
7.5 8.947847e+03 8.764258e+03 8.807543e+03 8.991132e+03
8.5 8.937802e+03 8.823271e+03 8.818861e+03 8.933392e+03
9.5 8.896791e+03 8.864922e+03 8.841779e+03 8.873648e+03
10.5 8.900126e+03 8.884208e+03 8.858504e+03 8.874421e+03
11.5 8.987218e+03 8.888861e+03 8.867250e+03 8.965607e+03
12.5 8.810696e+03 8.886153e+03 8.870630e+03 8.795173e+03
13.5 8.932771e+03 8.880824e+03 8.870931e+03 8.922878e+03
14.5 8.906925e+03 8.875543e+03 8.869848e+03 8.901230e+03
15.5 8.894137e+03 8.867479e+03 8.868509e+03 8.895167e+03
16.5 8.767598e+03 8.859672e+03 8.867455e+03 8.775381e+03
17.5 8.842928e+03 8.879800e+03 8.866793e+03 8.829921e+03
18.5 8.977606e+03 8.918490e+03 8.866434e+03 8.925551e+03
19.5 8.845241e+03 8.949067e+03 8.866256e+03 8.762431e+03
20.5 8.912114e+03 8.967986e+03 8.866170e+03 8.810298e+03
21.5 8.912957e+03 8.977041e+03 8.866126e+03 8.802042e+03
22.5 9.052382e+03 8.953533e+03 8.866098e+03 8.964947e+03
0.5 8.809284e+03 8.863160e+03 8.873115e+03 8.819239e+03
1.5 8.901373e+03 8.862159e+03 8.898551e+03 8.937765e+03
2.5 8.844790e+03 8.822806e+03 8.917119e+03 8.939103e+03
3.5 8.791159e+03 8.768507e+03 8.905815e+03 8.928467e+03
4.5 8.760474e+03 8.731051e+03 8.884050e+03 8.913473e+03
5.5 8.487887e+03 8.711672e+03 8.861388e+03 8.637603e+03
6.5 8.576085e+03 8.711629e+03 8.828236e+03 8.692692e+03
7.5 8.678455e+03 8.755698e+03 8.806910e+03 8.729667e+03
8.5 8.718705e+03 8.816410e+03 8.818223e+03 8.720518e+03
9.5 8.790276e+03 8.859745e+03 8.841138e+03 8.771669e+03
10.5 8.633211e+03 8.880699e+03 8.857860e+03 8.610372e+03
11.5 8.670457e+03 8.887004e+03 8.866604e+03 8.650057e+03
12.5 8.639887e+03 8.885933e+03 8.869983e+03 8.623936e+03
13.5 8.961371e+03 8.882226e+03 8.870283e+03 8.949428e+03
14.5 8.823977e+03 8.878550e+03 8.869198e+03 8.814625e+03
15.5 9.024155e+03 8.872078e+03 8.867859e+03 9.019936e+03
16.5 8.861947e+03 8.865849e+03 8.866804e+03 8.862902e+03
17.5 8.880492e+03 8.887543e+03 8.866140e+03 8.859088e+03
18.5 9.017362e+03 8.927788e+03 8.865778e+03 8.955352e+03
19.5 9.060764e+03 8.959918e+03 8.865594e+03 8.966440e+03
20.5 8.961408e+03 8.980409e+03 8.865501e+03 8.846500e+03
21.5 8.924009e+03 8.991030e+03 8.865450e+03 8.798429e+03
22.5 8.972890e+03 8.969083e+03 8.865413e+03 8.869220e+03
0.5 8.999644e+03 8.889222e+03 8.872488e+03 8.982909e+03
1.5 8.906987e+03 8.889453e+03 8.897883e+03 8.915417e+03
2.5 8.824571e+03 8.851389e+03 8.916382e+03 8.889564e+03
3.5 8.777957e+03 8.798477e+03 8.904982e+03 8.884462e+03
4.5 8.829053e+03 8.762502e+03 8.883124e+03 8.949674e+03
5.5 8.723328e+03 8.740492e+03 8.860381e+03 8.843217e+03
