0.5 9.067729e+03 9.155764e+03 9.142862e+03 9.054828e+03
1.5 9.027165e+03 9.158692e+03 9.131294e+03 8.999768e+03
2.5 9.215952e+03 9.127593e+03 9.089273e+03 9.177632e+03
3.5 9.158572e+03 9.077905e+03 9.045529e+03 9.126196e+03
4.5 8.931357e+03 9.040845e+03 9.020514e+03 8.911027e+03
5.5 9.047510e+03 9.023254e+03 9.011584e+03 9.035840e+03
6.5 9.100748e+03 9.018700e+03 9.011488e+03 9.093537e+03
7.5 9.016739e+03 9.020680e+03 9.015187e+03 9.011246e+03
8.5 9.018472e+03 9.025005e+03 9.019688e+03 9.013155e+03
9.5 9.041200e+03 9.029306e+03 9.023453e+03 9.035348e+03
10.5 9.003445e+03 9.037273e+03 9.026117e+03 8.992289e+03
11.5 8.974027e+03 9.060828e+03 9.039693e+03 8.952893e+03
12.5 9.091141e+03 9.091638e+03 9.082965e+03 9.082467e+03
13.5 9.151724e+03 9.103099e+03 9.127510e+03 9.176135e+03
14.5 9.133180e+03 9.099621e+03 9.153090e+03 9.186649e+03
15.5 8.983167e+03 9.088658e+03 9.162370e+03 9.056879e+03
16.5 9.138847e+03 9.062120e+03 9.150805e+03 9.227532e+03
17.5 9.216929e+03 9.029026e+03 9.105015e+03 9.292917e+03
18.5 8.883910e+03 9.016182e+03 9.056746e+03 8.924474e+03
19.5 8.961689e+03 9.019011e+03 9.027967e+03 8.970645e+03
20.5 9.109174e+03 9.025001e+03 9.016478e+03 9.100651e+03
21.5 8.895206e+03 9.029900e+03 9.014860e+03 8.880166e+03
22.5 8.974970e+03 9.033168e+03 9.017724e+03 8.959525e+03
23.5 9.131304e+03 9.034926e+03 9.021773e+03 9.118151e+03
24.5 8.995135e+03 9.035511e+03 9.025275e+03 8.984900e+03
25.5 9.001898e+03 9.029859e+03 9.027761e+03 8.999800e+03
26.5 8.920649e+03 9.022564e+03 9.041192e+03 8.939277e+03
27.5 9.138229e+03 9.053395e+03 9.084320e+03 9.169155e+03
0.5 8.983167e+03 9.088658e+03 9.162370e+03 9.056879e+03
1.5 9.138847e+03 9.062120e+03 9.150805e+03 9.227532e+03
2.5 9.216929e+03 9.029026e+03 9.105015e+03 9.292917e+03
3.5 8.883910e+03 9.016182e+03 9.056746e+03 8.924474e+03
4.5 8.961689e+03 9.019011e+03 9.027967e+03 8.970645e+03
5.5 9.109174e+03 9.025001e+03 9.016478e+03 9.100651e+03
6.5 8.895206e+03 9.029900e+03 9.014860e+03 8.880166e+03
7.5 8.974970e+03 9.033168e+03 9.017724e+03 8.959525e+03
8.5 9.131304e+03 9.034926e+03 9.021773e+03 9.118151e+03
9.5 8.995135e+03 9.035511e+03 9.025275e+03 8.984900e+03
10.5 9.001898e+03 9.029859e+03 9.027761e+03 8.999800e+03
11.5 8.920649e+03 9.022564e+03 9.041192e+03 8.939277e+03
12.5 9.138229e+03 9.053395e+03 9.084320e+03 9.169155e+03
13.5 9.067400e+03 9.109586e+03 9.128720e+03 9.086534e+03
14.5 9.346826e+03 9.153829e+03 9.154157e+03 9.347154e+03
15.5 9.166221e+03 9.181344e+03 9.163302e+03 9.148179e+03
16.5 9.178033e+03 9.194727e+03 9.151613e+03 9.134919e+03
17.5 9.154770e+03 9.161967e+03 9.105727e+03 9.098530e+03
18.5 9.118835e+03 9.100841e+03 9.057368e+03 9.075362e+03
19.5 9.071216e+03 9.051598e+03 9.028504e+03 9.048122e+03
20.5 8.989833e+03 9.025884e+03 9.016933e+03 8.980883e+03
21.5 9.060045e+03 9.017110e+03 9.015238e+03 9.058173e+03
22.5 9.016420e+03 9.017408e+03 9.018028e+03 9.017040e+03
23.5 8.999187e+03 9.021424e+03 9.022007e+03 8.999769e+03
24.5 8.947312e+03 9.025910e+03 9.025440e+03 8.946843e+03
25.5 8.984460e+03 9.023800e+03 9.027860e+03 8.988520e+03
26.5 9.018570e+03 9.018983e+03 9.041226e+03 9.040813e+03
27.5 9.070874e+03 9.051289e+03 9.084292e+03 9.103877e+03
0.5 9.166221e+03 9.181344e+03 9.163302e+03 9.148179e+03
1.5 9.178033e+03 9.194727e+03 9.151613e+03 9.134919e+03
2.5 9.154770e+03 9.161967e+03 9.105727e+03 9.098530e+03
3.5 9.118835e+03 9.100841e+03 9.057368e+03 9.075362e+03
4.5 9.071216e+03 9.051598e+03 9.028504e+03 9.048122e+03
5.5 8.989833e+03 9.025884e+03 9.016933e+03 8.980883e+03
6.5 9.060045e+03 9.017110e+03 9.015238e+03 9.058173e+03
7.5 9.016420e+03 9.017408e+03 9.018028e+03 9.017040e+03
8.5 8.999187e+03 9.021424e+03 9.022007e+03 8.999769e+03
9.5 8.947312e+03 9.025910e+03 9.025440e+03 8.946843e+03
10.5 8.984460e+03 9.023800e+03 9.027860e+03 8.988520e+03
11.5 9.018570e+03 9.018983e+03 9.041226e+03 9.040813e+03
12.5 9.070874e+03 9.051289e+03 9.084292e+03 9.103877e+03
13.5 9.090484e+03 9.108276e+03 9.128630e+03 9.110838e+03
14.5 9.138050e+03 9.152936e+03 9.154006e+03 9.139120e+03
15.5 9.118084e+03 9.180683e+03 9.163090e+03 9.100491e+03
16.5 9.212722e+03 9.194219e+03 9.151340e+03 9.169843e+03
17.5 9.260812e+03 9.161580e+03 9.105394e+03 9.204626e+03
18.5 9.144198e+03 9.100562e+03 9.056973e+03 9.100609e+03
19.5 8.962041e+03 9.051421e+03 9.028046e+03 8.938666e+03
20.5 9.020521e+03 9.025805e+03 9.016411e+03 9.011126e+03
21.5 9.043825e+03 9.017127e+03 9.014650e+03 9.041348e+03
22.5 8.966911e+03 9.017519e+03 9.017373e+03 8.966765e+03
23.5 8.998006e+03 9.021625e+03 9.021281e+03 8.997662e+03
24.5 8.994471e+03 9.026278e+03 9.024642e+03 8.992835e+03
25.5 9.058791e+03 9.034710e+03 9.026986e+03 9.051067e+03
26.5 8.987928e+03 9.058645e+03 9.040273e+03 8.969555e+03
27.5 9.121612e+03 9.089720e+03 9.083255e+03 9.115147e+03
0.5 9.118084e+03 9.180683e+03 9.163090e+03 9.100491e+03
1.5 9.212722e+03 9.194219e+03 9.151340e+03 9.169843e+03
2.5 9.260812e+03 9.161580e+03 9.105394e+03 9.204626e+03
3.5 9.144198e+03 9.100562e+03 9.056973e+03 9.100609e+03
4.5 8.962041e+03 9.051421e+03 9.028046e+03 8.938666e+03
5.5 9.020521e+03 9.025805e+03 9.016411e+03 9.011126e+03
6.5 9.043825e+03 9.017127e+03 9.014650e+03 9.041348e+03
7.5 8.966911e+03 9.017519e+03 9.017373e+03 8.966765e+03
8.5 8.998006e+03 9.021625e+03 9.021281e+03 8.997662e+03
9.5 8.994471e+03 9.026278e+03 9.024642e+03 8.992835e+03
10.5 9.058791e+03 9.034710e+03 9.026986e+03 9.051067e+03
11.5 8.987928e+03 9.058645e+03 9.040273e+03 8.969555e+03
12.5 9.121612e+03 9.089720e+03 9.083255e+03 9.115147e+03
13.5 9.108097e+03 9.101371e+03 9.127506e+03 9.134232e+03
14.5 9.023980e+03 9.098047e+03 9.152791e+03 9.078724e+03
15.5 9.092731e+03 9.087231e+03 9.161779e+03 9.167279e+03
16.5 9.078207e+03 9.060851e+03 9.149927e+03 9.167283e+03
17.5 9.051132e+03 9.027921e+03 9.103873e+03 9.127084e+03
18.5 8.920711e+03 9.015231e+03 9.055338e+03 8.960818e+03
19.5 8.929769e+03 9.018219e+03 9.026291e+03 8.937841e+03
20.5 9.058750e+03 9.024370e+03 9.014529e+03 9.048909e+03
21.5 9.143366e+03 9.029433e+03 9.012634e+03 9.126568e+03
22.5 9.117572e+03 9.032864e+03 9.015214e+03 9.099923e+03
23.5 9.105716e+03 9.034782e+03 9.018972e+03 9.089906e+03
24.5 9.225601e+03 9.035525e+03 9.022174e+03 9.212250e+03
25.5 9.001244e+03 9.030026e+03 9.024349e+03 8.995567e+03
26.5 9.038013e+03 9.022878e+03 9.037457e+03 9.052592e+03
27.5 9.023374e+03 9.053848e+03 9.080250e+03 9.049776e+03
0.5 9.092731e+03 9.087231e+03 9.161779e+03 9.167279e+03
1.5 9.078207e+03 9.060851e+03 9.149927e+03 9.167283e+03
2.5 9.051132e+03 9.027921e+03 9.103873e+03 9.127084e+03
3.5 8.920711e+03 9.015231e+03 9.055338e+03 8.960818e+03
4.5 8.929769e+03 9.018219e+03 9.026291e+03 8.937841e+03
5.5 9.058750e+03 9.024370e+03 9.014529e+03 9.048909e+03
6.5 9.143366e+03 9.029433e+03 9.012634e+03 9.126568e+03
7.5 9.117572e+03 9.032864e+03 9.015214e+03 9.099923e+03
8.5 9.105716e+03 9.034782e+03 9.018972e+03 9.089906e+03
9.5 9.225601e+03 9.035525e+03 9.022174e+03 9.212250e+03
10.5 9.001244e+03 9.030026e+03 9.024349e+03 8.995567e+03
11.5 9.038013e+03 9.022878e+03 9.037457e+03 9.052592e+03
12.5 9.023374e+03 9.053848e+03 9.080250e+03 9.049776e+03
13.5 9.134441e+03 9.110171e+03 9.124301e+03 9.148572e+03
14.5 9.129044e+03 9.154540e+03 9.149374e+03 9.123878e+03
15.5 9.153703e+03 9.182152e+03 9.158117e+03 9.129668e+03
16.5 9.086898e+03 9.195613e+03 9.146003e+03 9.037289e+03
17.5 9.098938e+03 9.162914e+03 9.099674e+03 9.035697e+03
18.5 9.108970e+03 9.101844e+03 9.050861e+03 9.057987e+03
19.5 9.170974e+03 9.052660e+03 9.021537e+03 9.139851e+03
20.5 8.943456e+03 9.027007e+03 9.009494e+03 8.925943e+03
21.5 9.011558e+03 9.018291e+03 9.007308e+03 9.000575e+03
22.5 8.977942e+03 9.018639e+03 9.009583e+03 8.968886e+03
23.5 9.059187e+03 9.022693e+03 9.013018e+03 9.049512e+03
24.5 8.989628e+03 9.027285e+03 9.015877e+03 8.978221e+03
25.5 9.150286e+03 9.035646e+03 9.017691e+03 9.132331e+03
26.5 8.981521e+03 9.059497e+03 9.030416e+03 8.952440e+03
27.5 9.224924e+03 9.090460e+03 9.072797e+03 9.207261e+03
0.5 9.153703e+03 9.182152e+03 9.158117e+03 9.129668e+03
1.5 9.086898e+03 9.195613e+03 9.146003e+03 9.037289e+03
2.5 9.098938e+03 9.162914e+03 9.099674e+03 9.035697e+03
3.5 9.108970e+03 9.101844e+03 9.050861e+03 9.057987e+03
4.5 9.170974e+03 9.052660e+03 9.021537e+03 9.139851e+03
5.5 8.943456e+03 9.027007e+03 9.009494e+03 8.925943e+03
6.5 9.011558e+03 9.018291e+03 9.007308e+03 9.000575e+03
7.5 8.977942e+03 9.018639e+03 9.009583e+03 8.968886e+03
8.5 9.059187e+03 9.022693e+03 9.013018e+03 9.049512e+03
9.5 8.989628e+03 9.027285e+03 9.015877e+03 8.978221e+03
10.5 9.150286e+03 9.035646e+03 9.017691e+03 9.132331e+03
11.5 8.981521e+03 9.059497e+03 9.030416e+03 8.952440e+03
12.5 9.224924e+03 9.090460e+03 9.072797e+03 9.207261e+03
13.5 9.065674e+03 9.101959e+03 9.116373e+03 9.080088e+03
14.5 9.037670e+03 9.098428e+03 9.140900e+03 9.080142e+03
15.5 9.073744e+03 9.083400e+03 9.149153e+03 9.139497e+03
