0.5 7.484081e+03 7.494537e+03 7.522680e+03 7.512224e+03
1.5 7.500713e+03 7.541571e+03 7.532030e+03 7.491172e+03
2.5 7.613111e+03 7.603733e+03 7.565995e+03 7.575373e+03
3.5 7.626234e+03 7.622349e+03 7.601352e+03 7.605238e+03
4.5 7.624062e+03 7.609671e+03 7.621571e+03 7.635963e+03
5.5 7.601812e+03 7.593163e+03 7.628789e+03 7.637438e+03
6.5 7.614427e+03 7.580851e+03 7.628867e+03 7.662443e+03
7.5 7.557300e+03 7.572891e+03 7.625878e+03 7.610287e+03
8.5 7.552727e+03 7.568486e+03 7.622239e+03 7.606481e+03
9.5 7.588607e+03 7.566582e+03 7.619196e+03 7.641221e+03
10.5 7.592249e+03 7.569402e+03 7.617043e+03 7.639889e+03
11.5 7.567022e+03 7.596788e+03 7.606070e+03 7.576303e+03
12.5 7.564302e+03 7.661408e+03 7.571094e+03 7.473987e+03
13.5 7.710240e+03 7.714514e+03 7.535088e+03 7.530814e+03
14.5 7.755099e+03 7.737834e+03 7.514413e+03 7.531677e+03
15.5 7.670868e+03 7.739177e+03 7.506912e+03 7.438603e+03
16.5 7.710521e+03 7.708102e+03 7.516259e+03 7.518678e+03
17.5 7.716922e+03 7.637016e+03 7.553271e+03 7.633177e+03
18.5 7.615217e+03 7.577556e+03 7.592286e+03 7.629947e+03
19.5 7.544639e+03 7.549304e+03 7.615547e+03 7.610882e+03
20.5 7.550973e+03 7.541226e+03 7.624834e+03 7.634581e+03
21.5 7.539967e+03 7.542655e+03 7.626141e+03 7.623453e+03
22.5 7.530445e+03 7.547619e+03 7.623827e+03 7.606652e+03
23.5 7.545518e+03 7.552782e+03 7.620554e+03 7.613290e+03
24.5 7.504300e+03 7.556590e+03 7.617723e+03 7.565433e+03
25.5 7.510970e+03 7.556502e+03 7.615714e+03 7.570182e+03
26.5 7.533593e+03 7.552103e+03 7.604858e+03 7.586348e+03
27.5 7.549134e+03 7.556218e+03 7.569998e+03 7.562915e+03
0.5 7.670868e+03 7.739177e+03 7.506912e+03 7.438603e+03
1.5 7.710521e+03 7.708102e+03 7.516259e+03 7.518678e+03
2.5 7.716922e+03 7.637016e+03 7.553271e+03 7.633177e+03
3.5 7.615217e+03 7.577556e+03 7.592286e+03 7.629947e+03
4.5 7.544639e+03 7.549304e+03 7.615547e+03 7.610882e+03
5.5 7.550973e+03 7.541226e+03 7.624834e+03 7.634581e+03
6.5 7.539967e+03 7.542655e+03 7.626141e+03 7.623453e+03
7.5 7.530445e+03 7.547619e+03 7.623827e+03 7.606652e+03
8.5 7.545518e+03 7.552782e+03 7.620554e+03 7.613290e+03
9.5 7.504300e+03 7.556590e+03 7.617723e+03 7.565433e+03
10.5 7.510970e+03 7.556502e+03 7.615714e+03 7.570182e+03
11.5 7.533593e+03 7.552103e+03 7.604858e+03 7.586348e+03
12.5 7.549134e+03 7.556218e+03 7.569998e+03 7.562915e+03
13.5 7.574150e+03 7.570041e+03 7.534111e+03 7.538220e+03
14.5 7.548616e+03 7.582779e+03 7.513550e+03 7.479388e+03
15.5 7.633265e+03 7.592020e+03 7.506158e+03 7.547404e+03
16.5 7.551212e+03 7.599852e+03 7.515607e+03 7.466967e+03
17.5 7.601470e+03 7.595983e+03 7.552695e+03 7.558182e+03
18.5 7.631194e+03 7.580971e+03 7.591783e+03 7.642006e+03
19.5 7.568215e+03 7.566686e+03 7.615113e+03 7.616642e+03
20.5 7.529935e+03 7.558386e+03 7.624466e+03 7.596014e+03
21.5 7.457845e+03 7.554942e+03 7.625836e+03 7.528739e+03
22.5 7.571741e+03 7.554265e+03 7.623581e+03 7.641057e+03
23.5 7.487499e+03 7.554857e+03 7.620365e+03 7.553008e+03
24.5 7.495363e+03 7.555748e+03 7.617590e+03 7.557204e+03
25.5 7.603415e+03 7.554136e+03 7.615634e+03 7.664913e+03
26.5 7.584894e+03 7.549069e+03 7.604830e+03 7.640655e+03
27.5 7.637535e+03 7.552929e+03 7.570021e+03 7.654628e+03
0.5 7.633265e+03 7.592020e+03 7.506158e+03 7.547404e+03
1.5 7.551212e+03 7.599852e+03 7.515607e+03 7.466967e+03
2.5 7.601470e+03 7.595983e+03 7.552695e+03 7.558182e+03
3.5 7.631194e+03 7.580971e+03 7.591783e+03 7.642006e+03
4.5 7.568215e+03 7.566686e+03 7.615113e+03 7.616642e+03
5.5 7.529935e+03 7.558386e+03 7.624466e+03 7.596014e+03
6.5 7.457845e+03 7.554942e+03 7.625836e+03 7.528739e+03
7.5 7.571741e+03 7.554265e+03 7.623581e+03 7.641057e+03
8.5 7.487499e+03 7.554857e+03 7.620365e+03 7.553008e+03
9.5 7.495363e+03 7.555748e+03 7.617590e+03 7.557204e+03
10.5 7.603415e+03 7.554136e+03 7.615634e+03 7.664913e+03
11.5 7.584894e+03 7.549069e+03 7.604830e+03 7.640655e+03
12.5 7.637535e+03 7.552929e+03 7.570021e+03 7.654628e+03
13.5 7.677895e+03 7.566655e+03 7.534184e+03 7.645424e+03
14.5 7.663400e+03 7.579341e+03 7.513673e+03 7.597732e+03
15.5 7.572814e+03 7.588532e+03 7.506330e+03 7.490611e+03
16.5 7.556621e+03 7.596308e+03 7.515827e+03 7.476141e+03
17.5 7.589807e+03 7.592371e+03 7.552965e+03 7.550401e+03
18.5 7.589882e+03 7.577282e+03 7.592103e+03 7.604702e+03
19.5 7.618060e+03 7.562911e+03 7.615484e+03 7.670632e+03
20.5 7.630005e+03 7.554517e+03 7.624888e+03 7.700375e+03
21.5 7.592792e+03 7.550971e+03 7.626311e+03 7.668132e+03
22.5 7.546894e+03 7.550185e+03 7.624111e+03 7.620820e+03
23.5 7.555268e+03 7.550661e+03 7.620952e+03 7.625558e+03
24.5 7.524309e+03 7.551475e+03 7.618235e+03 7.591069e+03
25.5 7.510140e+03 7.555536e+03 7.616340e+03 7.570944e+03
26.5 7.560015e+03 7.583397e+03 7.605601e+03 7.582219e+03
27.5 7.737585e+03 7.648171e+03 7.570859e+03 7.660273e+03
0.5 7.572814e+03 7.588532e+03 7.506330e+03 7.490611e+03
1.5 7.556621e+03 7.596308e+03 7.515827e+03 7.476141e+03
2.5 7.589807e+03 7.592371e+03 7.552965e+03 7.550401e+03
3.5 7.589882e+03 7.577282e+03 7.592103e+03 7.604702e+03
4.5 7.618060e+03 7.562911e+03 7.615484e+03 7.670632e+03
5.5 7.630005e+03 7.554517e+03 7.624888e+03 7.700375e+03
6.5 7.592792e+03 7.550971e+03 7.626311e+03 7.668132e+03
7.5 7.546894e+03 7.550185e+03 7.624111e+03 7.620820e+03
8.5 7.555268e+03 7.550661e+03 7.620952e+03 7.625558e+03
9.5 7.524309e+03 7.551475e+03 7.618235e+03 7.591069e+03
10.5 7.510140e+03 7.555536e+03 7.616340e+03 7.570944e+03
11.5 7.560015e+03 7.583397e+03 7.605601e+03 7.582219e+03
12.5 7.737585e+03 7.648171e+03 7.570859e+03 7.660273e+03
13.5 7.738671e+03 7.701325e+03 7.535092e+03 7.572438e+03
14.5 7.716717e+03 7.724661e+03 7.514655e+03 7.506711e+03
15.5 7.651185e+03 7.725999e+03 7.507390e+03 7.432576e+03
16.5 7.693828e+03 7.694899e+03 7.516970e+03 7.515898e+03
17.5 7.621281e+03 7.623770e+03 7.554194e+03 7.551706e+03
18.5 7.580172e+03 7.564222e+03 7.593424e+03 7.609373e+03
19.5 7.482686e+03 7.535841e+03 7.616902e+03 7.563747e+03
20.5 7.396498e+03 7.527593e+03 7.626409e+03 7.495314e+03
21.5 7.473000e+03 7.528810e+03 7.627940e+03 7.572130e+03
22.5 7.516040e+03 7.533523e+03 7.625855e+03 7.608371e+03
23.5 7.542022e+03 7.538396e+03 7.622818e+03 7.626444e+03
24.5 7.566584e+03 7.541876e+03 7.620230e+03 7.644938e+03
25.5 7.528712e+03 7.541422e+03 7.618472e+03 7.605762e+03
26.5 7.488753e+03 7.536620e+03 7.607877e+03 7.560009e+03
27.5 7.448607e+03 7.540295e+03 7.573288e+03 7.481600e+03
0.5 7.651185e+03 7.725999e+03 7.507390e+03 7.432576e+03
1.5 7.693828e+03 7.694899e+03 7.516970e+03 7.515898e+03
2.5 7.621281e+03 7.623770e+03 7.554194e+03 7.551706e+03
3.5 7.580172e+03 7.564222e+03 7.593424e+03 7.609373e+03
4.5 7.482686e+03 7.535841e+03 7.616902e+03 7.563747e+03
5.5 7.396498e+03 7.527593e+03 7.626409e+03 7.495314e+03
6.5 7.473000e+03 7.528810e+03 7.627940e+03 7.572130e+03
7.5 7.516040e+03 7.533523e+03 7.625855e+03 7.608371e+03
8.5 7.542022e+03 7.538396e+03 7.622818e+03 7.626444e+03
9.5 7.566584e+03 7.541876e+03 7.620230e+03 7.644938e+03
10.5 7.528712e+03 7.541422e+03 7.618472e+03 7.605762e+03
11.5 7.488753e+03 7.536620e+03 7.607877e+03 7.560009e+03
12.5 7.448607e+03 7.540295e+03 7.573288e+03 7.481600e+03
13.5 7.486620e+03 7.553640e+03 7.537682e+03 7.470663e+03
14.5 7.564509e+03 7.565885e+03 7.517416e+03 7.516041e+03
15.5 7.551273e+03 7.574619e+03 7.510350e+03 7.487003e+03
16.5 7.574850e+03 7.581885e+03 7.520141e+03 7.513105e+03
17.5 7.590038e+03 7.577395e+03 7.557588e+03 7.570231e+03
18.5 7.522395e+03 7.561695e+03 7.597042e+03 7.557742e+03
19.5 7.590326e+03 7.546666e+03 7.620745e+03 7.664405e+03
20.5 7.609222e+03 7.537575e+03 7.630479e+03 7.702125e+03
21.5 7.503207e+03 7.533294e+03 7.632245e+03 7.602158e+03
22.5 7.555832e+03 7.531735e+03 7.630407e+03 7.654504e+03
23.5 7.591079e+03 7.531393e+03 7.627630e+03 7.687317e+03
24.5 7.549663e+03 7.531342e+03 7.625319e+03 7.643640e+03
25.5 7.602975e+03 7.534486e+03 7.623854e+03 7.692342e+03
26.5 7.625039e+03 7.561370e+03 7.613568e+03 7.677236e+03
27.5 7.642011e+03 7.625084e+03 7.579312e+03 7.596240e+03
0.5 7.551273e+03 7.574619e+03 7.510350e+03 7.487003e+03
1.5 7.574850e+03 7.581885e+03 7.520141e+03 7.513105e+03
2.5 7.590038e+03 7.577395e+03 7.557588e+03 7.570231e+03
3.5 7.522395e+03 7.561695e+03 7.597042e+03 7.557742e+03
4.5 7.590326e+03 7.546666e+03 7.620745e+03 7.664405e+03
5.5 7.609222e+03 7.537575e+03 7.630479e+03 7.702125e+03
6.5 7.503207e+03 7.533294e+03 7.632245e+03 7.602158e+03
7.5 7.555832e+03 7.531735e+03 7.630407e+03 7.654504e+03
8.5 7.591079e+03 7.531393e+03 7.627630e+03 7.687317e+03
9.5 7.549663e+03 7.531342e+03 7.625319e+03 7.643640e+03
10.5 7.602975e+03 7.534486e+03 7.623854e+03 7.692342e+03
11.5 7.625039e+03 7.561370e+03 7.613568e+03 7.677236e+03
12.5 7.642011e+03 7.625084e+03 7.579312e+03 7.596240e+03
13.5 7.712014e+03 7.677049e+03 7.544091e+03 7.579055e+03
14.5 7.742194e+03 7.698978e+03 7.524266e+03 7.567482e+03
15.5 7.706782e+03 7.687799e+03 7.517595e+03 7.536579e+03
