0.5 9.048725e+03 9.301017e+03 9.439027e+03 9.186735e+03
1.5 9.179253e+03 9.290199e+03 9.414192e+03 9.303245e+03
2.5 9.216577e+03 9.255179e+03 9.323917e+03 9.285316e+03
3.5 9.307809e+03 9.230683e+03 9.230032e+03 9.307157e+03
4.5 9.281072e+03 9.224149e+03 9.176500e+03 9.233423e+03
5.5 9.255002e+03 9.229704e+03 9.157795e+03 9.183093e+03
6.5 9.061813e+03 9.255748e+03 9.183798e+03 8.989863e+03
7.5 9.321492e+03 9.301883e+03 9.283313e+03 9.302923e+03
8.5 9.539562e+03 9.334075e+03 9.388076e+03 9.593563e+03
9.5 9.324219e+03 9.345749e+03 9.450806e+03 9.429276e+03
10.5 9.314286e+03 9.347119e+03 9.476249e+03 9.443416e+03
11.5 9.265623e+03 9.344678e+03 9.480369e+03 9.401314e+03
12.5 9.378924e+03 9.341271e+03 9.474775e+03 9.512428e+03
13.5 9.239495e+03 9.338305e+03 9.466561e+03 9.367751e+03
14.5 9.152144e+03 9.336259e+03 9.459461e+03 9.275345e+03
15.5 9.543499e+03 9.331501e+03 9.454485e+03 9.666484e+03
16.5 9.401794e+03 9.309464e+03 9.425892e+03 9.518222e+03
17.5 9.618334e+03 9.267843e+03 9.333315e+03 9.683807e+03
18.5 9.455918e+03 9.239310e+03 9.237946e+03 9.454554e+03
19.5 9.432837e+03 9.229991e+03 9.183340e+03 9.386186e+03
20.5 9.196290e+03 9.233316e+03 9.163751e+03 9.126724e+03
21.5 9.291341e+03 9.257363e+03 9.188958e+03 9.222936e+03
22.5 9.295031e+03 9.301596e+03 9.287724e+03 9.281159e+03
0.5 9.543499e+03 9.331501e+03 9.454485e+03 9.666484e+03
1.5 9.401794e+03 9.309464e+03 9.425892e+03 9.518222e+03
2.5 9.618334e+03 9.267843e+03 9.333315e+03 9.683807e+03
3.5 9.455918e+03 9.239310e+03 9.237946e+03 9.454554e+03
4.5 9.432837e+03 9.229991e+03 9.183340e+03 9.386186e+03
5.5 9.196290e+03 9.233316e+03 9.163751e+03 9.126724e+03
6.5 9.291341e+03 9.257363e+03 9.188958e+03 9.222936e+03
7.5 9.295031e+03 9.301596e+03 9.287724e+03 9.281159e+03
8.5 9.423602e+03 9.331940e+03 9.391770e+03 9.483431e+03
9.5 9.545265e+03 9.341795e+03 9.453808e+03 9.657277e+03
10.5 9.361465e+03 9.341370e+03 9.478581e+03 9.498676e+03
11.5 9.410481e+03 9.337156e+03 9.482055e+03 9.555380e+03
12.5 9.369743e+03 9.332001e+03 9.475836e+03 9.513579e+03
13.5 9.527039e+03 9.327311e+03 9.467022e+03 9.666750e+03
14.5 9.472133e+03 9.323572e+03 9.459344e+03 9.607905e+03
15.5 9.118627e+03 9.318681e+03 9.454018e+03 9.253963e+03
16.5 9.189699e+03 9.382068e+03 9.450811e+03 9.258442e+03
17.5 9.814346e+03 9.636915e+03 9.449019e+03 9.626449e+03
18.5 1.002951e+04 9.912746e+03 9.448005e+03 9.564769e+03
19.5 1.002431e+04 1.007556e+04 9.447361e+03 9.396105e+03
20.5 9.930974e+03 1.013787e+04 9.446866e+03 9.239967e+03
21.5 9.969003e+03 1.007456e+04 9.446421e+03 9.340862e+03
22.5 9.753964e+03 9.794456e+03 9.445981e+03 9.405489e+03
0.5 9.203282e+03 9.261067e+03 9.441744e+03 9.383959e+03
1.5 9.018507e+03 9.244910e+03 9.415247e+03 9.188843e+03
2.5 8.962243e+03 9.204517e+03 9.323356e+03 9.081082e+03
3.5 8.950939e+03 9.174608e+03 9.227898e+03 9.004229e+03
4.5 9.005625e+03 9.162612e+03 9.172838e+03 9.015851e+03
5.5 9.196059e+03 9.162583e+03 9.152625e+03 9.186100e+03
6.5 9.221152e+03 9.182966e+03 9.177156e+03 9.215342e+03
7.5 9.219955e+03 9.223352e+03 9.275233e+03 9.271836e+03
8.5 8.947485e+03 9.249713e+03 9.378589e+03 9.076361e+03
9.5 9.315355e+03 9.255466e+03 9.439940e+03 9.499830e+03
10.5 9.254171e+03 9.250803e+03 9.464029e+03 9.467397e+03
11.5 9.236301e+03 9.242194e+03 9.466818e+03 9.460925e+03
12.5 9.230064e+03 9.232460e+03 9.459909e+03 9.457514e+03
13.5 9.372161e+03 9.222989e+03 9.450396e+03 9.599568e+03
14.5 9.286008e+03 9.214245e+03 9.442007e+03 9.513770e+03
15.5 9.487917e+03 9.204105e+03 9.435952e+03 9.719763e+03
16.5 9.453074e+03 9.261981e+03 9.431995e+03 9.623088e+03
17.5 9.545755e+03 9.510980e+03 9.429427e+03 9.464202e+03
18.5 9.870722e+03 9.780414e+03 9.427608e+03 9.517916e+03
19.5 9.854798e+03 9.936194e+03 9.426123e+03 9.344726e+03
20.5 9.979560e+03 9.990748e+03 9.424749e+03 9.413560e+03
