0.5 9.409817e+03 9.387096e+03 9.389967e+03 9.412687e+03
1.5 9.300588e+03 9.394978e+03 9.379479e+03 9.285090e+03
2.5 9.373236e+03 9.371074e+03 9.341382e+03 9.343544e+03
3.5 9.340553e+03 9.325646e+03 9.301724e+03 9.316630e+03
4.5 9.302895e+03 9.290004e+03 9.279045e+03 9.291937e+03
5.5 9.295964e+03 9.272992e+03 9.270949e+03 9.293922e+03
6.5 9.300032e+03 9.268987e+03 9.270862e+03 9.301907e+03
7.5 9.278214e+03 9.271672e+03 9.274215e+03 9.280757e+03
8.5 9.225381e+03 9.276904e+03 9.278296e+03 9.226773e+03
9.5 9.271414e+03 9.282264e+03 9.281710e+03 9.270860e+03
10.5 9.254771e+03 9.287779e+03 9.284125e+03 9.251116e+03
11.5 9.293310e+03 9.309076e+03 9.296433e+03 9.280667e+03
12.5 9.302925e+03 9.365028e+03 9.335663e+03 9.273561e+03
13.5 9.463978e+03 9.418143e+03 9.376049e+03 9.421884e+03
14.5 9.460489e+03 9.446861e+03 9.399240e+03 9.412868e+03
15.5 9.385224e+03 9.455774e+03 9.407653e+03 9.337103e+03
16.5 9.499706e+03 9.438072e+03 9.397168e+03 9.458802e+03
17.5 9.413268e+03 9.380832e+03 9.355655e+03 9.388091e+03
18.5 9.342687e+03 9.325220e+03 9.311893e+03 9.329361e+03
19.5 9.303218e+03 9.294670e+03 9.285802e+03 9.294350e+03
20.5 9.296256e+03 9.284006e+03 9.275386e+03 9.287636e+03
21.5 9.269001e+03 9.284050e+03 9.273919e+03 9.258870e+03
22.5 9.232671e+03 9.288688e+03 9.276515e+03 9.220498e+03
23.5 9.262361e+03 9.294282e+03 9.280187e+03 9.248266e+03
24.5 9.291291e+03 9.298977e+03 9.283362e+03 9.275676e+03
25.5 9.232258e+03 9.300928e+03 9.285616e+03 9.216945e+03
26.5 9.265504e+03 9.296378e+03 9.297792e+03 9.266917e+03
27.5 9.335633e+03 9.287220e+03 9.336892e+03 9.385306e+03
0.5 9.385224e+03 9.455774e+03 9.407653e+03 9.337103e+03
1.5 9.499706e+03 9.438072e+03 9.397168e+03 9.458802e+03
2.5 9.413268e+03 9.380832e+03 9.355655e+03 9.388091e+03
3.5 9.342687e+03 9.325220e+03 9.311893e+03 9.329361e+03
4.5 9.303218e+03 9.294670e+03 9.285802e+03 9.294350e+03
5.5 9.296256e+03 9.284006e+03 9.275386e+03 9.287636e+03
6.5 9.269001e+03 9.284050e+03 9.273919e+03 9.258870e+03
7.5 9.232671e+03 9.288688e+03 9.276515e+03 9.220498e+03
8.5 9.262361e+03 9.294282e+03 9.280187e+03 9.248266e+03
9.5 9.291291e+03 9.298977e+03 9.283362e+03 9.275676e+03
10.5 9.232258e+03 9.300928e+03 9.285616e+03 9.216945e+03
11.5 9.265504e+03 9.296378e+03 9.297792e+03 9.266917e+03
12.5 9.335633e+03 9.287220e+03 9.336892e+03 9.385306e+03
13.5 9.302635e+03 9.282789e+03 9.377146e+03 9.396991e+03
14.5 9.280154e+03 9.283169e+03 9.400207e+03 9.397192e+03
15.5 9.297362e+03 9.286298e+03 9.408498e+03 9.419563e+03
16.5 9.272839e+03 9.294741e+03 9.397901e+03 9.375999e+03
17.5 9.308175e+03 9.306686e+03 9.356300e+03 9.357790e+03
18.5 9.364214e+03 9.313047e+03 9.312458e+03 9.363624e+03
19.5 9.296256e+03 9.313999e+03 9.286289e+03 9.268546e+03
20.5 9.307867e+03 9.313155e+03 9.275799e+03 9.270511e+03
21.5 9.233309e+03 9.312080e+03 9.274262e+03 9.195491e+03
22.5 9.343247e+03 9.311199e+03 9.276791e+03 9.308839e+03
23.5 9.223635e+03 9.310646e+03 9.280398e+03 9.193387e+03
24.5 9.224520e+03 9.310392e+03 9.283511e+03 9.197639e+03
25.5 9.382783e+03 9.308998e+03 9.285705e+03 9.359490e+03
26.5 9.308613e+03 9.302383e+03 9.297823e+03 9.304053e+03
27.5 9.350797e+03 9.291958e+03 9.336866e+03 9.395705e+03
0.5 9.297362e+03 9.286298e+03 9.408498e+03 9.419563e+03
1.5 9.272839e+03 9.294741e+03 9.397901e+03 9.375999e+03
2.5 9.308175e+03 9.306686e+03 9.356300e+03 9.357790e+03
3.5 9.364214e+03 9.313047e+03 9.312458e+03 9.363624e+03
4.5 9.296256e+03 9.313999e+03 9.286289e+03 9.268546e+03
5.5 9.307867e+03 9.313155e+03 9.275799e+03 9.270511e+03
6.5 9.233309e+03 9.312080e+03 9.274262e+03 9.195491e+03
7.5 9.343247e+03 9.311199e+03 9.276791e+03 9.308839e+03
8.5 9.223635e+03 9.310646e+03 9.280398e+03 9.193387e+03
9.5 9.224520e+03 9.310392e+03 9.283511e+03 9.197639e+03
10.5 9.382783e+03 9.308998e+03 9.285705e+03 9.359490e+03
11.5 9.308613e+03 9.302383e+03 9.297823e+03 9.304053e+03
12.5 9.350797e+03 9.291958e+03 9.336866e+03 9.395705e+03
13.5 9.355500e+03 9.286682e+03 9.377064e+03 9.445882e+03
14.5 9.340272e+03 9.286415e+03 9.400070e+03 9.453927e+03
15.5 9.267719e+03 9.288987e+03 9.408306e+03 9.387039e+03
16.5 9.295141e+03 9.296913e+03 9.397653e+03 9.395881e+03
17.5 9.326352e+03 9.308362e+03 9.355998e+03 9.373989e+03
18.5 9.310787e+03 9.314242e+03 9.312099e+03 9.308643e+03
19.5 9.347510e+03 9.314725e+03 9.285874e+03 9.318659e+03
20.5 9.355992e+03 9.313422e+03 9.275325e+03 9.317895e+03
21.5 9.309752e+03 9.311898e+03 9.273729e+03 9.271583e+03
22.5 9.278531e+03 9.310579e+03 9.276197e+03 9.244149e+03
23.5 9.279257e+03 9.309598e+03 9.279740e+03 9.249400e+03
24.5 9.363767e+03 9.308944e+03 9.282788e+03 9.337611e+03
25.5 9.251832e+03 9.309641e+03 9.284913e+03 9.227103e+03
26.5 9.278592e+03 9.327381e+03 9.296958e+03 9.248170e+03
27.5 9.473713e+03 9.380694e+03 9.335927e+03 9.428946e+03
0.5 9.267719e+03 9.288987e+03 9.408306e+03 9.387039e+03
1.5 9.295141e+03 9.296913e+03 9.397653e+03 9.395881e+03
2.5 9.326352e+03 9.308362e+03 9.355998e+03 9.373989e+03
3.5 9.310787e+03 9.314242e+03 9.312099e+03 9.308643e+03
4.5 9.347510e+03 9.314725e+03 9.285874e+03 9.318659e+03
5.5 9.355992e+03 9.313422e+03 9.275325e+03 9.317895e+03
6.5 9.309752e+03 9.311898e+03 9.273729e+03 9.271583e+03
7.5 9.278531e+03 9.310579e+03 9.276197e+03 9.244149e+03
8.5 9.279257e+03 9.309598e+03 9.279740e+03 9.249400e+03
9.5 9.363767e+03 9.308944e+03 9.282788e+03 9.337611e+03
10.5 9.251832e+03 9.309641e+03 9.284913e+03 9.227103e+03
11.5 9.278592e+03 9.327381e+03 9.296958e+03 9.248170e+03
12.5 9.473713e+03 9.380694e+03 9.335927e+03 9.428946e+03
13.5 9.429590e+03 9.431726e+03 9.376045e+03 9.373910e+03
14.5 9.464200e+03 9.458658e+03 9.398968e+03 9.404510e+03
15.5 9.416564e+03 9.465940e+03 9.407117e+03 9.357741e+03
16.5 9.440869e+03 9.446686e+03 9.396372e+03 9.390555e+03
17.5 9.421248e+03 9.387975e+03 9.354619e+03 9.387893e+03
18.5 9.366724e+03 9.330917e+03 9.310617e+03 9.346424e+03
19.5 9.351154e+03 9.298942e+03 9.284283e+03 9.336495e+03
20.5 9.265024e+03 9.286867e+03 9.273619e+03 9.251776e+03
21.5 9.270764e+03 9.285517e+03 9.271901e+03 9.257148e+03
22.5 9.357855e+03 9.288777e+03 9.274240e+03 9.343319e+03
23.5 9.374858e+03 9.293006e+03 9.277647e+03 9.359499e+03
24.5 9.359830e+03 9.296349e+03 9.280550e+03 9.344031e+03
25.5 9.269243e+03 9.296959e+03 9.282522e+03 9.254806e+03
26.5 9.223920e+03 9.291078e+03 9.294406e+03 9.227248e+03
27.5 9.227882e+03 9.280597e+03 9.333202e+03 9.280488e+03
0.5 9.416564e+03 9.465940e+03 9.407117e+03 9.357741e+03
1.5 9.440869e+03 9.446686e+03 9.396372e+03 9.390555e+03
2.5 9.421248e+03 9.387975e+03 9.354619e+03 9.387893e+03
3.5 9.366724e+03 9.330917e+03 9.310617e+03 9.346424e+03
4.5 9.351154e+03 9.298942e+03 9.284283e+03 9.336495e+03
5.5 9.265024e+03 9.286867e+03 9.273619e+03 9.251776e+03
6.5 9.270764e+03 9.285517e+03 9.271901e+03 9.257148e+03
7.5 9.357855e+03 9.288777e+03 9.274240e+03 9.343319e+03
8.5 9.374858e+03 9.293006e+03 9.277647e+03 9.359499e+03
9.5 9.359830e+03 9.296349e+03 9.280550e+03 9.344031e+03
10.5 9.269243e+03 9.296959e+03 9.282522e+03 9.254806e+03
11.5 9.223920e+03 9.291078e+03 9.294406e+03 9.227248e+03
12.5 9.227882e+03 9.280597e+03 9.333202e+03 9.280488e+03
13.5 9.183622e+03 9.274849e+03 9.373140e+03 9.281913e+03
14.5 9.249728e+03 9.273926e+03 9.395871e+03 9.371673e+03
15.5 9.266697e+03 9.275724e+03 9.403797e+03 9.394771e+03
16.5 9.264799e+03 9.282820e+03 9.392815e+03 9.374794e+03
17.5 9.305299e+03 9.293404e+03 9.350812e+03 9.362707e+03
18.5 9.212353e+03 9.298400e+03 9.306558e+03 9.220511e+03
19.5 9.320357e+03 9.297988e+03 9.279973e+03 9.302342e+03
20.5 9.316071e+03 9.295778e+03 9.269054e+03 9.289347e+03
21.5 9.256644e+03 9.293326e+03 9.267073e+03 9.230391e+03
22.5 9.288791e+03 9.291049e+03 9.269135e+03 9.266877e+03
23.5 9.300026e+03 9.289074e+03 9.272249e+03 9.283201e+03
24.5 9.338132e+03 9.287382e+03 9.274842e+03 9.325591e+03
25.5 9.304492e+03 9.286996e+03 9.276485e+03 9.293981e+03
26.5 9.326843e+03 9.303599e+03 9.288023e+03 9.311266e+03
27.5 9.459012e+03 9.355706e+03 9.326445e+03 9.429751e+03
0.5 9.266697e+03 9.275724e+03 9.403797e+03 9.394771e+03
1.5 9.264799e+03 9.282820e+03 9.392815e+03 9.374794e+03
2.5 9.305299e+03 9.293404e+03 9.350812e+03 9.362707e+03
3.5 9.212353e+03 9.298400e+03 9.306558e+03 9.220511e+03
4.5 9.320357e+03 9.297988e+03 9.279973e+03 9.302342e+03
5.5 9.316071e+03 9.295778e+03 9.269054e+03 9.289347e+03
6.5 9.256644e+03 9.293326e+03 9.267073e+03 9.230391e+03
7.5 9.288791e+03 9.291049e+03 9.269135e+03 9.266877e+03
8.5 9.300026e+03 9.289074e+03 9.272249e+03 9.283201e+03
9.5 9.338132e+03 9.287382e+03 9.274842e+03 9.325591e+03
10.5 9.304492e+03 9.286996e+03 9.276485e+03 9.293981e+03
11.5 9.326843e+03 9.303599e+03 9.288023e+03 9.311266e+03
12.5 9.459012e+03 9.355706e+03 9.326445e+03 9.429751e+03
13.5 9.438982e+03 9.405419e+03 9.365952e+03 9.399514e+03
14.5 9.415414e+03 9.430873e+03 9.388188e+03 9.372729e+03
15.5 9.422974e+03 9.431791e+03 9.395670e+03 9.386854e+03
