0.5 6.678272e+03 6.691172e+03 6.679176e+03 6.666276e+03
1.5 6.667915e+03 6.671202e+03 6.676779e+03 6.673492e+03
2.5 6.680113e+03 6.649166e+03 6.668070e+03 6.699017e+03
3.5 6.619833e+03 6.646985e+03 6.659004e+03 6.631852e+03
4.5 6.617120e+03 6.655953e+03 6.653819e+03 6.614986e+03
5.5 6.662223e+03 6.664130e+03 6.651969e+03 6.650061e+03
6.5 6.682077e+03 6.669045e+03 6.651949e+03 6.664980e+03
7.5 6.642262e+03 6.671420e+03 6.652715e+03 6.623557e+03
8.5 6.674647e+03 6.672083e+03 6.653648e+03 6.656211e+03
9.5 6.685969e+03 6.671790e+03 6.654429e+03 6.668608e+03
10.5 6.708890e+03 6.674516e+03 6.654981e+03 6.689355e+03
11.5 6.620088e+03 6.677389e+03 6.657794e+03 6.600493e+03
12.5 6.656256e+03 6.655469e+03 6.666762e+03 6.667550e+03
13.5 6.670696e+03 6.618216e+03 6.675994e+03 6.728475e+03
14.5 6.631415e+03 6.589411e+03 6.681296e+03 6.723300e+03
15.5 6.557944e+03 6.571763e+03 6.683219e+03 6.669401e+03
16.5 6.639331e+03 6.563932e+03 6.680822e+03 6.756221e+03
17.5 6.647372e+03 6.586123e+03 6.671332e+03 6.732582e+03
18.5 6.620404e+03 6.625679e+03 6.661329e+03 6.656054e+03
19.5 6.618892e+03 6.656901e+03 6.655364e+03 6.617355e+03
20.5 6.624256e+03 6.672857e+03 6.652983e+03 6.604383e+03
21.5 6.755524e+03 6.677976e+03 6.652648e+03 6.730195e+03
22.5 6.601731e+03 6.677346e+03 6.653241e+03 6.577627e+03
23.5 6.700337e+03 6.674407e+03 6.654080e+03 6.680011e+03
24.5 6.642121e+03 6.671209e+03 6.654806e+03 6.625718e+03
25.5 6.683798e+03 6.669468e+03 6.655321e+03 6.669651e+03
26.5 6.706481e+03 6.674638e+03 6.658105e+03 6.689948e+03
27.5 6.750811e+03 6.690427e+03 6.667043e+03 6.727428e+03
0.5 6.557944e+03 6.571763e+03 6.683219e+03 6.669401e+03
1.5 6.639331e+03 6.563932e+03 6.680822e+03 6.756221e+03
2.5 6.647372e+03 6.586123e+03 6.671332e+03 6.732582e+03
3.5 6.620404e+03 6.625679e+03 6.661329e+03 6.656054e+03
4.5 6.618892e+03 6.656901e+03 6.655364e+03 6.617355e+03
5.5 6.624256e+03 6.672857e+03 6.652983e+03 6.604383e+03
6.5 6.755524e+03 6.677976e+03 6.652648e+03 6.730195e+03
7.5 6.601731e+03 6.677346e+03 6.653241e+03 6.577627e+03
8.5 6.700337e+03 6.674407e+03 6.654080e+03 6.680011e+03
9.5 6.642121e+03 6.671209e+03 6.654806e+03 6.625718e+03
10.5 6.683798e+03 6.669468e+03 6.655321e+03 6.669651e+03
11.5 6.706481e+03 6.674638e+03 6.658105e+03 6.689948e+03
12.5 6.750811e+03 6.690427e+03 6.667043e+03 6.727428e+03
13.5 6.751112e+03 6.704146e+03 6.676245e+03 6.723211e+03
14.5 6.643041e+03 6.710439e+03 6.681517e+03 6.614119e+03
15.5 6.709729e+03 6.711074e+03 6.683412e+03 6.682067e+03
16.5 6.748718e+03 6.703398e+03 6.680990e+03 6.726310e+03
17.5 6.675058e+03 6.684989e+03 6.671480e+03 6.661549e+03
18.5 6.661138e+03 6.669094e+03 6.661458e+03 6.653502e+03
19.5 6.673915e+03 6.661246e+03 6.655475e+03 6.668145e+03
20.5 6.707241e+03 6.658842e+03 6.653077e+03 6.701476e+03
21.5 6.666752e+03 6.659099e+03 6.652726e+03 6.660379e+03
22.5 6.694568e+03 6.660394e+03 6.653304e+03 6.687479e+03
23.5 6.659788e+03 6.661807e+03 6.654129e+03 6.652110e+03
24.5 6.665895e+03 6.662911e+03 6.654840e+03 6.657824e+03
25.5 6.710952e+03 6.664397e+03 6.655342e+03 6.701897e+03
26.5 6.651730e+03 6.671633e+03 6.658112e+03 6.638210e+03
27.5 6.688064e+03 6.688631e+03 6.667037e+03 6.666470e+03
0.5 6.709729e+03 6.711074e+03 6.683412e+03 6.682067e+03
1.5 6.748718e+03 6.703398e+03 6.680990e+03 6.726310e+03
2.5 6.675058e+03 6.684989e+03 6.671480e+03 6.661549e+03
3.5 6.661138e+03 6.669094e+03 6.661458e+03 6.653502e+03
4.5 6.673915e+03 6.661246e+03 6.655475e+03 6.668145e+03
5.5 6.707241e+03 6.658842e+03 6.653077e+03 6.701476e+03
6.5 6.666752e+03 6.659099e+03 6.652726e+03 6.660379e+03
7.5 6.694568e+03 6.660394e+03 6.653304e+03 6.687479e+03
8.5 6.659788e+03 6.661807e+03 6.654129e+03 6.652110e+03
9.5 6.665895e+03 6.662911e+03 6.654840e+03 6.657824e+03
10.5 6.710952e+03 6.664397e+03 6.655342e+03 6.701897e+03
11.5 6.651730e+03 6.671633e+03 6.658112e+03 6.638210e+03
12.5 6.688064e+03 6.688631e+03 6.667037e+03 6.666470e+03
13.5 6.687849e+03 6.703053e+03 6.676226e+03 6.661022e+03
14.5 6.671264e+03 6.709788e+03 6.681486e+03 6.642962e+03
15.5 6.677589e+03 6.710747e+03 6.683368e+03 6.650211e+03
16.5 6.721371e+03 6.703344e+03 6.680933e+03 6.698959e+03
17.5 6.680557e+03 6.685189e+03 6.671411e+03 6.666779e+03
18.5 6.660783e+03 6.669538e+03 6.661376e+03 6.652621e+03
19.5 6.679992e+03 6.661931e+03 6.655380e+03 6.673441e+03
20.5 6.681464e+03 6.659765e+03 6.652969e+03 6.674668e+03
21.5 6.619142e+03 6.660256e+03 6.652604e+03 6.611490e+03
22.5 6.649627e+03 6.661784e+03 6.653168e+03 6.641012e+03
23.5 6.686337e+03 6.663426e+03 6.653978e+03 6.676889e+03
24.5 6.638664e+03 6.664777e+03 6.654675e+03 6.628561e+03
25.5 6.656822e+03 6.669125e+03 6.655161e+03 6.642857e+03
26.5 6.744003e+03 6.673325e+03 6.657914e+03 6.728592e+03
27.5 6.622880e+03 6.652438e+03 6.666823e+03 6.637265e+03
0.5 6.677589e+03 6.710747e+03 6.683368e+03 6.650211e+03
1.5 6.721371e+03 6.703344e+03 6.680933e+03 6.698959e+03
2.5 6.680557e+03 6.685189e+03 6.671411e+03 6.666779e+03
3.5 6.660783e+03 6.669538e+03 6.661376e+03 6.652621e+03
4.5 6.679992e+03 6.661931e+03 6.655380e+03 6.673441e+03
5.5 6.681464e+03 6.659765e+03 6.652969e+03 6.674668e+03
6.5 6.619142e+03 6.660256e+03 6.652604e+03 6.611490e+03
7.5 6.649627e+03 6.661784e+03 6.653168e+03 6.641012e+03
8.5 6.686337e+03 6.663426e+03 6.653978e+03 6.676889e+03
9.5 6.638664e+03 6.664777e+03 6.654675e+03 6.628561e+03
10.5 6.656822e+03 6.669125e+03 6.655161e+03 6.642857e+03
11.5 6.744003e+03 6.673325e+03 6.657914e+03 6.728592e+03
12.5 6.622880e+03 6.652438e+03 6.666823e+03 6.637265e+03
13.5 6.587382e+03 6.616021e+03 6.675994e+03 6.647355e+03
14.5 6.568870e+03 6.587944e+03 6.681234e+03 6.662160e+03
15.5 6.588129e+03 6.570973e+03 6.683097e+03 6.700252e+03
16.5 6.512578e+03 6.563806e+03 6.680640e+03 6.629412e+03
17.5 6.545272e+03 6.586635e+03 6.671096e+03 6.629732e+03
18.5 6.569233e+03 6.626824e+03 6.661037e+03 6.603446e+03
19.5 6.612602e+03 6.658684e+03 6.655017e+03 6.608934e+03
20.5 6.589298e+03 6.675285e+03 6.652579e+03 6.566592e+03
21.5 6.577810e+03 6.681054e+03 6.652186e+03 6.548942e+03
22.5 6.593807e+03 6.681081e+03 6.652721e+03 6.565448e+03
23.5 6.755943e+03 6.678803e+03 6.653500e+03 6.730640e+03
24.5 6.655130e+03 6.676272e+03 6.654163e+03 6.633021e+03
25.5 6.698150e+03 6.675201e+03 6.654614e+03 6.677562e+03
26.5 6.644107e+03 6.681047e+03 6.657331e+03 6.620391e+03
27.5 6.714159e+03 6.697516e+03 6.666200e+03 6.682843e+03
0.5 6.588129e+03 6.570973e+03 6.683097e+03 6.700252e+03
1.5 6.512578e+03 6.563806e+03 6.680640e+03 6.629412e+03
2.5 6.545272e+03 6.586635e+03 6.671096e+03 6.629732e+03
3.5 6.569233e+03 6.626824e+03 6.661037e+03 6.603446e+03
4.5 6.612602e+03 6.658684e+03 6.655017e+03 6.608934e+03
5.5 6.589298e+03 6.675285e+03 6.652579e+03 6.566592e+03
6.5 6.577810e+03 6.681054e+03 6.652186e+03 6.548942e+03
7.5 6.593807e+03 6.681081e+03 6.652721e+03 6.565448e+03
8.5 6.755943e+03 6.678803e+03 6.653500e+03 6.730640e+03
9.5 6.655130e+03 6.676272e+03 6.654163e+03 6.633021e+03
10.5 6.698150e+03 6.675201e+03 6.654614e+03 6.677562e+03
11.5 6.644107e+03 6.681047e+03 6.657331e+03 6.620391e+03
12.5 6.714159e+03 6.697516e+03 6.666200e+03 6.682843e+03
13.5 6.756808e+03 6.711922e+03 6.675329e+03 6.720215e+03
14.5 6.718981e+03 6.718895e+03 6.680526e+03 6.680612e+03
15.5 6.756732e+03 6.720214e+03 6.682338e+03 6.718856e+03
16.5 6.689191e+03 6.713242e+03 6.679827e+03 6.655775e+03
17.5 6.713226e+03 6.695553e+03 6.670225e+03 6.687899e+03
18.5 6.716111e+03 6.680398e+03 6.660109e+03 6.695822e+03
19.5 6.727020e+03 6.673307e+03 6.654031e+03 6.707745e+03
20.5 6.748340e+03 6.671673e+03 6.651536e+03 6.728203e+03
21.5 6.688504e+03 6.672714e+03 6.651083e+03 6.666872e+03
22.5 6.719639e+03 6.674810e+03 6.651554e+03 6.696384e+03
23.5 6.673558e+03 6.677044e+03 6.652266e+03 6.648780e+03
24.5 6.700995e+03 6.679013e+03 6.652859e+03 6.674840e+03
25.5 6.730703e+03 6.684007e+03 6.653234e+03 6.699930e+03
26.5 6.678156e+03 6.688884e+03 6.655872e+03 6.645144e+03
27.5 6.598665e+03 6.668703e+03 6.664655e+03 6.594617e+03
0.5 6.756732e+03 6.720214e+03 6.682338e+03 6.718856e+03
1.5 6.689191e+03 6.713242e+03 6.679827e+03 6.655775e+03
2.5 6.713226e+03 6.695553e+03 6.670225e+03 6.687899e+03
3.5 6.716111e+03 6.680398e+03 6.660109e+03 6.695822e+03
4.5 6.727020e+03 6.673307e+03 6.654031e+03 6.707745e+03
5.5 6.748340e+03 6.671673e+03 6.651536e+03 6.728203e+03
6.5 6.688504e+03 6.672714e+03 6.651083e+03 6.666872e+03
7.5 6.719639e+03 6.674810e+03 6.651554e+03 6.696384e+03
8.5 6.673558e+03 6.677044e+03 6.652266e+03 6.648780e+03
9.5 6.700995e+03 6.679013e+03 6.652859e+03 6.674840e+03
10.5 6.730703e+03 6.684007e+03 6.653234e+03 6.699930e+03
11.5 6.678156e+03 6.688884e+03 6.655872e+03 6.645144e+03
12.5 6.598665e+03 6.668703e+03 6.664655e+03 6.594617e+03
13.5 6.608605e+03 6.633049e+03 6.673686e+03 6.649243e+03
14.5 6.609596e+03 6.605852e+03 6.678769e+03 6.682513e+03
15.5 6.567377e+03 6.594778e+03 6.680480e+03 6.653079e+03
