0.5 9.254771e+03 9.287779e+03 9.317789e+03 9.284781e+03
1.5 9.293310e+03 9.309076e+03 9.321559e+03 9.305793e+03
2.5 9.302925e+03 9.365028e+03 9.334709e+03 9.272606e+03
3.5 9.463978e+03 9.418143e+03 9.348374e+03 9.394208e+03
4.5 9.460489e+03 9.446861e+03 9.356247e+03 9.369874e+03
5.5 9.385224e+03 9.455774e+03 9.359118e+03 9.288568e+03
6.5 9.499706e+03 9.438072e+03 9.355569e+03 9.417203e+03
7.5 9.413268e+03 9.380832e+03 9.341463e+03 9.373899e+03
8.5 9.342687e+03 9.325220e+03 9.326596e+03 9.344064e+03
9.5 9.303218e+03 9.294670e+03 9.317746e+03 9.326293e+03
10.5 9.296256e+03 9.284006e+03 9.314232e+03 9.326482e+03
11.5 9.269001e+03 9.284050e+03 9.313765e+03 9.298716e+03
12.5 9.232671e+03 9.288688e+03 9.314682e+03 9.258664e+03
13.5 9.262361e+03 9.294282e+03 9.315964e+03 9.284042e+03
14.5 9.291291e+03 9.298977e+03 9.317076e+03 9.309390e+03
15.5 9.232258e+03 9.300928e+03 9.317844e+03 9.249174e+03
16.5 9.265504e+03 9.296378e+03 9.318302e+03 9.287428e+03
17.5 9.335633e+03 9.287220e+03 9.318550e+03 9.366964e+03
18.5 9.302635e+03 9.282789e+03 9.318680e+03 9.338525e+03
19.5 9.280154e+03 9.283169e+03 9.318750e+03 9.315734e+03
20.5 9.297362e+03 9.286298e+03 9.318791e+03 9.329855e+03
21.5 9.272839e+03 9.294741e+03 9.318819e+03 9.296917e+03
22.5 9.308175e+03 9.306686e+03 9.318838e+03 9.320328e+03
0.5 9.251832e+03 9.309641e+03 9.318057e+03 9.260248e+03
1.5 9.278592e+03 9.327381e+03 9.321685e+03 9.272897e+03
2.5 9.473713e+03 9.380694e+03 9.334682e+03 9.427701e+03
3.5 9.429590e+03 9.431726e+03 9.348184e+03 9.346048e+03
4.5 9.464200e+03 9.458658e+03 9.355886e+03 9.361428e+03
5.5 9.416564e+03 9.465940e+03 9.358582e+03 9.309206e+03
6.5 9.440869e+03 9.446686e+03 9.354855e+03 9.349038e+03
7.5 9.421248e+03 9.387975e+03 9.340576e+03 9.373850e+03
8.5 9.366724e+03 9.330917e+03 9.325531e+03 9.361338e+03
9.5 9.351154e+03 9.298942e+03 9.316499e+03 9.368711e+03
10.5 9.265024e+03 9.286867e+03 9.312799e+03 9.290956e+03
11.5 9.270764e+03 9.285517e+03 9.312143e+03 9.297390e+03
12.5 9.357855e+03 9.288777e+03 9.312867e+03 9.381945e+03
13.5 9.374858e+03 9.293006e+03 9.313952e+03 9.395804e+03
14.5 9.359830e+03 9.296349e+03 9.314864e+03 9.378345e+03
15.5 9.269243e+03 9.296959e+03 9.315429e+03 9.287713e+03
16.5 9.223920e+03 9.291078e+03 9.315679e+03 9.248521e+03
17.5 9.227882e+03 9.280597e+03 9.315716e+03 9.263001e+03
18.5 9.183622e+03 9.274849e+03 9.315630e+03 9.224403e+03
19.5 9.249728e+03 9.273926e+03 9.315479e+03 9.291282e+03
20.5 9.266697e+03 9.275724e+03 9.315295e+03 9.306268e+03
21.5 9.264799e+03 9.282820e+03 9.315091e+03 9.297070e+03
22.5 9.305299e+03 9.293404e+03 9.314874e+03 9.326769e+03
0.5 9.304492e+03 9.286996e+03 9.312703e+03 9.330199e+03
1.5 9.326843e+03 9.303599e+03 9.316076e+03 9.339320e+03
2.5 9.459012e+03 9.355706e+03 9.328801e+03 9.432107e+03
3.5 9.438982e+03 9.405419e+03 9.342003e+03 9.375565e+03
4.5 9.415414e+03 9.430873e+03 9.349375e+03 9.333916e+03
5.5 9.422974e+03 9.431791e+03 9.351712e+03 9.342896e+03
