0.5 7.510970e+03 7.556502e+03 7.561130e+03 7.515598e+03
1.5 7.533593e+03 7.552103e+03 7.573161e+03 7.554651e+03
2.5 7.549134e+03 7.556218e+03 7.616895e+03 7.609811e+03
3.5 7.574150e+03 7.570041e+03 7.662378e+03 7.666487e+03
4.5 7.548616e+03 7.582779e+03 7.688311e+03 7.654148e+03
5.5 7.633265e+03 7.592020e+03 7.697373e+03 7.738618e+03
6.5 7.551212e+03 7.599852e+03 7.684776e+03 7.636136e+03
7.5 7.601470e+03 7.595983e+03 7.636565e+03 7.642052e+03
8.5 7.631194e+03 7.580971e+03 7.585813e+03 7.636036e+03
9.5 7.568215e+03 7.566686e+03 7.555423e+03 7.556952e+03
10.5 7.529935e+03 7.558386e+03 7.543098e+03 7.514646e+03
11.5 7.457845e+03 7.554942e+03 7.541101e+03 7.444005e+03
12.5 7.571741e+03 7.554265e+03 7.543812e+03 7.561288e+03
13.5 7.487499e+03 7.554857e+03 7.547791e+03 7.480434e+03
14.5 7.495363e+03 7.555748e+03 7.551231e+03 7.490846e+03
15.5 7.603415e+03 7.554136e+03 7.553641e+03 7.602920e+03
16.5 7.584894e+03 7.549069e+03 7.567493e+03 7.603318e+03
17.5 7.637535e+03 7.552929e+03 7.612342e+03 7.696948e+03
18.5 7.677895e+03 7.566655e+03 7.658544e+03 7.769784e+03
19.5 7.663400e+03 7.579341e+03 7.684998e+03 7.769057e+03
20.5 7.572814e+03 7.588532e+03 7.694488e+03 7.678769e+03
21.5 7.556621e+03 7.596308e+03 7.682276e+03 7.642590e+03
22.5 7.589807e+03 7.592371e+03 7.634428e+03 7.631864e+03
0.5 7.603415e+03 7.554136e+03 7.553641e+03 7.602920e+03
1.5 7.584894e+03 7.549069e+03 7.567493e+03 7.603318e+03
2.5 7.637535e+03 7.552929e+03 7.612342e+03 7.696948e+03
3.5 7.677895e+03 7.566655e+03 7.658544e+03 7.769784e+03
4.5 7.663400e+03 7.579341e+03 7.684998e+03 7.769057e+03
5.5 7.572814e+03 7.588532e+03 7.694488e+03 7.678769e+03
6.5 7.556621e+03 7.596308e+03 7.682276e+03 7.642590e+03
7.5 7.589807e+03 7.592371e+03 7.634428e+03 7.631864e+03
8.5 7.589882e+03 7.577282e+03 7.584024e+03 7.596623e+03
9.5 7.618060e+03 7.562911e+03 7.553969e+03 7.609118e+03
10.5 7.630005e+03 7.554517e+03 7.541968e+03 7.617455e+03
11.5 7.592792e+03 7.550971e+03 7.540285e+03 7.582106e+03
12.5 7.546894e+03 7.550185e+03 7.543297e+03 7.540007e+03
13.5 7.555268e+03 7.550661e+03 7.547568e+03 7.552175e+03
14.5 7.524309e+03 7.551475e+03 7.551287e+03 7.524121e+03
15.5 7.510140e+03 7.555536e+03 7.553868e+03 7.508471e+03
16.5 7.560015e+03 7.583397e+03 7.555421e+03 7.532039e+03
17.5 7.737585e+03 7.648171e+03 7.556289e+03 7.645703e+03
18.5 7.738671e+03 7.701325e+03 7.556780e+03 7.594127e+03
19.5 7.716717e+03 7.724661e+03 7.557093e+03 7.549149e+03
20.5 7.651185e+03 7.725999e+03 7.557332e+03 7.482518e+03
21.5 7.693828e+03 7.694899e+03 7.557548e+03 7.556477e+03
22.5 7.621281e+03 7.623770e+03 7.557761e+03 7.555272e+03
0.5 7.528712e+03 7.541422e+03 7.559813e+03 7.547103e+03
1.5 7.488753e+03 7.536620e+03 7.572650e+03 7.524783e+03
2.5 7.448607e+03 7.540295e+03 7.617167e+03 7.525479e+03
3.5 7.486620e+03 7.553640e+03 7.663411e+03 7.596392e+03
4.5 7.564509e+03 7.565885e+03 7.690086e+03 7.688710e+03
5.5 7.551273e+03 7.574619e+03 7.699878e+03 7.676531e+03
6.5 7.574850e+03 7.581885e+03 7.687994e+03 7.680958e+03
7.5 7.590038e+03 7.577395e+03 7.640480e+03 7.653123e+03
8.5 7.522395e+03 7.561695e+03 7.590409e+03 7.551109e+03
9.5 7.590326e+03 7.546666e+03 7.560687e+03 7.604348e+03
10.5 7.609222e+03 7.537575e+03 7.549018e+03 7.620664e+03
11.5 7.503207e+03 7.533294e+03 7.547667e+03 7.517579e+03
12.5 7.555832e+03 7.531735e+03 7.551013e+03 7.575110e+03
13.5 7.591079e+03 7.531393e+03 7.555622e+03 7.615308e+03
14.5 7.549663e+03 7.531342e+03 7.559686e+03 7.578007e+03
15.5 7.602975e+03 7.534486e+03 7.562620e+03 7.631108e+03
16.5 7.625039e+03 7.561370e+03 7.564537e+03 7.628205e+03
17.5 7.642011e+03 7.625084e+03 7.565780e+03 7.582708e+03
18.5 7.712014e+03 7.677049e+03 7.566662e+03 7.601626e+03
19.5 7.742194e+03 7.698978e+03 7.567381e+03 7.610597e+03
20.5 7.706782e+03 7.687799e+03 7.568047e+03 7.587031e+03
