0.5 9.048725e+03 9.301017e+03 9.391630e+03 9.139337e+03
1.5 9.179253e+03 9.290199e+03 9.380251e+03 9.269305e+03
2.5 9.216577e+03 9.255179e+03 9.371646e+03 9.333044e+03
3.5 9.307809e+03 9.230683e+03 9.376243e+03 9.453368e+03
4.5 9.281072e+03 9.224149e+03 9.385631e+03 9.442554e+03
5.5 9.255002e+03 9.229704e+03 9.395558e+03 9.420856e+03
6.5 9.061813e+03 9.255748e+03 9.410307e+03 9.216372e+03
7.5 9.321492e+03 9.301883e+03 9.420122e+03 9.439732e+03
8.5 9.539562e+03 9.334075e+03 9.415519e+03 9.621006e+03
9.5 9.324219e+03 9.345749e+03 9.405613e+03 9.384083e+03
10.5 9.314286e+03 9.347119e+03 9.398296e+03 9.365463e+03
11.5 9.265623e+03 9.344678e+03 9.394422e+03 9.315367e+03
12.5 9.378924e+03 9.341271e+03 9.392884e+03 9.430537e+03
13.5 9.239495e+03 9.338305e+03 9.392697e+03 9.293888e+03
14.5 9.152144e+03 9.336259e+03 9.393102e+03 9.208987e+03
15.5 9.543499e+03 9.331501e+03 9.390421e+03 9.602419e+03
16.5 9.401794e+03 9.309464e+03 9.379493e+03 9.471823e+03
17.5 9.618334e+03 9.267843e+03 9.371172e+03 9.721664e+03
18.5 9.455918e+03 9.239310e+03 9.375923e+03 9.592531e+03
19.5 9.432837e+03 9.229991e+03 9.385386e+03 9.588232e+03
20.5 9.196290e+03 9.233316e+03 9.395348e+03 9.358321e+03
21.5 9.291341e+03 9.257363e+03 9.410113e+03 9.444091e+03
22.5 9.295031e+03 9.301596e+03 9.419939e+03 9.413374e+03
0.5 9.543499e+03 9.331501e+03 9.390421e+03 9.602419e+03
1.5 9.401794e+03 9.309464e+03 9.379493e+03 9.471823e+03
2.5 9.618334e+03 9.267843e+03 9.371172e+03 9.721664e+03
3.5 9.455918e+03 9.239310e+03 9.375923e+03 9.592531e+03
4.5 9.432837e+03 9.229991e+03 9.385386e+03 9.588232e+03
5.5 9.196290e+03 9.233316e+03 9.395348e+03 9.358321e+03
6.5 9.291341e+03 9.257363e+03 9.410113e+03 9.444091e+03
7.5 9.295031e+03 9.301596e+03 9.419939e+03 9.413374e+03
8.5 9.423602e+03 9.331940e+03 9.415342e+03 9.507004e+03
9.5 9.545265e+03 9.341795e+03 9.405442e+03 9.608912e+03
10.5 9.361465e+03 9.341370e+03 9.398131e+03 9.418226e+03
11.5 9.410481e+03 9.337156e+03 9.394264e+03 9.467589e+03
12.5 9.369743e+03 9.332001e+03 9.392731e+03 9.430474e+03
13.5 9.527039e+03 9.327311e+03 9.392550e+03 9.592278e+03
14.5 9.472133e+03 9.323572e+03 9.392986e+03 9.541547e+03
15.5 9.118627e+03 9.318681e+03 9.393545e+03 9.193490e+03
16.5 9.189699e+03 9.382068e+03 9.393986e+03 9.201618e+03
17.5 9.814346e+03 9.636915e+03 9.394260e+03 9.571691e+03
18.5 1.002951e+04 9.912746e+03 9.394404e+03 9.511167e+03
19.5 1.002431e+04 1.007556e+04 9.394468e+03 9.343213e+03
20.5 9.930974e+03 1.013787e+04 9.394493e+03 9.187594e+03
21.5 9.969003e+03 1.007456e+04 9.394500e+03 9.288941e+03
22.5 9.753964e+03 9.794456e+03 9.394500e+03 9.354008e+03
0.5 9.203282e+03 9.261067e+03 9.391209e+03 9.333424e+03
1.5 9.018507e+03 9.244910e+03 9.379842e+03 9.153438e+03
2.5 8.962243e+03 9.204517e+03 9.371248e+03 9.128974e+03
3.5 8.950939e+03 9.174608e+03 9.375856e+03 9.152187e+03
4.5 9.005625e+03 9.162612e+03 9.385253e+03 9.228266e+03
5.5 9.196059e+03 9.162583e+03 9.395187e+03 9.428662e+03
6.5 9.221152e+03 9.182966e+03 9.409944e+03 9.448131e+03
7.5 9.219955e+03 9.223352e+03 9.419768e+03 9.416371e+03
8.5 8.947485e+03 9.249713e+03 9.415172e+03 9.112944e+03
9.5 9.315355e+03 9.255466e+03 9.405273e+03 9.465163e+03
10.5 9.254171e+03 9.250803e+03 9.397962e+03 9.401330e+03
11.5 9.236301e+03 9.242194e+03 9.394094e+03 9.388201e+03
12.5 9.230064e+03 9.232460e+03 9.392560e+03 9.390164e+03
13.5 9.372161e+03 9.222989e+03 9.392376e+03 9.541549e+03
14.5 9.286008e+03 9.214245e+03 9.392809e+03 9.464572e+03
15.5 9.487917e+03 9.204105e+03 9.393363e+03 9.677174e+03
16.5 9.453074e+03 9.261981e+03 9.393798e+03 9.584891e+03
17.5 9.545755e+03 9.510980e+03 9.394065e+03 9.428840e+03
18.5 9.870722e+03 9.780414e+03 9.394201e+03 9.484509e+03
19.5 9.854798e+03 9.936194e+03 9.394256e+03 9.312860e+03
20.5 9.979560e+03 9.990748e+03 9.394271e+03 9.383083e+03
