0.5 9.225944e+03 9.275965e+03 9.392552e+03 9.342531e+03
1.5 9.414025e+03 9.346745e+03 9.384373e+03 9.451653e+03
2.5 9.542688e+03 9.607864e+03 9.378400e+03 9.313224e+03
3.5 9.970902e+03 9.889432e+03 9.382023e+03 9.463494e+03
4.5 1.017787e+04 1.005775e+04 9.389008e+03 9.509131e+03
5.5 1.000679e+04 1.012545e+04 9.396284e+03 9.277620e+03
6.5 1.013942e+04 1.006747e+04 9.406934e+03 9.478884e+03
7.5 1.008959e+04 9.792514e+03 9.413786e+03 9.710859e+03
8.5 9.595295e+03 9.490453e+03 9.410151e+03 9.514993e+03
9.5 9.405812e+03 9.305351e+03 9.402792e+03 9.503253e+03
10.5 9.281350e+03 9.229887e+03 9.397422e+03 9.448885e+03
11.5 9.027839e+03 9.218590e+03 9.394613e+03 9.203862e+03
12.5 9.003476e+03 9.237007e+03 9.393528e+03 9.159996e+03
13.5 9.044956e+03 9.263830e+03 9.393431e+03 9.174557e+03
14.5 9.078150e+03 9.287644e+03 9.393779e+03 9.184285e+03
15.5 9.048725e+03 9.301017e+03 9.394209e+03 9.141916e+03
16.5 9.179253e+03 9.290199e+03 9.394547e+03 9.283601e+03
17.5 9.216577e+03 9.255179e+03 9.394760e+03 9.356158e+03
18.5 9.307809e+03 9.230683e+03 9.394875e+03 9.472000e+03
19.5 9.281072e+03 9.224149e+03 9.394932e+03 9.451855e+03
20.5 9.255002e+03 9.229704e+03 9.394960e+03 9.420258e+03
21.5 9.061813e+03 9.255748e+03 9.394974e+03 9.201039e+03
22.5 9.321492e+03 9.301883e+03 9.394983e+03 9.414593e+03
0.5 9.118627e+03 9.318681e+03 9.392730e+03 9.192676e+03
1.5 9.189699e+03 9.382068e+03 9.384562e+03 9.192194e+03
2.5 9.814346e+03 9.636915e+03 9.378600e+03 9.556031e+03
3.5 1.002951e+04 9.912746e+03 9.382230e+03 9.498993e+03
4.5 1.002431e+04 1.007556e+04 9.389219e+03 9.337963e+03
5.5 9.930974e+03 1.013787e+04 9.396496e+03 9.189596e+03
6.5 9.969003e+03 1.007456e+04 9.407141e+03 9.301582e+03
7.5 9.753964e+03 9.794456e+03 9.413989e+03 9.373497e+03
8.5 9.551207e+03 9.487230e+03 9.410356e+03 9.474333e+03
9.5 9.282717e+03 9.296942e+03 9.402998e+03 9.388773e+03
10.5 9.109562e+03 9.216270e+03 9.397629e+03 9.290921e+03
11.5 9.098282e+03 9.199747e+03 9.394821e+03 9.293356e+03
12.5 9.393493e+03 9.212919e+03 9.393736e+03 9.574310e+03
13.5 9.350928e+03 9.234477e+03 9.393639e+03 9.510090e+03
14.5 9.226163e+03 9.253005e+03 9.393988e+03 9.367146e+03
15.5 9.203282e+03 9.261067e+03 9.394418e+03 9.336633e+03
16.5 9.018507e+03 9.244910e+03 9.394757e+03 9.168353e+03
17.5 8.962243e+03 9.204517e+03 9.394970e+03 9.152696e+03
18.5 8.950939e+03 9.174608e+03 9.395086e+03 9.171417e+03
19.5 9.005625e+03 9.162612e+03 9.395145e+03 9.238158e+03
20.5 9.196059e+03 9.162583e+03 9.395175e+03 9.428650e+03
21.5 9.221152e+03 9.182966e+03 9.395191e+03 9.433378e+03
22.5 9.219955e+03 9.223352e+03 9.395203e+03 9.391806e+03
0.5 9.487917e+03 9.204105e+03 9.392931e+03 9.676743e+03
1.5 9.453074e+03 9.261981e+03 9.384777e+03 9.575870e+03
2.5 9.545755e+03 9.510980e+03 9.378837e+03 9.413611e+03
3.5 9.870722e+03 9.780414e+03 9.382497e+03 9.472805e+03
4.5 9.854798e+03 9.936194e+03 9.389516e+03 9.308120e+03
5.5 9.979560e+03 9.990748e+03 9.396819e+03 9.385630e+03
