0.5 7.592249e+03 7.569402e+03 7.595770e+03 7.618617e+03
1.5 7.567022e+03 7.596788e+03 7.645738e+03 7.615971e+03
2.5 7.564302e+03 7.661408e+03 7.682233e+03 7.585126e+03
3.5 7.710240e+03 7.714514e+03 7.660100e+03 7.655826e+03
4.5 7.755099e+03 7.737834e+03 7.617423e+03 7.634687e+03
5.5 7.670868e+03 7.739177e+03 7.572965e+03 7.504656e+03
6.5 7.710521e+03 7.708102e+03 7.507895e+03 7.510314e+03
7.5 7.716922e+03 7.637016e+03 7.466032e+03 7.545938e+03
8.5 7.615217e+03 7.577556e+03 7.488237e+03 7.525898e+03
9.5 7.544639e+03 7.549304e+03 7.533201e+03 7.528535e+03
10.5 7.550973e+03 7.541226e+03 7.566014e+03 7.575761e+03
11.5 7.539967e+03 7.542655e+03 7.583173e+03 7.580485e+03
12.5 7.530445e+03 7.547619e+03 7.589805e+03 7.572630e+03
13.5 7.545518e+03 7.552782e+03 7.590395e+03 7.583132e+03
14.5 7.504300e+03 7.556590e+03 7.588270e+03 7.535979e+03
15.5 7.510970e+03 7.556502e+03 7.585644e+03 7.540112e+03
16.5 7.533593e+03 7.552103e+03 7.583576e+03 7.565066e+03
17.5 7.549134e+03 7.556218e+03 7.582278e+03 7.575194e+03
18.5 7.574150e+03 7.570041e+03 7.581573e+03 7.585682e+03
19.5 7.548616e+03 7.582779e+03 7.581224e+03 7.547061e+03
20.5 7.633265e+03 7.592020e+03 7.581055e+03 7.622300e+03
21.5 7.551212e+03 7.599852e+03 7.580968e+03 7.532328e+03
22.5 7.601470e+03 7.595983e+03 7.580913e+03 7.586399e+03
0.5 7.510140e+03 7.555536e+03 7.594680e+03 7.549283e+03
1.5 7.560015e+03 7.583397e+03 7.644585e+03 7.621203e+03
2.5 7.737585e+03 7.648171e+03 7.681013e+03 7.770427e+03
3.5 7.738671e+03 7.701325e+03 7.658834e+03 7.696181e+03
4.5 7.716717e+03 7.724661e+03 7.616135e+03 7.608191e+03
5.5 7.651185e+03 7.725999e+03 7.571673e+03 7.496859e+03
6.5 7.693828e+03 7.694899e+03 7.506632e+03 7.505560e+03
7.5 7.621281e+03 7.623770e+03 7.464790e+03 7.462302e+03
8.5 7.580172e+03 7.564222e+03 7.486986e+03 7.502936e+03
9.5 7.482686e+03 7.535841e+03 7.531943e+03 7.478788e+03
10.5 7.396498e+03 7.527593e+03 7.564751e+03 7.433656e+03
11.5 7.473000e+03 7.528810e+03 7.581907e+03 7.526096e+03
12.5 7.516040e+03 7.533523e+03 7.588535e+03 7.571051e+03
13.5 7.542022e+03 7.538396e+03 7.589124e+03 7.592750e+03
14.5 7.566584e+03 7.541876e+03 7.586996e+03 7.611704e+03
15.5 7.528712e+03 7.541422e+03 7.584368e+03 7.571658e+03
16.5 7.488753e+03 7.536620e+03 7.582298e+03 7.534430e+03
17.5 7.448607e+03 7.540295e+03 7.580995e+03 7.489307e+03
18.5 7.486620e+03 7.553640e+03 7.580285e+03 7.513266e+03
19.5 7.564509e+03 7.565885e+03 7.579925e+03 7.578549e+03
20.5 7.551273e+03 7.574619e+03 7.579743e+03 7.556396e+03
21.5 7.574850e+03 7.581885e+03 7.579642e+03 7.572606e+03
22.5 7.590038e+03 7.577395e+03 7.579570e+03 7.592213e+03
0.5 7.602975e+03 7.534486e+03 7.593450e+03 7.661939e+03
1.5 7.625039e+03 7.561370e+03 7.643273e+03 7.706942e+03
2.5 7.642011e+03 7.625084e+03 7.679566e+03 7.696493e+03
3.5 7.712014e+03 7.677049e+03 7.657201e+03 7.692166e+03
4.5 7.742194e+03 7.698978e+03 7.614316e+03 7.657532e+03
5.5 7.706782e+03 7.687799e+03 7.569697e+03 7.588681e+03
