0.5 9.514925e+03 9.502068e+03 9.501364e+03 9.514222e+03
1.5 9.426583e+03 9.521143e+03 9.490525e+03 9.395965e+03
2.5 9.509137e+03 9.504557e+03 9.451149e+03 9.455729e+03
3.5 9.473133e+03 9.452518e+03 9.410159e+03 9.430774e+03
4.5 9.418613e+03 9.405835e+03 9.386720e+03 9.399498e+03
5.5 9.412659e+03 9.381083e+03 9.378352e+03 9.409927e+03
6.5 9.399404e+03 9.373089e+03 9.378262e+03 9.404577e+03
7.5 9.375877e+03 9.374176e+03 9.381727e+03 9.383428e+03
8.5 9.332564e+03 9.379122e+03 9.385945e+03 9.339387e+03
9.5 9.360063e+03 9.384749e+03 9.389474e+03 9.364787e+03
10.5 9.352007e+03 9.391212e+03 9.391970e+03 9.352765e+03
11.5 9.399227e+03 9.414577e+03 9.404691e+03 9.389341e+03
12.5 9.386932e+03 9.471117e+03 9.445238e+03 9.361053e+03
13.5 9.545942e+03 9.522073e+03 9.486979e+03 9.510848e+03
14.5 9.568963e+03 9.548079e+03 9.510948e+03 9.531832e+03
15.5 9.476335e+03 9.554537e+03 9.519644e+03 9.441442e+03
16.5 9.571194e+03 9.533944e+03 9.508808e+03 9.546057e+03
17.5 9.517860e+03 9.475618e+03 9.465900e+03 9.508142e+03
18.5 9.442873e+03 9.421790e+03 9.420670e+03 9.441753e+03
19.5 9.429555e+03 9.393587e+03 9.393703e+03 9.429671e+03
20.5 9.409888e+03 9.384351e+03 9.382937e+03 9.408474e+03
21.5 9.388367e+03 9.384924e+03 9.381421e+03 9.384865e+03
22.5 9.348072e+03 9.389539e+03 9.384105e+03 9.342638e+03
23.5 9.375745e+03 9.394830e+03 9.387899e+03 9.368815e+03
24.5 9.385501e+03 9.399118e+03 9.391181e+03 9.377564e+03
25.5 9.346672e+03 9.399758e+03 9.393510e+03 9.340424e+03
26.5 9.364324e+03 9.396793e+03 9.406095e+03 9.373626e+03
27.5 9.437397e+03 9.403520e+03 9.446508e+03 9.480386e+03
0.5 9.476335e+03 9.554537e+03 9.519644e+03 9.441442e+03
1.5 9.571194e+03 9.533944e+03 9.508808e+03 9.546057e+03
2.5 9.517860e+03 9.475618e+03 9.465900e+03 9.508142e+03
3.5 9.442873e+03 9.421790e+03 9.420670e+03 9.441753e+03
4.5 9.429555e+03 9.393587e+03 9.393703e+03 9.429671e+03
5.5 9.409888e+03 9.384351e+03 9.382937e+03 9.408474e+03
6.5 9.388367e+03 9.384924e+03 9.381421e+03 9.384865e+03
7.5 9.348072e+03 9.389539e+03 9.384105e+03 9.342638e+03
8.5 9.375745e+03 9.394830e+03 9.387899e+03 9.368815e+03
9.5 9.385501e+03 9.399118e+03 9.391181e+03 9.377564e+03
10.5 9.346672e+03 9.399758e+03 9.393510e+03 9.340424e+03
11.5 9.364324e+03 9.396793e+03 9.406095e+03 9.373626e+03
12.5 9.437397e+03 9.403520e+03 9.446508e+03 9.480386e+03
13.5 9.448395e+03 9.419704e+03 9.488113e+03 9.516804e+03
14.5 9.429544e+03 9.433877e+03 9.511948e+03 9.507615e+03
15.5 9.465789e+03 9.443827e+03 9.520518e+03 9.542480e+03
16.5 9.427267e+03 9.451372e+03 9.509564e+03 9.485459e+03
17.5 9.457138e+03 9.445864e+03 9.466568e+03 9.477841e+03
18.5 9.485369e+03 9.429377e+03 9.421253e+03 9.477245e+03
19.5 9.399703e+03 9.414510e+03 9.394206e+03 9.379400e+03
20.5 9.386003e+03 9.406270e+03 9.383364e+03 9.363098e+03
21.5 9.327877e+03 9.403203e+03 9.381776e+03 9.306451e+03
22.5 9.407514e+03 9.403021e+03 9.384390e+03 9.388883e+03
23.5 9.327902e+03 9.404109e+03 9.388118e+03 9.311911e+03
24.5 9.318445e+03 9.405445e+03 9.391336e+03 9.304336e+03
25.5 9.439644e+03 9.404279e+03 9.393603e+03 9.428968e+03
26.5 9.396788e+03 9.400265e+03 9.406127e+03 9.402651e+03
27.5 9.448403e+03 9.406343e+03 9.446482e+03 9.488542e+03
0.5 9.465789e+03 9.443827e+03 9.520518e+03 9.542480e+03
1.5 9.427267e+03 9.451372e+03 9.509564e+03 9.485459e+03
2.5 9.457138e+03 9.445864e+03 9.466568e+03 9.477841e+03
3.5 9.485369e+03 9.429377e+03 9.421253e+03 9.477245e+03
4.5 9.399703e+03 9.414510e+03 9.394206e+03 9.379400e+03
5.5 9.386003e+03 9.406270e+03 9.383364e+03 9.363098e+03
6.5 9.327877e+03 9.403203e+03 9.381776e+03 9.306451e+03
7.5 9.407514e+03 9.403021e+03 9.384390e+03 9.388883e+03
8.5 9.327902e+03 9.404109e+03 9.388118e+03 9.311911e+03
9.5 9.318445e+03 9.405445e+03 9.391336e+03 9.304336e+03
10.5 9.439644e+03 9.404279e+03 9.393603e+03 9.428968e+03
11.5 9.396788e+03 9.400265e+03 9.406127e+03 9.402651e+03
12.5 9.448403e+03 9.406343e+03 9.446482e+03 9.488542e+03
13.5 9.473869e+03 9.422059e+03 9.488028e+03 9.539838e+03
14.5 9.504213e+03 9.435838e+03 9.511806e+03 9.580181e+03
15.5 9.416638e+03 9.445422e+03 9.520319e+03 9.491535e+03
16.5 9.423894e+03 9.452614e+03 9.509309e+03 9.480588e+03
17.5 9.475029e+03 9.446762e+03 9.466255e+03 9.494522e+03
18.5 9.443040e+03 9.429938e+03 9.420883e+03 9.433985e+03
19.5 9.430614e+03 9.414740e+03 9.393777e+03 9.409651e+03
20.5 9.422377e+03 9.406176e+03 9.382875e+03 9.399076e+03
21.5 9.424032e+03 9.402790e+03 9.381225e+03 9.402467e+03
22.5 9.377717e+03 9.402297e+03 9.383776e+03 9.359196e+03
23.5 9.401890e+03 9.403079e+03 9.387438e+03 9.386249e+03
24.5 9.439739e+03 9.404144e+03 9.390588e+03 9.426182e+03
25.5 9.366168e+03 9.406737e+03 9.392784e+03 9.352215e+03
26.5 9.400654e+03 9.427189e+03 9.405234e+03 9.378699e+03
27.5 9.558829e+03 9.481590e+03 9.445510e+03 9.522749e+03
0.5 9.416638e+03 9.445422e+03 9.520319e+03 9.491535e+03
1.5 9.423894e+03 9.452614e+03 9.509309e+03 9.480588e+03
2.5 9.475029e+03 9.446762e+03 9.466255e+03 9.494522e+03
3.5 9.443040e+03 9.429938e+03 9.420883e+03 9.433985e+03
4.5 9.430614e+03 9.414740e+03 9.393777e+03 9.409651e+03
5.5 9.422377e+03 9.406176e+03 9.382875e+03 9.399076e+03
6.5 9.424032e+03 9.402790e+03 9.381225e+03 9.402467e+03
7.5 9.377717e+03 9.402297e+03 9.383776e+03 9.359196e+03
8.5 9.401890e+03 9.403079e+03 9.387438e+03 9.386249e+03
9.5 9.439739e+03 9.404144e+03 9.390588e+03 9.426182e+03
10.5 9.366168e+03 9.406737e+03 9.392784e+03 9.352215e+03
11.5 9.400654e+03 9.427189e+03 9.405234e+03 9.378699e+03
12.5 9.558829e+03 9.481590e+03 9.445510e+03 9.522749e+03
13.5 9.557675e+03 9.530906e+03 9.486975e+03 9.513744e+03
14.5 9.557440e+03 9.555553e+03 9.510668e+03 9.512555e+03
15.5 9.502201e+03 9.560799e+03 9.519090e+03 9.460492e+03
16.5 9.547917e+03 9.539067e+03 9.507984e+03 9.516834e+03
17.5 9.495718e+03 9.479670e+03 9.464830e+03 9.480877e+03
18.5 9.446493e+03 9.424791e+03 9.419351e+03 9.441053e+03
19.5 9.424323e+03 9.395549e+03 9.392133e+03 9.420907e+03
20.5 9.347756e+03 9.385285e+03 9.381112e+03 9.343583e+03
21.5 9.363156e+03 9.384837e+03 9.379336e+03 9.357655e+03
22.5 9.447120e+03 9.388439e+03 9.381753e+03 9.440434e+03
23.5 9.473008e+03 9.392723e+03 9.385275e+03 9.465560e+03
24.5 9.467397e+03 9.396009e+03 9.388275e+03 9.459662e+03
25.5 9.405672e+03 9.395650e+03 9.390313e+03 9.400334e+03
26.5 9.355794e+03 9.391688e+03 9.402595e+03 9.366701e+03
27.5 9.339443e+03 9.397418e+03 9.442695e+03 9.384720e+03
0.5 9.502201e+03 9.560799e+03 9.519090e+03 9.460492e+03
1.5 9.547917e+03 9.539067e+03 9.507984e+03 9.516834e+03
2.5 9.495718e+03 9.479670e+03 9.464830e+03 9.480877e+03
3.5 9.446493e+03 9.424791e+03 9.419351e+03 9.441053e+03
4.5 9.424323e+03 9.395549e+03 9.392133e+03 9.420907e+03
5.5 9.347756e+03 9.385285e+03 9.381112e+03 9.343583e+03
6.5 9.363156e+03 9.384837e+03 9.379336e+03 9.357655e+03
7.5 9.447120e+03 9.388439e+03 9.381753e+03 9.440434e+03
8.5 9.473008e+03 9.392723e+03 9.385275e+03 9.465560e+03
9.5 9.467397e+03 9.396009e+03 9.388275e+03 9.459662e+03
10.5 9.405672e+03 9.395650e+03 9.390313e+03 9.400334e+03
11.5 9.355794e+03 9.391688e+03 9.402595e+03 9.366701e+03
12.5 9.339443e+03 9.397418e+03 9.442695e+03 9.384720e+03
13.5 9.343028e+03 9.412604e+03 9.483972e+03 9.414397e+03
14.5 9.405129e+03 9.425792e+03 9.507467e+03 9.486804e+03
15.5 9.428659e+03 9.434727e+03 9.515659e+03 9.509591e+03
16.5 9.426022e+03 9.441226e+03 9.504308e+03 9.489104e+03
17.5 9.414703e+03 9.434650e+03 9.460895e+03 9.440948e+03
18.5 9.347861e+03 9.417079e+03 9.415156e+03 9.345938e+03
19.5 9.425155e+03 9.401126e+03 9.387678e+03 9.411707e+03
20.5 9.420898e+03 9.391797e+03 9.376393e+03 9.405494e+03
21.5 9.355506e+03 9.387630e+03 9.374345e+03 9.342222e+03
22.5 9.373198e+03 9.386327e+03 9.376477e+03 9.363347e+03
23.5 9.372127e+03 9.386267e+03 9.379695e+03 9.365555e+03
24.5 9.407583e+03 9.386451e+03 9.382375e+03 9.403507e+03
25.5 9.414890e+03 9.388120e+03 9.384074e+03 9.410844e+03
26.5 9.448026e+03 9.407600e+03 9.395998e+03 9.436425e+03
27.5 9.535266e+03 9.460962e+03 9.435710e+03 9.510014e+03
0.5 9.428659e+03 9.434727e+03 9.515659e+03 9.509591e+03
1.5 9.426022e+03 9.441226e+03 9.504308e+03 9.489104e+03
2.5 9.414703e+03 9.434650e+03 9.460895e+03 9.440948e+03
3.5 9.347861e+03 9.417079e+03 9.415156e+03 9.345938e+03
4.5 9.425155e+03 9.401126e+03 9.387678e+03 9.411707e+03
5.5 9.420898e+03 9.391797e+03 9.376393e+03 9.405494e+03
6.5 9.355506e+03 9.387630e+03 9.374345e+03 9.342222e+03
7.5 9.373198e+03 9.386327e+03 9.376477e+03 9.363347e+03
8.5 9.372127e+03 9.386267e+03 9.379695e+03 9.365555e+03
9.5 9.407583e+03 9.386451e+03 9.382375e+03 9.403507e+03
10.5 9.414890e+03 9.388120e+03 9.384074e+03 9.410844e+03
11.5 9.448026e+03 9.407600e+03 9.395998e+03 9.436425e+03
12.5 9.535266e+03 9.460962e+03 9.435710e+03 9.510014e+03
13.5 9.554662e+03 9.509134e+03 9.476543e+03 9.522072e+03
14.5 9.520609e+03 9.532457e+03 9.499525e+03 9.487677e+03
15.5 9.545308e+03 9.528142e+03 9.507259e+03 9.524425e+03
