0.5 7.435869e+03 7.544388e+03 7.609202e+03 7.500683e+03
1.5 7.427611e+03 7.568059e+03 7.637144e+03 7.496696e+03
2.5 7.536095e+03 7.571201e+03 7.658254e+03 7.623148e+03
3.5 7.633000e+03 7.541359e+03 7.646958e+03 7.738599e+03
4.5 7.542683e+03 7.508541e+03 7.623969e+03 7.658112e+03
5.5 7.505782e+03 7.489741e+03 7.607534e+03 7.623575e+03
6.5 7.478948e+03 7.483184e+03 7.599214e+03 7.594979e+03
7.5 7.337727e+03 7.483731e+03 7.596193e+03 7.450189e+03
8.5 7.399013e+03 7.487690e+03 7.596158e+03 7.507482e+03
9.5 7.512366e+03 7.492699e+03 7.597377e+03 7.617043e+03
10.5 7.452966e+03 7.500743e+03 7.590919e+03 7.543142e+03
11.5 7.513434e+03 7.587195e+03 7.564195e+03 7.490434e+03
12.5 7.805224e+03 7.853975e+03 7.543882e+03 7.495131e+03
13.5 8.157438e+03 8.118863e+03 7.555631e+03 7.594206e+03
14.5 8.278718e+03 8.265975e+03 7.578919e+03 7.591662e+03
15.5 8.199708e+03 8.314591e+03 7.603409e+03 7.488527e+03
16.5 8.306764e+03 8.233330e+03 7.639666e+03 7.713100e+03
17.5 8.283836e+03 7.949738e+03 7.663751e+03 7.997849e+03
18.5 7.777322e+03 7.663679e+03 7.652442e+03 7.766085e+03
19.5 7.474917e+03 7.499872e+03 7.628151e+03 7.603196e+03
20.5 7.522977e+03 7.438190e+03 7.610233e+03 7.695020e+03
21.5 7.356612e+03 7.433107e+03 7.600773e+03 7.524279e+03
22.5 7.262001e+03 7.453027e+03 7.597046e+03 7.406020e+03
23.5 7.304049e+03 7.478896e+03 7.596634e+03 7.421787e+03
24.5 7.229219e+03 7.500874e+03 7.597671e+03 7.326017e+03
25.5 7.328379e+03 7.515241e+03 7.591136e+03 7.404275e+03
26.5 7.547614e+03 7.514041e+03 7.564388e+03 7.597961e+03
27.5 7.630368e+03 7.489556e+03 7.544075e+03 7.684887e+03
0.5 8.199708e+03 8.314591e+03 7.603409e+03 7.488527e+03
1.5 8.306764e+03 8.233330e+03 7.639666e+03 7.713100e+03
2.5 8.283836e+03 7.949738e+03 7.663751e+03 7.997849e+03
3.5 7.777322e+03 7.663679e+03 7.652442e+03 7.766085e+03
4.5 7.474917e+03 7.499872e+03 7.628151e+03 7.603196e+03
5.5 7.522977e+03 7.438190e+03 7.610233e+03 7.695020e+03
6.5 7.356612e+03 7.433107e+03 7.600773e+03 7.524279e+03
7.5 7.262001e+03 7.453027e+03 7.597046e+03 7.406020e+03
8.5 7.304049e+03 7.478896e+03 7.596634e+03 7.421787e+03
9.5 7.229219e+03 7.500874e+03 7.597671e+03 7.326017e+03
10.5 7.328379e+03 7.515241e+03 7.591136e+03 7.404275e+03
11.5 7.547614e+03 7.514041e+03 7.564388e+03 7.597961e+03
12.5 7.630368e+03 7.489556e+03 7.544075e+03 7.684887e+03
13.5 7.605939e+03 7.464574e+03 7.555824e+03 7.697190e+03
14.5 7.489417e+03 7.451776e+03 7.579103e+03 7.616744e+03
15.5 7.505708e+03 7.449155e+03 7.603582e+03 7.660135e+03
16.5 7.367793e+03 7.460897e+03 7.639812e+03 7.546709e+03
17.5 7.599246e+03 7.493794e+03 7.663875e+03 7.769326e+03
18.5 7.679339e+03 7.525091e+03 7.652559e+03 7.806807e+03
19.5 7.567008e+03 7.542371e+03 7.628262e+03 7.652899e+03
20.5 7.479358e+03 7.548766e+03 7.610338e+03 7.540931e+03
21.5 7.407307e+03 7.549313e+03 7.600874e+03 7.458868e+03
22.5 7.577447e+03 7.547307e+03 7.597142e+03 7.627281e+03
23.5 7.303858e+03 7.544697e+03 7.596726e+03 7.355887e+03
24.5 7.367483e+03 7.542457e+03 7.597760e+03 7.422787e+03
25.5 7.840838e+03 7.540110e+03 7.591222e+03 7.891950e+03
26.5 7.754286e+03 7.528724e+03 7.564472e+03 7.790034e+03
27.5 7.727280e+03 7.498336e+03 7.544158e+03 7.773102e+03
0.5 7.505708e+03 7.449155e+03 7.603582e+03 7.660135e+03
1.5 7.367793e+03 7.460897e+03 7.639812e+03 7.546709e+03
2.5 7.599246e+03 7.493794e+03 7.663875e+03 7.769326e+03
3.5 7.679339e+03 7.525091e+03 7.652559e+03 7.806807e+03
4.5 7.567008e+03 7.542371e+03 7.628262e+03 7.652899e+03
5.5 7.479358e+03 7.548766e+03 7.610338e+03 7.540931e+03
6.5 7.407307e+03 7.549313e+03 7.600874e+03 7.458868e+03
7.5 7.577447e+03 7.547307e+03 7.597142e+03 7.627281e+03
8.5 7.303858e+03 7.544697e+03 7.596726e+03 7.355887e+03
9.5 7.367483e+03 7.542457e+03 7.597760e+03 7.422787e+03
10.5 7.840838e+03 7.540110e+03 7.591222e+03 7.891950e+03
11.5 7.754286e+03 7.528724e+03 7.564472e+03 7.790034e+03
12.5 7.727280e+03 7.498336e+03 7.544158e+03 7.773102e+03
13.5 7.693532e+03 7.469794e+03 7.555905e+03 7.779643e+03
14.5 7.502407e+03 7.454565e+03 7.579183e+03 7.627026e+03
15.5 7.400258e+03 7.450003e+03 7.603662e+03 7.553916e+03
16.5 7.491634e+03 7.460002e+03 7.639892e+03 7.671524e+03
17.5 7.547031e+03 7.491235e+03 7.663955e+03 7.719750e+03
18.5 7.475156e+03 7.520908e+03 7.652640e+03 7.606888e+03
19.5 7.600444e+03 7.536583e+03 7.628345e+03 7.692206e+03
20.5 7.649104e+03 7.541386e+03 7.610423e+03 7.718140e+03
21.5 7.551630e+03 7.540357e+03 7.600960e+03 7.612234e+03
22.5 7.681935e+03 7.536791e+03 7.597231e+03 7.742375e+03
23.5 7.642476e+03 7.532638e+03 7.596819e+03 7.706657e+03
24.5 7.489951e+03 7.528898e+03 7.597857e+03 7.558909e+03
25.5 7.349731e+03 7.529158e+03 7.591322e+03 7.411895e+03
26.5 7.449200e+03 7.609106e+03 7.564577e+03 7.404671e+03
27.5 8.238286e+03 7.870324e+03 7.544267e+03 7.912229e+03
0.5 7.400258e+03 7.450003e+03 7.603662e+03 7.553916e+03
1.5 7.491634e+03 7.460002e+03 7.639892e+03 7.671524e+03
2.5 7.547031e+03 7.491235e+03 7.663955e+03 7.719750e+03
3.5 7.475156e+03 7.520908e+03 7.652640e+03 7.606888e+03
4.5 7.600444e+03 7.536583e+03 7.628345e+03 7.692206e+03
5.5 7.649104e+03 7.541386e+03 7.610423e+03 7.718140e+03
6.5 7.551630e+03 7.540357e+03 7.600960e+03 7.612234e+03
7.5 7.681935e+03 7.536791e+03 7.597231e+03 7.742375e+03
8.5 7.642476e+03 7.532638e+03 7.596819e+03 7.706657e+03
9.5 7.489951e+03 7.528898e+03 7.597857e+03 7.558909e+03
10.5 7.349731e+03 7.529158e+03 7.591322e+03 7.411895e+03
11.5 7.449200e+03 7.609106e+03 7.564577e+03 7.404671e+03
12.5 8.238286e+03 7.870324e+03 7.544267e+03 7.912229e+03
13.5 8.167534e+03 8.130201e+03 7.556020e+03 7.593353e+03
14.5 8.217201e+03 8.272582e+03 7.579305e+03 7.523924e+03
15.5 8.175365e+03 8.316595e+03 7.603789e+03 7.462560e+03
16.5 8.098541e+03 8.230791e+03 7.640027e+03 7.507777e+03
17.5 7.925638e+03 7.942806e+03 7.664097e+03 7.646929e+03
18.5 7.660169e+03 7.652311e+03 7.652791e+03 7.660649e+03
19.5 7.359488e+03 7.484022e+03 7.628504e+03 7.503969e+03
20.5 7.315105e+03 7.417813e+03 7.610591e+03 7.507883e+03
21.5 7.314973e+03 7.408160e+03 7.601139e+03 7.507951e+03
22.5 7.536522e+03 7.423467e+03 7.597420e+03 7.710476e+03
23.5 7.712961e+03 7.444681e+03 7.597018e+03 7.865299e+03
24.5 7.562462e+03 7.461961e+03 7.598068e+03 7.698569e+03
25.5 7.319416e+03 7.471584e+03 7.591546e+03 7.439377e+03
26.5 7.203567e+03 7.465594e+03 7.564813e+03 7.302786e+03
27.5 7.310449e+03 7.436265e+03 7.544517e+03 7.418702e+03
0.5 8.175365e+03 8.316595e+03 7.603789e+03 7.462560e+03
1.5 8.098541e+03 8.230791e+03 7.640027e+03 7.507777e+03
2.5 7.925638e+03 7.942806e+03 7.664097e+03 7.646929e+03
3.5 7.660169e+03 7.652311e+03 7.652791e+03 7.660649e+03
4.5 7.359488e+03 7.484022e+03 7.628504e+03 7.503969e+03
5.5 7.315105e+03 7.417813e+03 7.610591e+03 7.507883e+03
6.5 7.314973e+03 7.408160e+03 7.601139e+03 7.507951e+03
7.5 7.536522e+03 7.423467e+03 7.597420e+03 7.710476e+03
8.5 7.712961e+03 7.444681e+03 7.597018e+03 7.865299e+03
9.5 7.562462e+03 7.461961e+03 7.598068e+03 7.698569e+03
10.5 7.319416e+03 7.471584e+03 7.591546e+03 7.439377e+03
11.5 7.203567e+03 7.465594e+03 7.564813e+03 7.302786e+03
12.5 7.310449e+03 7.436265e+03 7.544517e+03 7.418702e+03
13.5 7.073502e+03 7.406381e+03 7.556284e+03 7.223406e+03
14.5 7.226125e+03 7.388635e+03 7.579599e+03 7.417089e+03
15.5 7.335489e+03 7.380960e+03 7.604116e+03 7.558646e+03
16.5 7.340089e+03 7.387542e+03 7.640373e+03 7.592920e+03
17.5 7.516227e+03 7.415171e+03 7.664453e+03 7.765509e+03
18.5 7.324110e+03 7.441085e+03 7.653147e+03 7.536173e+03
19.5 7.465566e+03 7.452866e+03 7.628861e+03 7.641562e+03
20.5 7.459960e+03 7.453637e+03 7.610957e+03 7.617281e+03
21.5 7.272968e+03 7.448417e+03 7.601520e+03 7.426071e+03
22.5 7.495903e+03 7.440483e+03 7.597822e+03 7.653242e+03
23.5 7.659706e+03 7.431761e+03 7.597444e+03 7.825388e+03
24.5 7.598196e+03 7.423234e+03 7.598518e+03 7.773480e+03
25.5 7.659081e+03 7.418469e+03 7.592022e+03 7.832633e+03
26.5 7.583010e+03 7.493131e+03 7.565322e+03 7.655201e+03
27.5 7.766267e+03 7.748715e+03 7.545087e+03 7.562639e+03
0.5 7.335489e+03 7.380960e+03 7.604116e+03 7.558646e+03
1.5 7.340089e+03 7.387542e+03 7.640373e+03 7.592920e+03
2.5 7.516227e+03 7.415171e+03 7.664453e+03 7.765509e+03
3.5 7.324110e+03 7.441085e+03 7.653147e+03 7.536173e+03
4.5 7.465566e+03 7.452866e+03 7.628861e+03 7.641562e+03
5.5 7.459960e+03 7.453637e+03 7.610957e+03 7.617281e+03
6.5 7.272968e+03 7.448417e+03 7.601520e+03 7.426071e+03
7.5 7.495903e+03 7.440483e+03 7.597822e+03 7.653242e+03
8.5 7.659706e+03 7.431761e+03 7.597444e+03 7.825388e+03
9.5 7.598196e+03 7.423234e+03 7.598518e+03 7.773480e+03
10.5 7.659081e+03 7.418469e+03 7.592022e+03 7.832633e+03
11.5 7.583010e+03 7.493131e+03 7.565322e+03 7.655201e+03
12.5 7.766267e+03 7.748715e+03 7.545087e+03 7.562639e+03
13.5 8.049572e+03 8.002404e+03 7.556941e+03 7.604108e+03
14.5 8.147331e+03 8.137919e+03 7.580263e+03 7.589675e+03
15.5 8.100713e+03 8.166682e+03 7.596899e+03 7.530929e+03
