0.5 6.708890e+03 6.674516e+03 6.662466e+03 6.696840e+03
1.5 6.620088e+03 6.677389e+03 6.657359e+03 6.600057e+03
2.5 6.656256e+03 6.655469e+03 6.653628e+03 6.654416e+03
3.5 6.670696e+03 6.618216e+03 6.655891e+03 6.708371e+03
4.5 6.631415e+03 6.589411e+03 6.660253e+03 6.702257e+03
5.5 6.557944e+03 6.571763e+03 6.664797e+03 6.650978e+03
6.5 6.639331e+03 6.563932e+03 6.671448e+03 6.746847e+03
7.5 6.647372e+03 6.586123e+03 6.675727e+03 6.736976e+03
8.5 6.620404e+03 6.625679e+03 6.673457e+03 6.668182e+03
9.5 6.618892e+03 6.656901e+03 6.668861e+03 6.630852e+03
10.5 6.624256e+03 6.672857e+03 6.665507e+03 6.616907e+03
11.5 6.755524e+03 6.677976e+03 6.663753e+03 6.741301e+03
12.5 6.601731e+03 6.677346e+03 6.663076e+03 6.587461e+03
13.5 6.700337e+03 6.674407e+03 6.663015e+03 6.688946e+03
14.5 6.642121e+03 6.671209e+03 6.663232e+03 6.634144e+03
15.5 6.683798e+03 6.669468e+03 6.663501e+03 6.677831e+03
16.5 6.706481e+03 6.674638e+03 6.663712e+03 6.695555e+03
17.5 6.750811e+03 6.690427e+03 6.663845e+03 6.724230e+03
18.5 6.751112e+03 6.704146e+03 6.663917e+03 6.710882e+03
19.5 6.643041e+03 6.710439e+03 6.663953e+03 6.596555e+03
20.5 6.709729e+03 6.711074e+03 6.663970e+03 6.662624e+03
21.5 6.748718e+03 6.703398e+03 6.663979e+03 6.709299e+03
22.5 6.675058e+03 6.684989e+03 6.663984e+03 6.654054e+03
0.5 6.656822e+03 6.669125e+03 6.662577e+03 6.650274e+03
1.5 6.744003e+03 6.673325e+03 6.657476e+03 6.728154e+03
2.5 6.622880e+03 6.652438e+03 6.653753e+03 6.624196e+03
3.5 6.587382e+03 6.616021e+03 6.656020e+03 6.627381e+03
4.5 6.568870e+03 6.587944e+03 6.660384e+03 6.641310e+03
5.5 6.588129e+03 6.570973e+03 6.664929e+03 6.682085e+03
6.5 6.512578e+03 6.563806e+03 6.671577e+03 6.620348e+03
7.5 6.545272e+03 6.586635e+03 6.675853e+03 6.634490e+03
8.5 6.569233e+03 6.626824e+03 6.673585e+03 6.615994e+03
9.5 6.612602e+03 6.658684e+03 6.668990e+03 6.622907e+03
10.5 6.589298e+03 6.675285e+03 6.665636e+03 6.579650e+03
11.5 6.577810e+03 6.681054e+03 6.663883e+03 6.560639e+03
12.5 6.593807e+03 6.681081e+03 6.663205e+03 6.575932e+03
13.5 6.755943e+03 6.678803e+03 6.663145e+03 6.740285e+03
14.5 6.655130e+03 6.676272e+03 6.663363e+03 6.642221e+03
15.5 6.698150e+03 6.675201e+03 6.663631e+03 6.686580e+03
16.5 6.644107e+03 6.681047e+03 6.663843e+03 6.626903e+03
17.5 6.714159e+03 6.697516e+03 6.663976e+03 6.680619e+03
18.5 6.756808e+03 6.711922e+03 6.664049e+03 6.708934e+03
19.5 6.718981e+03 6.718895e+03 6.664085e+03 6.664171e+03
20.5 6.756732e+03 6.720214e+03 6.664104e+03 6.700622e+03
21.5 6.689191e+03 6.713242e+03 6.664114e+03 6.640063e+03
22.5 6.713226e+03 6.695553e+03 6.664122e+03 6.681795e+03
0.5 6.730703e+03 6.684007e+03 6.662703e+03 6.709399e+03
1.5 6.678156e+03 6.688884e+03 6.657611e+03 6.646883e+03
2.5 6.598665e+03 6.668703e+03 6.653901e+03 6.583863e+03
3.5 6.608605e+03 6.633049e+03 6.656187e+03 6.631743e+03
4.5 6.609596e+03 6.605852e+03 6.660570e+03 6.664314e+03
5.5 6.567377e+03 6.594778e+03 6.665131e+03 6.637730e+03
