0.5 7.328379e+03 7.515241e+03 7.608515e+03 7.421654e+03
1.5 7.547614e+03 7.514041e+03 7.633998e+03 7.667571e+03
2.5 7.630368e+03 7.489556e+03 7.653269e+03 7.794080e+03
3.5 7.605939e+03 7.464574e+03 7.642974e+03 7.784340e+03
4.5 7.489417e+03 7.451776e+03 7.621950e+03 7.659590e+03
5.5 7.505708e+03 7.449155e+03 7.599718e+03 7.656271e+03
6.5 7.367793e+03 7.460897e+03 7.566689e+03 7.473585e+03
7.5 7.599246e+03 7.493794e+03 7.544708e+03 7.650160e+03
8.5 7.679339e+03 7.525091e+03 7.555017e+03 7.709265e+03
9.5 7.567008e+03 7.542371e+03 7.577201e+03 7.601838e+03
10.5 7.479358e+03 7.548766e+03 7.593587e+03 7.524180e+03
11.5 7.407307e+03 7.549313e+03 7.602261e+03 7.460256e+03
12.5 7.577447e+03 7.547307e+03 7.605707e+03 7.635846e+03
13.5 7.303858e+03 7.544697e+03 7.606125e+03 7.365286e+03
14.5 7.367483e+03 7.542457e+03 7.605218e+03 7.430244e+03
15.5 7.840838e+03 7.540110e+03 7.611223e+03 7.911951e+03
16.5 7.754286e+03 7.528724e+03 7.635695e+03 7.861257e+03
17.5 7.727280e+03 7.498336e+03 7.654329e+03 7.883273e+03
18.5 7.693532e+03 7.469794e+03 7.643691e+03 7.867429e+03
19.5 7.502407e+03 7.454565e+03 7.622499e+03 7.670341e+03
20.5 7.400258e+03 7.450003e+03 7.600189e+03 7.550444e+03
21.5 7.491634e+03 7.460002e+03 7.567122e+03 7.598754e+03
22.5 7.547031e+03 7.491235e+03 7.545119e+03 7.600914e+03
0.5 7.840838e+03 7.540110e+03 7.611223e+03 7.911951e+03
1.5 7.754286e+03 7.528724e+03 7.635695e+03 7.861257e+03
2.5 7.727280e+03 7.498336e+03 7.654329e+03 7.883273e+03
3.5 7.693532e+03 7.469794e+03 7.643691e+03 7.867429e+03
4.5 7.502407e+03 7.454565e+03 7.622499e+03 7.670341e+03
5.5 7.400258e+03 7.450003e+03 7.600189e+03 7.550444e+03
6.5 7.491634e+03 7.460002e+03 7.567122e+03 7.598754e+03
7.5 7.547031e+03 7.491235e+03 7.545119e+03 7.600914e+03
8.5 7.475156e+03 7.520908e+03 7.555412e+03 7.509660e+03
9.5 7.600444e+03 7.536583e+03 7.577583e+03 7.641444e+03
10.5 7.649104e+03 7.541386e+03 7.593956e+03 7.701673e+03
11.5 7.551630e+03 7.540357e+03 7.602617e+03 7.613890e+03
12.5 7.681935e+03 7.536791e+03 7.606049e+03 7.751192e+03
13.5 7.642476e+03 7.532638e+03 7.606454e+03 7.716292e+03
14.5 7.489951e+03 7.528898e+03 7.605478e+03 7.566530e+03
15.5 7.349731e+03 7.529158e+03 7.604227e+03 7.424800e+03
16.5 7.449200e+03 7.609106e+03 7.603238e+03 7.443332e+03
17.5 8.238286e+03 7.870324e+03 7.602624e+03 7.970586e+03
18.5 8.167534e+03 8.130201e+03 7.602304e+03 7.639636e+03
19.5 8.217201e+03 8.272582e+03 7.602158e+03 7.546778e+03
20.5 8.175365e+03 8.316595e+03 7.602103e+03 7.460873e+03
21.5 8.098541e+03 8.230791e+03 7.602087e+03 7.469837e+03
22.5 7.925638e+03 7.942806e+03 7.602087e+03 7.584919e+03
0.5 7.319416e+03 7.471584e+03 7.609457e+03 7.457289e+03
1.5 7.203567e+03 7.465594e+03 7.634915e+03 7.372888e+03
2.5 7.310449e+03 7.436265e+03 7.654159e+03 7.528344e+03
3.5 7.073502e+03 7.406381e+03 7.643840e+03 7.310962e+03
4.5 7.226125e+03 7.388635e+03 7.622797e+03 7.460287e+03
5.5 7.335489e+03 7.380960e+03 7.600550e+03 7.555079e+03
6.5 7.340089e+03 7.387542e+03 7.567500e+03 7.520047e+03
7.5 7.516227e+03 7.415171e+03 7.545501e+03 7.646557e+03
8.5 7.324110e+03 7.441085e+03 7.555793e+03 7.438818e+03
9.5 7.465566e+03 7.452866e+03 7.577962e+03 7.590662e+03
10.5 7.459960e+03 7.453637e+03 7.594334e+03 7.600657e+03
11.5 7.272968e+03 7.448417e+03 7.602997e+03 7.427547e+03
12.5 7.495903e+03 7.440483e+03 7.606433e+03 7.661853e+03
13.5 7.659706e+03 7.431761e+03 7.606844e+03 7.834789e+03
14.5 7.598196e+03 7.423234e+03 7.605875e+03 7.780837e+03
15.5 7.659081e+03 7.418469e+03 7.604635e+03 7.845246e+03
16.5 7.583010e+03 7.493131e+03 7.603659e+03 7.693538e+03
17.5 7.766267e+03 7.748715e+03 7.603061e+03 7.620613e+03
18.5 8.049572e+03 8.002404e+03 7.602758e+03 7.649925e+03
19.5 8.147331e+03 8.137919e+03 7.602633e+03 7.612045e+03
20.5 8.100713e+03 8.166682e+03 7.602600e+03 7.536631e+03
