0.5 3.838061e+03 3.840046e+03 3.943279e+03 3.941294e+03
1.5 3.872363e+03 3.867869e+03 3.961178e+03 3.965671e+03
2.5 3.974373e+03 3.922163e+03 3.974700e+03 4.026910e+03
3.5 3.899693e+03 3.957428e+03 3.967464e+03 3.909729e+03
4.5 3.901312e+03 3.966244e+03 3.952739e+03 3.887807e+03
5.5 3.990932e+03 3.963008e+03 3.942211e+03 3.970135e+03
6.5 3.960100e+03 3.956085e+03 3.936881e+03 3.940896e+03
7.5 3.919715e+03 3.948783e+03 3.934946e+03 3.905878e+03
8.5 3.890219e+03 3.942652e+03 3.934924e+03 3.882491e+03
9.5 3.949115e+03 3.938191e+03 3.935704e+03 3.946629e+03
10.5 3.951773e+03 3.936841e+03 3.931568e+03 3.946501e+03
11.5 3.880814e+03 3.948704e+03 3.914449e+03 3.846560e+03
12.5 3.969146e+03 3.980365e+03 3.901438e+03 3.890219e+03
13.5 4.073097e+03 4.006649e+03 3.908964e+03 3.975411e+03
14.5 4.111008e+03 4.017800e+03 3.923881e+03 4.017088e+03
15.5 3.999991e+03 4.017694e+03 3.939568e+03 3.921866e+03
16.5 4.004999e+03 4.000986e+03 3.962793e+03 3.966807e+03
17.5 4.057574e+03 3.963540e+03 3.978221e+03 4.072255e+03
18.5 4.046407e+03 3.931844e+03 3.970977e+03 4.085540e+03
19.5 3.998621e+03 3.916212e+03 3.955417e+03 4.037827e+03
20.5 4.029067e+03 3.911104e+03 3.943940e+03 4.061902e+03
21.5 3.842412e+03 3.911023e+03 3.937880e+03 3.869268e+03
22.5 3.994432e+03 3.912856e+03 3.935492e+03 4.017069e+03
23.5 3.954063e+03 3.914855e+03 3.935228e+03 3.974437e+03
24.5 3.989982e+03 3.916167e+03 3.935893e+03 4.009708e+03
25.5 3.934553e+03 3.911306e+03 3.931707e+03 3.954954e+03
26.5 3.927007e+03 3.900618e+03 3.914573e+03 3.940963e+03
27.5 3.975691e+03 3.916194e+03 3.901562e+03 3.961058e+03
0.5 3.999991e+03 4.017694e+03 3.939568e+03 3.921866e+03
1.5 4.004999e+03 4.000986e+03 3.962793e+03 3.966807e+03
2.5 4.057574e+03 3.963540e+03 3.978221e+03 4.072255e+03
3.5 4.046407e+03 3.931844e+03 3.970977e+03 4.085540e+03
4.5 3.998621e+03 3.916212e+03 3.955417e+03 4.037827e+03
5.5 4.029067e+03 3.911104e+03 3.943940e+03 4.061902e+03
6.5 3.842412e+03 3.911023e+03 3.937880e+03 3.869268e+03
7.5 3.994432e+03 3.912856e+03 3.935492e+03 4.017069e+03
8.5 3.954063e+03 3.914855e+03 3.935228e+03 3.974437e+03
9.5 3.989982e+03 3.916167e+03 3.935893e+03 4.009708e+03
10.5 3.934553e+03 3.911306e+03 3.931707e+03 3.954954e+03
11.5 3.927007e+03 3.900618e+03 3.914573e+03 3.940963e+03
12.5 3.975691e+03 3.916194e+03 3.901562e+03 3.961058e+03
13.5 3.893670e+03 3.955294e+03 3.909087e+03 3.847464e+03
14.5 4.081981e+03 3.988983e+03 3.923999e+03 4.016997e+03
15.5 4.056143e+03 4.011915e+03 3.939679e+03 3.983907e+03
16.5 4.042242e+03 4.028101e+03 3.962887e+03 3.977028e+03
17.5 3.966312e+03 4.011293e+03 3.978300e+03 3.933319e+03
18.5 3.926937e+03 3.968173e+03 3.971052e+03 3.929816e+03
19.5 3.924088e+03 3.930090e+03 3.955488e+03 3.949486e+03
20.5 3.880276e+03 3.908898e+03 3.944007e+03 3.915385e+03
21.5 3.900404e+03 3.900709e+03 3.937944e+03 3.937639e+03
22.5 3.986961e+03 3.899752e+03 3.935554e+03 4.022763e+03
23.5 3.895766e+03 3.901977e+03 3.935288e+03 3.929077e+03
24.5 3.830509e+03 3.904840e+03 3.935950e+03 3.861619e+03
25.5 3.851659e+03 3.901736e+03 3.931762e+03 3.881685e+03
26.5 3.808668e+03 3.892488e+03 3.914627e+03 3.830807e+03
27.5 3.925303e+03 3.909088e+03 3.901614e+03 3.917829e+03
0.5 4.056143e+03 4.011915e+03 3.939679e+03 3.983907e+03
1.5 4.042242e+03 4.028101e+03 3.962887e+03 3.977028e+03
2.5 3.966312e+03 4.011293e+03 3.978300e+03 3.933319e+03
3.5 3.926937e+03 3.968173e+03 3.971052e+03 3.929816e+03
4.5 3.924088e+03 3.930090e+03 3.955488e+03 3.949486e+03
5.5 3.880276e+03 3.908898e+03 3.944007e+03 3.915385e+03
6.5 3.900404e+03 3.900709e+03 3.937944e+03 3.937639e+03
7.5 3.986961e+03 3.899752e+03 3.935554e+03 4.022763e+03
8.5 3.895766e+03 3.901977e+03 3.935288e+03 3.929077e+03
9.5 3.830509e+03 3.904840e+03 3.935950e+03 3.861619e+03
10.5 3.851659e+03 3.901736e+03 3.931762e+03 3.881685e+03
11.5 3.808668e+03 3.892488e+03 3.914627e+03 3.830807e+03
12.5 3.925303e+03 3.909088e+03 3.901614e+03 3.917829e+03
13.5 3.875687e+03 3.948888e+03 3.909139e+03 3.835938e+03
14.5 3.942930e+03 3.983077e+03 3.924050e+03 3.883904e+03
15.5 3.967893e+03 4.006400e+03 3.939730e+03 3.901223e+03
16.5 3.911804e+03 4.022918e+03 3.962938e+03 3.851824e+03
17.5 4.020200e+03 4.006408e+03 3.978352e+03 3.992144e+03
18.5 3.926030e+03 3.963563e+03 3.971104e+03 3.933571e+03
19.5 3.884637e+03 3.925737e+03 3.955541e+03 3.914442e+03
20.5 3.884863e+03 3.904785e+03 3.944061e+03 3.924139e+03
21.5 3.889683e+03 3.896821e+03 3.938000e+03 3.930862e+03
22.5 3.875661e+03 3.896075e+03 3.935611e+03 3.915198e+03
23.5 3.795895e+03 3.898496e+03 3.935347e+03 3.832746e+03
24.5 3.888376e+03 3.901597e+03 3.936012e+03 3.922791e+03
25.5 3.851958e+03 3.905820e+03 3.931826e+03 3.877964e+03
26.5 3.858805e+03 3.921436e+03 3.914694e+03 3.852063e+03
27.5 3.981794e+03 3.955589e+03 3.901685e+03 3.927890e+03
0.5 3.967893e+03 4.006400e+03 3.939730e+03 3.901223e+03
1.5 3.911804e+03 4.022918e+03 3.962938e+03 3.851824e+03
2.5 4.020200e+03 4.006408e+03 3.978352e+03 3.992144e+03
3.5 3.926030e+03 3.963563e+03 3.971104e+03 3.933571e+03
4.5 3.884637e+03 3.925737e+03 3.955541e+03 3.914442e+03
5.5 3.884863e+03 3.904785e+03 3.944061e+03 3.924139e+03
6.5 3.889683e+03 3.896821e+03 3.938000e+03 3.930862e+03
7.5 3.875661e+03 3.896075e+03 3.935611e+03 3.915198e+03
8.5 3.795895e+03 3.898496e+03 3.935347e+03 3.832746e+03
9.5 3.888376e+03 3.901597e+03 3.936012e+03 3.922791e+03
10.5 3.851958e+03 3.905820e+03 3.931826e+03 3.877964e+03
11.5 3.858805e+03 3.921436e+03 3.914694e+03 3.852063e+03
12.5 3.981794e+03 3.955589e+03 3.901685e+03 3.927890e+03
13.5 3.955656e+03 3.983629e+03 3.909213e+03 3.881240e+03
14.5 3.877403e+03 3.996149e+03 3.924128e+03 3.805382e+03
15.5 3.891635e+03 3.997212e+03 3.939812e+03 3.834235e+03
16.5 3.977444e+03 3.981569e+03 3.963024e+03 3.958900e+03
17.5 3.852814e+03 3.945109e+03 3.978443e+03 3.886148e+03
18.5 3.937595e+03 3.914330e+03 3.971200e+03 3.994466e+03
19.5 3.875634e+03 3.899559e+03 3.955643e+03 3.931718e+03
20.5 3.664438e+03 3.895261e+03 3.944169e+03 3.713346e+03
21.5 3.917368e+03 3.895940e+03 3.938114e+03 3.959542e+03
22.5 3.918266e+03 3.898483e+03 3.935732e+03 3.955515e+03
23.5 3.835305e+03 3.901143e+03 3.935475e+03 3.869637e+03
24.5 3.951613e+03 3.903070e+03 3.936147e+03 3.984690e+03
25.5 3.884618e+03 3.898776e+03 3.931969e+03 3.917811e+03
26.5 3.951018e+03 3.888610e+03 3.914845e+03 3.977253e+03
27.5 3.882726e+03 3.904664e+03 3.901845e+03 3.879907e+03
0.5 3.891635e+03 3.997212e+03 3.939812e+03 3.834235e+03
1.5 3.977444e+03 3.981569e+03 3.963024e+03 3.958900e+03
2.5 3.852814e+03 3.945109e+03 3.978443e+03 3.886148e+03
3.5 3.937595e+03 3.914330e+03 3.971200e+03 3.994466e+03
4.5 3.875634e+03 3.899559e+03 3.955643e+03 3.931718e+03
5.5 3.664438e+03 3.895261e+03 3.944169e+03 3.713346e+03
6.5 3.917368e+03 3.895940e+03 3.938114e+03 3.959542e+03
7.5 3.918266e+03 3.898483e+03 3.935732e+03 3.955515e+03
8.5 3.835305e+03 3.901143e+03 3.935475e+03 3.869637e+03
9.5 3.951613e+03 3.903070e+03 3.936147e+03 3.984690e+03
10.5 3.884618e+03 3.898776e+03 3.931969e+03 3.917811e+03
11.5 3.951018e+03 3.888610e+03 3.914845e+03 3.977253e+03
12.5 3.882726e+03 3.904664e+03 3.901845e+03 3.879907e+03
13.5 3.983062e+03 3.944196e+03 3.909382e+03 3.948248e+03
14.5 4.077532e+03 3.978282e+03 3.924316e+03 4.023567e+03
15.5 3.895901e+03 4.001603e+03 3.940021e+03 3.834319e+03
16.5 4.064363e+03 4.018132e+03 3.963246e+03 4.009477e+03
17.5 4.109626e+03 4.001620e+03 3.978671e+03 4.086678e+03
18.5 3.989804e+03 3.958738e+03 3.971429e+03 4.002495e+03
19.5 4.020136e+03 3.920836e+03 3.955872e+03 4.055172e+03
20.5 3.988823e+03 3.899778e+03 3.944403e+03 4.033448e+03
21.5 3.844711e+03 3.891683e+03 3.938359e+03 3.891387e+03
22.5 3.921110e+03 3.890780e+03 3.935990e+03 3.966320e+03
23.5 4.004980e+03 3.893021e+03 3.935747e+03 4.047707e+03
24.5 3.834268e+03 3.895918e+03 3.936435e+03 3.874785e+03
25.5 3.859836e+03 3.899913e+03 3.932274e+03 3.892197e+03
26.5 3.987024e+03 3.915275e+03 3.915172e+03 3.986922e+03
27.5 4.010790e+03 3.949134e+03 3.902210e+03 3.963865e+03
0.5 3.895901e+03 4.001603e+03 3.940021e+03 3.834319e+03
1.5 4.064363e+03 4.018132e+03 3.963246e+03 4.009477e+03
2.5 4.109626e+03 4.001620e+03 3.978671e+03 4.086678e+03
3.5 3.989804e+03 3.958738e+03 3.971429e+03 4.002495e+03
4.5 4.020136e+03 3.920836e+03 3.955872e+03 4.055172e+03
5.5 3.988823e+03 3.899778e+03 3.944403e+03 4.033448e+03
6.5 3.844711e+03 3.891683e+03 3.938359e+03 3.891387e+03
7.5 3.921110e+03 3.890780e+03 3.935990e+03 3.966320e+03
8.5 4.004980e+03 3.893021e+03 3.935747e+03 4.047707e+03
9.5 3.834268e+03 3.895918e+03 3.936435e+03 3.874785e+03
10.5 3.859836e+03 3.899913e+03 3.932274e+03 3.892197e+03
11.5 3.987024e+03 3.915275e+03 3.915172e+03 3.986922e+03
12.5 4.010790e+03 3.949134e+03 3.902210e+03 3.963865e+03
13.5 4.010250e+03 3.976822e+03 3.909803e+03 3.943231e+03
14.5 4.077809e+03 3.988887e+03 3.924742e+03 4.013663e+03
15.5 3.963071e+03 3.984311e+03 3.935398e+03 3.914159e+03
