0.5 9.901387e+03 9.945246e+03 1.000221e+04 9.958353e+03
1.5 9.923842e+03 9.971326e+03 1.005149e+04 1.000401e+04
2.5 9.916547e+03 1.001714e+04 1.008749e+04 9.986894e+03
3.5 1.004179e+04 1.004818e+04 1.006566e+04 1.005926e+04
4.5 1.010279e+04 1.005821e+04 1.002357e+04 1.006815e+04
5.5 9.983053e+03 1.005441e+04 9.979720e+03 9.908367e+03
6.5 1.005530e+04 1.002831e+04 9.915543e+03 9.942535e+03
7.5 1.005857e+04 9.980507e+03 9.874254e+03 9.952320e+03
8.5 9.964514e+03 9.947335e+03 9.896154e+03 9.913332e+03
9.5 9.991699e+03 9.935841e+03 9.940501e+03 9.996359e+03
10.5 9.977759e+03 9.935169e+03 9.972864e+03 1.001545e+04
11.5 9.981452e+03 9.938410e+03 9.989788e+03 1.003283e+04
12.5 9.906755e+03 9.942533e+03 9.996328e+03 9.960550e+03
13.5 9.974248e+03 9.946039e+03 9.996911e+03 1.002512e+04
14.5 9.939090e+03 9.948364e+03 9.994815e+03 9.985541e+03
15.5 9.943481e+03 9.946290e+03 9.992225e+03 9.989416e+03
16.5 9.915924e+03 9.946671e+03 9.990186e+03 9.959439e+03
17.5 1.001640e+04 9.979907e+03 9.988905e+03 1.002540e+04
18.5 1.009893e+04 1.002886e+04 9.988210e+03 1.005828e+04
19.5 1.005981e+04 1.006423e+04 9.987865e+03 9.983442e+03
20.5 1.009971e+04 1.008403e+04 9.987699e+03 1.000337e+04
21.5 1.005111e+04 1.008833e+04 9.987613e+03 9.950386e+03
22.5 1.009641e+04 1.005330e+04 9.987559e+03 1.003067e+04
0.5 9.944433e+03 9.951187e+03 1.000114e+04 9.994384e+03
1.5 9.991810e+03 9.975687e+03 1.005036e+04 1.006648e+04
2.5 1.007678e+04 1.002041e+04 1.008629e+04 1.014265e+04
3.5 1.012126e+04 1.005071e+04 1.006441e+04 1.013496e+04
4.5 1.003620e+04 1.006021e+04 1.002230e+04 9.998290e+03
5.5 9.987216e+03 1.005601e+04 9.978445e+03 9.909653e+03
6.5 1.003747e+04 1.002957e+04 9.914296e+03 9.922200e+03
7.5 9.978932e+03 9.981466e+03 9.873029e+03 9.870495e+03
8.5 9.942273e+03 9.948007e+03 9.894920e+03 9.889187e+03
9.5 9.892168e+03 9.936233e+03 9.939260e+03 9.895195e+03
10.5 9.844250e+03 9.935288e+03 9.971618e+03 9.880580e+03
11.5 9.901921e+03 9.938259e+03 9.988539e+03 9.952201e+03
12.5 9.992213e+03 9.942114e+03 9.995076e+03 1.004517e+04
13.5 1.004142e+04 9.945353e+03 9.995657e+03 1.009173e+04
14.5 1.002588e+04 9.947408e+03 9.993559e+03 1.007203e+04
15.5 1.000591e+04 9.945062e+03 9.990967e+03 1.005181e+04
16.5 9.931216e+03 9.945165e+03 9.988924e+03 9.974975e+03
17.5 9.904759e+03 9.978118e+03 9.987640e+03 9.914281e+03
18.5 1.001899e+04 1.002678e+04 9.986940e+03 9.979148e+03
19.5 1.007116e+04 1.006187e+04 9.986584e+03 9.995875e+03
20.5 1.010109e+04 1.008136e+04 9.986405e+03 1.000613e+04
21.5 1.004471e+04 1.008531e+04 9.986305e+03 9.945703e+03
22.5 9.971856e+03 1.004991e+04 9.986234e+03 9.908181e+03
0.5 1.001712e+04 9.944742e+03 9.999924e+03 1.007231e+04
1.5 1.001039e+04 9.968797e+03 1.004906e+04 1.009066e+04
2.5 1.003499e+04 1.001303e+04 1.008486e+04 1.010682e+04
3.5 1.009591e+04 1.004277e+04 1.006280e+04 1.011594e+04
4.5 1.004065e+04 1.005156e+04 1.002050e+04 1.000959e+04
5.5 1.007672e+04 1.003637e+04 9.976497e+03 1.001685e+04
