0.5 9.232258e+03 9.300928e+03 9.344807e+03 9.276136e+03
1.5 9.265504e+03 9.296378e+03 9.332451e+03 9.301576e+03
2.5 9.335633e+03 9.287220e+03 9.287538e+03 9.335952e+03
3.5 9.302635e+03 9.282789e+03 9.240829e+03 9.260675e+03
4.5 9.280154e+03 9.283169e+03 9.214197e+03 9.211182e+03
5.5 9.297362e+03 9.286298e+03 9.204891e+03 9.215955e+03
6.5 9.272839e+03 9.294741e+03 9.217827e+03 9.195926e+03
7.5 9.308175e+03 9.306686e+03 9.267337e+03 9.268827e+03
8.5 9.364214e+03 9.313047e+03 9.319458e+03 9.370624e+03
9.5 9.296256e+03 9.313999e+03 9.350667e+03 9.332924e+03
10.5 9.307867e+03 9.313155e+03 9.363324e+03 9.358037e+03
11.5 9.233309e+03 9.312080e+03 9.365374e+03 9.286604e+03
12.5 9.343247e+03 9.311199e+03 9.362591e+03 9.394639e+03
13.5 9.223635e+03 9.310646e+03 9.358505e+03 9.271494e+03
14.5 9.224520e+03 9.310392e+03 9.354972e+03 9.269100e+03
15.5 9.382783e+03 9.308998e+03 9.352497e+03 9.426282e+03
16.5 9.308613e+03 9.302383e+03 9.338271e+03 9.344501e+03
17.5 9.350797e+03 9.291958e+03 9.292214e+03 9.351052e+03
18.5 9.355500e+03 9.286682e+03 9.244767e+03 9.313585e+03
19.5 9.340272e+03 9.286415e+03 9.217600e+03 9.271457e+03
20.5 9.267719e+03 9.288987e+03 9.207854e+03 9.186586e+03
21.5 9.295141e+03 9.296913e+03 9.220395e+03 9.218623e+03
22.5 9.326352e+03 9.308362e+03 9.269532e+03 9.287523e+03
0.5 9.382783e+03 9.308998e+03 9.352497e+03 9.426282e+03
1.5 9.308613e+03 9.302383e+03 9.338271e+03 9.344501e+03
2.5 9.350797e+03 9.291958e+03 9.292214e+03 9.351052e+03
3.5 9.355500e+03 9.286682e+03 9.244767e+03 9.313585e+03
4.5 9.340272e+03 9.286415e+03 9.217600e+03 9.271457e+03
5.5 9.267719e+03 9.288987e+03 9.207854e+03 9.186586e+03
6.5 9.295141e+03 9.296913e+03 9.220395e+03 9.218623e+03
7.5 9.326352e+03 9.308362e+03 9.269532e+03 9.287523e+03
8.5 9.310787e+03 9.314242e+03 9.321295e+03 9.317840e+03
9.5 9.347510e+03 9.314725e+03 9.352160e+03 9.384946e+03
10.5 9.355992e+03 9.313422e+03 9.364485e+03 9.407055e+03
11.5 9.309752e+03 9.311898e+03 9.366213e+03 9.364067e+03
12.5 9.278531e+03 9.310579e+03 9.363119e+03 9.331071e+03
13.5 9.279257e+03 9.309598e+03 9.358734e+03 9.328393e+03
14.5 9.363767e+03 9.308944e+03 9.354914e+03 9.409737e+03
15.5 9.251832e+03 9.309641e+03 9.352264e+03 9.294455e+03
16.5 9.278592e+03 9.327381e+03 9.350669e+03 9.301880e+03
17.5 9.473713e+03 9.380694e+03 9.349777e+03 9.442796e+03
18.5 9.429590e+03 9.431726e+03 9.349273e+03 9.347138e+03
19.5 9.464200e+03 9.458658e+03 9.348952e+03 9.354494e+03
20.5 9.416564e+03 9.465940e+03 9.348707e+03 9.299331e+03
21.5 9.440869e+03 9.446686e+03 9.348485e+03 9.342668e+03
22.5 9.421248e+03 9.387975e+03 9.348266e+03 9.381540e+03
0.5 9.269243e+03 9.296959e+03 9.346158e+03 9.318442e+03
1.5 9.223920e+03 9.291078e+03 9.332975e+03 9.265818e+03
2.5 9.227882e+03 9.280597e+03 9.287259e+03 9.234545e+03
3.5 9.183622e+03 9.274849e+03 9.239768e+03 9.148541e+03
4.5 9.249728e+03 9.273926e+03 9.212375e+03 9.188177e+03
5.5 9.266697e+03 9.275724e+03 9.202319e+03 9.193292e+03
6.5 9.264799e+03 9.282820e+03 9.214523e+03 9.196502e+03
7.5 9.305299e+03 9.293404e+03 9.263318e+03 9.275213e+03
8.5 9.212353e+03 9.298400e+03 9.314738e+03 9.228690e+03
9.5 9.320357e+03 9.297988e+03 9.345261e+03 9.367631e+03
10.5 9.316071e+03 9.295778e+03 9.357245e+03 9.377538e+03
11.5 9.256644e+03 9.293326e+03 9.358632e+03 9.321950e+03
12.5 9.288791e+03 9.291049e+03 9.355196e+03 9.352937e+03
13.5 9.300026e+03 9.289074e+03 9.350463e+03 9.361415e+03
14.5 9.338132e+03 9.287382e+03 9.346289e+03 9.397038e+03
15.5 9.304492e+03 9.286996e+03 9.343276e+03 9.360772e+03
16.5 9.326843e+03 9.303599e+03 9.341308e+03 9.364551e+03
17.5 9.459012e+03 9.355706e+03 9.340030e+03 9.443337e+03
18.5 9.438982e+03 9.405419e+03 9.339125e+03 9.372687e+03
19.5 9.415414e+03 9.430873e+03 9.338386e+03 9.322928e+03
20.5 9.422974e+03 9.431791e+03 9.337703e+03 9.328886e+03
