0.5 9.001898e+03 9.029859e+03 9.067170e+03 9.039210e+03
1.5 8.920649e+03 9.022564e+03 9.061408e+03 8.959494e+03
2.5 9.138229e+03 9.053395e+03 9.057051e+03 9.141886e+03
3.5 9.067400e+03 9.109586e+03 9.059379e+03 9.017193e+03
4.5 9.346826e+03 9.153829e+03 9.064133e+03 9.257130e+03
5.5 9.166221e+03 9.181344e+03 9.069159e+03 9.054036e+03
6.5 9.178033e+03 9.194727e+03 9.076628e+03 9.059934e+03
7.5 9.154770e+03 9.161967e+03 9.081598e+03 9.074400e+03
8.5 9.118835e+03 9.100841e+03 9.079267e+03 9.097261e+03
9.5 9.071216e+03 9.051598e+03 9.074251e+03 9.093868e+03
10.5 8.989833e+03 9.025884e+03 9.070546e+03 9.034495e+03
11.5 9.060045e+03 9.017110e+03 9.068584e+03 9.111519e+03
12.5 9.016420e+03 9.017408e+03 9.067805e+03 9.066817e+03
13.5 8.999187e+03 9.021424e+03 9.067711e+03 9.045473e+03
14.5 8.947312e+03 9.025910e+03 9.067916e+03 8.989319e+03
15.5 8.984460e+03 9.023800e+03 9.066558e+03 9.027218e+03
16.5 9.018570e+03 9.018983e+03 9.061025e+03 9.060612e+03
17.5 9.070874e+03 9.051289e+03 9.056811e+03 9.076397e+03
18.5 9.090484e+03 9.108276e+03 9.059217e+03 9.041426e+03
19.5 9.138050e+03 9.152936e+03 9.064009e+03 9.049123e+03
20.5 9.118084e+03 9.180683e+03 9.069053e+03 9.006454e+03
21.5 9.212722e+03 9.194219e+03 9.076530e+03 9.095032e+03
22.5 9.260812e+03 9.161580e+03 9.081505e+03 9.180737e+03
0.5 8.984460e+03 9.023800e+03 9.066558e+03 9.027218e+03
1.5 9.018570e+03 9.018983e+03 9.061025e+03 9.060612e+03
2.5 9.070874e+03 9.051289e+03 9.056811e+03 9.076397e+03
3.5 9.090484e+03 9.108276e+03 9.059217e+03 9.041426e+03
4.5 9.138050e+03 9.152936e+03 9.064009e+03 9.049123e+03
5.5 9.118084e+03 9.180683e+03 9.069053e+03 9.006454e+03
6.5 9.212722e+03 9.194219e+03 9.076530e+03 9.095032e+03
7.5 9.260812e+03 9.161580e+03 9.081505e+03 9.180737e+03
8.5 9.144198e+03 9.100562e+03 9.079177e+03 9.122814e+03
9.5 8.962041e+03 9.051421e+03 9.074164e+03 8.984785e+03
10.5 9.020521e+03 9.025805e+03 9.070462e+03 9.065178e+03
11.5 9.043825e+03 9.017127e+03 9.068504e+03 9.095202e+03
12.5 8.966911e+03 9.017519e+03 9.067728e+03 9.017120e+03
13.5 8.998006e+03 9.021625e+03 9.067636e+03 9.044018e+03
14.5 8.994471e+03 9.026278e+03 9.067857e+03 9.036050e+03
15.5 9.058791e+03 9.034710e+03 9.068140e+03 9.092221e+03
16.5 8.987928e+03 9.058645e+03 9.068364e+03 8.997646e+03
17.5 9.121612e+03 9.089720e+03 9.068502e+03 9.100394e+03
18.5 9.108097e+03 9.101371e+03 9.068575e+03 9.075301e+03
19.5 9.023980e+03 9.098047e+03 9.068608e+03 8.994541e+03
20.5 9.092731e+03 9.087231e+03 9.068620e+03 9.074121e+03
21.5 9.078207e+03 9.060851e+03 9.068624e+03 9.085980e+03
22.5 9.051132e+03 9.027921e+03 9.068624e+03 9.091835e+03
0.5 9.001244e+03 9.030026e+03 9.066957e+03 9.038175e+03
1.5 9.038013e+03 9.022878e+03 9.061201e+03 9.076336e+03
2.5 9.023374e+03 9.053848e+03 9.056850e+03 9.026376e+03
3.5 9.134441e+03 9.110171e+03 9.059183e+03 9.083454e+03
4.5 9.129044e+03 9.154540e+03 9.063941e+03 9.038445e+03
5.5 9.153703e+03 9.182152e+03 9.068971e+03 9.040523e+03
6.5 9.086898e+03 9.195613e+03 9.076444e+03 8.967730e+03
7.5 9.098938e+03 9.162914e+03 9.081418e+03 9.017442e+03
8.5 9.108970e+03 9.101844e+03 9.079091e+03 9.086217e+03
9.5 9.170974e+03 9.052660e+03 9.074079e+03 9.192392e+03
10.5 8.943456e+03 9.027007e+03 9.070377e+03 8.986826e+03
11.5 9.011558e+03 9.018291e+03 9.068418e+03 9.061684e+03
12.5 8.977942e+03 9.018639e+03 9.067641e+03 9.026944e+03
13.5 9.059187e+03 9.022693e+03 9.067548e+03 9.104042e+03
14.5 8.989628e+03 9.027285e+03 9.067767e+03 9.030110e+03
15.5 9.150286e+03 9.035646e+03 9.068048e+03 9.182688e+03
16.5 8.981521e+03 9.059497e+03 9.068268e+03 8.990292e+03
17.5 9.224924e+03 9.090460e+03 9.068404e+03 9.202867e+03
18.5 9.065674e+03 9.101959e+03 9.068472e+03 9.032187e+03
19.5 9.037670e+03 9.098428e+03 9.068500e+03 9.007742e+03
20.5 9.073744e+03 9.083400e+03 9.068508e+03 9.058852e+03
