0.5 9.352007e+03 9.391212e+03 9.441046e+03 9.401841e+03
1.5 9.399227e+03 9.414577e+03 9.475752e+03 9.460403e+03
2.5 9.386932e+03 9.471117e+03 9.501101e+03 9.416916e+03
3.5 9.545942e+03 9.522073e+03 9.485728e+03 9.509597e+03
4.5 9.568963e+03 9.548079e+03 9.456085e+03 9.476969e+03
5.5 9.476335e+03 9.554537e+03 9.425206e+03 9.347004e+03
6.5 9.571194e+03 9.533944e+03 9.380009e+03 9.417259e+03
7.5 9.517860e+03 9.475618e+03 9.350932e+03 9.393173e+03
8.5 9.442873e+03 9.421790e+03 9.366355e+03 9.387437e+03
9.5 9.429555e+03 9.393587e+03 9.397586e+03 9.433554e+03
10.5 9.409888e+03 9.384351e+03 9.420377e+03 9.445914e+03
11.5 9.388367e+03 9.384924e+03 9.432296e+03 9.435739e+03
12.5 9.348072e+03 9.389539e+03 9.436902e+03 9.395435e+03
13.5 9.375745e+03 9.394830e+03 9.437312e+03 9.418228e+03
14.5 9.385501e+03 9.399118e+03 9.435836e+03 9.422219e+03
15.5 9.346672e+03 9.399758e+03 9.434012e+03 9.380926e+03
16.5 9.364324e+03 9.396793e+03 9.432576e+03 9.400107e+03
17.5 9.437397e+03 9.403520e+03 9.431674e+03 9.465552e+03
18.5 9.448395e+03 9.419704e+03 9.431185e+03 9.459876e+03
19.5 9.429544e+03 9.433877e+03 9.430942e+03 9.426609e+03
20.5 9.465789e+03 9.443827e+03 9.430825e+03 9.452787e+03
21.5 9.427267e+03 9.451372e+03 9.430764e+03 9.406659e+03
22.5 9.457138e+03 9.445864e+03 9.430726e+03 9.441999e+03
0.5 9.366168e+03 9.406737e+03 9.440288e+03 9.399720e+03
1.5 9.400654e+03 9.427189e+03 9.474951e+03 9.448416e+03
2.5 9.558829e+03 9.481590e+03 9.500254e+03 9.577493e+03
3.5 9.557675e+03 9.530906e+03 9.484849e+03 9.511618e+03
4.5 9.557440e+03 9.555553e+03 9.455191e+03 9.457078e+03
5.5 9.502201e+03 9.560799e+03 9.424308e+03 9.365710e+03
6.5 9.547917e+03 9.539067e+03 9.379131e+03 9.387981e+03
7.5 9.495718e+03 9.479670e+03 9.350069e+03 9.366116e+03
8.5 9.446493e+03 9.424791e+03 9.365486e+03 9.387187e+03
9.5 9.424323e+03 9.395549e+03 9.396712e+03 9.425486e+03
10.5 9.347756e+03 9.385285e+03 9.419500e+03 9.381972e+03
11.5 9.363156e+03 9.384837e+03 9.431416e+03 9.409735e+03
12.5 9.447120e+03 9.388439e+03 9.436020e+03 9.494701e+03
13.5 9.473008e+03 9.392723e+03 9.436429e+03 9.516715e+03
14.5 9.467397e+03 9.396009e+03 9.434951e+03 9.506339e+03
15.5 9.405672e+03 9.395650e+03 9.433126e+03 9.443148e+03
16.5 9.355794e+03 9.391688e+03 9.431688e+03 9.395793e+03
17.5 9.339443e+03 9.397418e+03 9.430783e+03 9.372808e+03
18.5 9.343028e+03 9.412604e+03 9.430290e+03 9.360715e+03
19.5 9.405129e+03 9.425792e+03 9.430040e+03 9.409377e+03
20.5 9.428659e+03 9.434727e+03 9.429913e+03 9.423845e+03
21.5 9.426022e+03 9.441226e+03 9.429843e+03 9.414640e+03
22.5 9.414703e+03 9.434650e+03 9.429793e+03 9.409846e+03
0.5 9.414890e+03 9.388120e+03 9.439434e+03 9.466204e+03
1.5 9.448026e+03 9.407600e+03 9.474040e+03 9.514467e+03
2.5 9.535266e+03 9.460962e+03 9.499249e+03 9.573553e+03
3.5 9.554662e+03 9.509134e+03 9.483715e+03 9.529243e+03
4.5 9.520609e+03 9.532457e+03 9.453927e+03 9.442079e+03
5.5 9.545308e+03 9.528142e+03 9.422936e+03 9.440101e+03
