0.5 9.352007e+03 9.391212e+03 9.427650e+03 9.388446e+03
1.5 9.399227e+03 9.414577e+03 9.430874e+03 9.415524e+03
2.5 9.386932e+03 9.471117e+03 9.442118e+03 9.357933e+03
3.5 9.545942e+03 9.522073e+03 9.453803e+03 9.477672e+03
4.5 9.568963e+03 9.548079e+03 9.460536e+03 9.481419e+03
5.5 9.476335e+03 9.554537e+03 9.462991e+03 9.384789e+03
6.5 9.571194e+03 9.533944e+03 9.459956e+03 9.497206e+03
7.5 9.517860e+03 9.475618e+03 9.447894e+03 9.490136e+03
8.5 9.442873e+03 9.421790e+03 9.435181e+03 9.456264e+03
9.5 9.429555e+03 9.393587e+03 9.427613e+03 9.463581e+03
10.5 9.409888e+03 9.384351e+03 9.424609e+03 9.450145e+03
11.5 9.388367e+03 9.384924e+03 9.424210e+03 9.427653e+03
12.5 9.348072e+03 9.389539e+03 9.424993e+03 9.383526e+03
13.5 9.375745e+03 9.394830e+03 9.426089e+03 9.407005e+03
14.5 9.385501e+03 9.399118e+03 9.427041e+03 9.413423e+03
15.5 9.346672e+03 9.399758e+03 9.427698e+03 9.374611e+03
16.5 9.364324e+03 9.396793e+03 9.428089e+03 9.395620e+03
17.5 9.437397e+03 9.403520e+03 9.428301e+03 9.462179e+03
18.5 9.448395e+03 9.419704e+03 9.428412e+03 9.457103e+03
19.5 9.429544e+03 9.433877e+03 9.428472e+03 9.424139e+03
20.5 9.465789e+03 9.443827e+03 9.428507e+03 9.450469e+03
21.5 9.427267e+03 9.451372e+03 9.428531e+03 9.404425e+03
22.5 9.457138e+03 9.445864e+03 9.428548e+03 9.439821e+03
0.5 9.366168e+03 9.406737e+03 9.427880e+03 9.387311e+03
1.5 9.400654e+03 9.427189e+03 9.430982e+03 9.404447e+03
2.5 9.558829e+03 9.481590e+03 9.442096e+03 9.519335e+03
3.5 9.557675e+03 9.530906e+03 9.453641e+03 9.480410e+03
4.5 9.557440e+03 9.555553e+03 9.460227e+03 9.462115e+03
5.5 9.502201e+03 9.560799e+03 9.462533e+03 9.403935e+03
6.5 9.547917e+03 9.539067e+03 9.459346e+03 9.468196e+03
7.5 9.495718e+03 9.479670e+03 9.447136e+03 9.463183e+03
8.5 9.446493e+03 9.424791e+03 9.434271e+03 9.455972e+03
9.5 9.424323e+03 9.395549e+03 9.426547e+03 9.455321e+03
10.5 9.347756e+03 9.385285e+03 9.423384e+03 9.385855e+03
11.5 9.363156e+03 9.384837e+03 9.422823e+03 9.401141e+03
12.5 9.447120e+03 9.388439e+03 9.423441e+03 9.482122e+03
13.5 9.473008e+03 9.392723e+03 9.424369e+03 9.504655e+03
14.5 9.467397e+03 9.396009e+03 9.425149e+03 9.496537e+03
15.5 9.405672e+03 9.395650e+03 9.425632e+03 9.435654e+03
16.5 9.355794e+03 9.391688e+03 9.425846e+03 9.389952e+03
17.5 9.339443e+03 9.397418e+03 9.425877e+03 9.367902e+03
18.5 9.343028e+03 9.412604e+03 9.425804e+03 9.356228e+03
19.5 9.405129e+03 9.425792e+03 9.425675e+03 9.405012e+03
20.5 9.428659e+03 9.434727e+03 9.425518e+03 9.419450e+03
21.5 9.426022e+03 9.441226e+03 9.425344e+03 9.410140e+03
22.5 9.414703e+03 9.434650e+03 9.425158e+03 9.405211e+03
0.5 9.414890e+03 9.388120e+03 9.423302e+03 9.450072e+03
1.5 9.448026e+03 9.407600e+03 9.426186e+03 9.466612e+03
2.5 9.535266e+03 9.460962e+03 9.437067e+03 9.511371e+03
3.5 9.554662e+03 9.509134e+03 9.448356e+03 9.493884e+03
4.5 9.520609e+03 9.532457e+03 9.454659e+03 9.442811e+03
5.5 9.545308e+03 9.528142e+03 9.456658e+03 9.473824e+03
