0.5 7.452966e+03 7.500743e+03 7.611476e+03 7.563699e+03
1.5 7.513434e+03 7.587195e+03 7.648858e+03 7.575098e+03
2.5 7.805224e+03 7.853975e+03 7.676161e+03 7.627410e+03
3.5 8.157438e+03 8.118863e+03 7.659603e+03 7.698177e+03
4.5 8.278718e+03 8.265975e+03 7.627675e+03 7.640418e+03
5.5 8.199708e+03 8.314591e+03 7.594416e+03 7.479533e+03
6.5 8.306764e+03 8.233330e+03 7.545735e+03 7.619169e+03
7.5 8.283836e+03 7.949738e+03 7.514417e+03 7.848515e+03
8.5 7.777322e+03 7.663679e+03 7.531029e+03 7.644672e+03
9.5 7.474917e+03 7.499872e+03 7.564667e+03 7.539712e+03
10.5 7.522977e+03 7.438190e+03 7.589215e+03 7.674002e+03
11.5 7.356612e+03 7.433107e+03 7.602053e+03 7.525558e+03
12.5 7.262001e+03 7.453027e+03 7.607013e+03 7.415988e+03
13.5 7.304049e+03 7.478896e+03 7.607455e+03 7.432609e+03
14.5 7.229219e+03 7.500874e+03 7.605865e+03 7.334211e+03
15.5 7.328379e+03 7.515241e+03 7.603901e+03 7.417040e+03
16.5 7.547614e+03 7.514041e+03 7.602354e+03 7.635927e+03
17.5 7.630368e+03 7.489556e+03 7.601383e+03 7.742194e+03
18.5 7.605939e+03 7.464574e+03 7.600855e+03 7.742221e+03
19.5 7.489417e+03 7.451776e+03 7.600594e+03 7.638235e+03
20.5 7.505708e+03 7.449155e+03 7.600468e+03 7.657020e+03
21.5 7.367793e+03 7.460897e+03 7.600403e+03 7.507299e+03
22.5 7.599246e+03 7.493794e+03 7.600361e+03 7.705813e+03
0.5 7.349731e+03 7.529158e+03 7.610661e+03 7.431234e+03
1.5 7.449200e+03 7.609106e+03 7.647995e+03 7.488090e+03
2.5 8.238286e+03 7.870324e+03 7.675248e+03 8.043210e+03
3.5 8.167534e+03 8.130201e+03 7.658656e+03 7.695989e+03
4.5 8.217201e+03 8.272582e+03 7.626712e+03 7.571331e+03
5.5 8.175365e+03 8.316595e+03 7.593449e+03 7.452219e+03
6.5 8.098541e+03 8.230791e+03 7.544790e+03 7.412540e+03
7.5 7.925638e+03 7.942806e+03 7.513488e+03 7.496320e+03
8.5 7.660169e+03 7.652311e+03 7.530093e+03 7.537951e+03
9.5 7.359488e+03 7.484022e+03 7.563726e+03 7.439191e+03
10.5 7.315105e+03 7.417813e+03 7.588270e+03 7.485563e+03
11.5 7.314973e+03 7.408160e+03 7.601105e+03 7.507918e+03
12.5 7.536522e+03 7.423467e+03 7.606064e+03 7.719120e+03
13.5 7.712961e+03 7.444681e+03 7.606504e+03 7.874785e+03
14.5 7.562462e+03 7.461961e+03 7.604912e+03 7.705414e+03
15.5 7.319416e+03 7.471584e+03 7.602947e+03 7.450778e+03
16.5 7.203567e+03 7.465594e+03 7.601397e+03 7.339370e+03
17.5 7.310449e+03 7.436265e+03 7.600423e+03 7.474607e+03
18.5 7.073502e+03 7.406381e+03 7.599892e+03 7.267014e+03
19.5 7.226125e+03 7.388635e+03 7.599622e+03 7.437112e+03
20.5 7.335489e+03 7.380960e+03 7.599486e+03 7.554015e+03
21.5 7.340089e+03 7.387542e+03 7.599410e+03 7.551958e+03
22.5 7.516227e+03 7.415171e+03 7.599357e+03 7.700412e+03
0.5 7.659081e+03 7.418469e+03 7.609741e+03 7.850352e+03
1.5 7.583010e+03 7.493131e+03 7.647014e+03 7.736893e+03
2.5 7.766267e+03 7.748715e+03 7.674166e+03 7.691718e+03
3.5 8.049572e+03 8.002404e+03 7.657434e+03 7.704602e+03
4.5 8.147331e+03 8.137919e+03 7.625351e+03 7.634764e+03
5.5 8.100713e+03 8.166682e+03 7.591971e+03 7.526001e+03
