0.5 5.633486e+03 5.658374e+03 5.631723e+03 5.606835e+03
1.5 5.634280e+03 5.655440e+03 5.654108e+03 5.632948e+03
2.5 5.622662e+03 5.667654e+03 5.735472e+03 5.690480e+03
3.5 5.691296e+03 5.689368e+03 5.820091e+03 5.822019e+03
4.5 5.674669e+03 5.706047e+03 5.868339e+03 5.836961e+03
5.5 5.740263e+03 5.716004e+03 5.885198e+03 5.909458e+03
6.5 5.703032e+03 5.720042e+03 5.861762e+03 5.844753e+03
7.5 5.696753e+03 5.705811e+03 5.772068e+03 5.763010e+03
8.5 5.721612e+03 5.680987e+03 5.677646e+03 5.718270e+03
9.5 5.712979e+03 5.661266e+03 5.621107e+03 5.672821e+03
10.5 5.652338e+03 5.650895e+03 5.598175e+03 5.599618e+03
11.5 5.585130e+03 5.647175e+03 5.594462e+03 5.532416e+03
12.5 5.668887e+03 5.647000e+03 5.599504e+03 5.621392e+03
13.5 5.614789e+03 5.648265e+03 5.606907e+03 5.573430e+03
14.5 5.647023e+03 5.649706e+03 5.613307e+03 5.610624e+03
15.5 5.671013e+03 5.648680e+03 5.617791e+03 5.640123e+03
16.5 5.707046e+03 5.647036e+03 5.643562e+03 5.703572e+03
17.5 5.755560e+03 5.660204e+03 5.727002e+03 5.822358e+03
18.5 5.792548e+03 5.682599e+03 5.812958e+03 5.922907e+03
19.5 5.792282e+03 5.699786e+03 5.862175e+03 5.954671e+03
20.5 5.710767e+03 5.710151e+03 5.879831e+03 5.880446e+03
21.5 5.623205e+03 5.714542e+03 5.857111e+03 5.765774e+03
22.5 5.672139e+03 5.700632e+03 5.768093e+03 5.739600e+03
0.5 5.671013e+03 5.648680e+03 5.617791e+03 5.640123e+03
1.5 5.707046e+03 5.647036e+03 5.643562e+03 5.703572e+03
2.5 5.755560e+03 5.660204e+03 5.727002e+03 5.822358e+03
3.5 5.792548e+03 5.682599e+03 5.812958e+03 5.922907e+03
4.5 5.792282e+03 5.699786e+03 5.862175e+03 5.954671e+03
5.5 5.710767e+03 5.710151e+03 5.879831e+03 5.880446e+03
6.5 5.623205e+03 5.714542e+03 5.857111e+03 5.765774e+03
7.5 5.672139e+03 5.700632e+03 5.768093e+03 5.739600e+03
8.5 5.713925e+03 5.676106e+03 5.674316e+03 5.712136e+03
9.5 5.742682e+03 5.656661e+03 5.618401e+03 5.704422e+03
10.5 5.758328e+03 5.646551e+03 5.596073e+03 5.707851e+03
11.5 5.685829e+03 5.643075e+03 5.592943e+03 5.635696e+03
12.5 5.632625e+03 5.643128e+03 5.598547e+03 5.588044e+03
13.5 5.609110e+03 5.644608e+03 5.606491e+03 5.570993e+03
14.5 5.587180e+03 5.646300e+03 5.613411e+03 5.554292e+03
15.5 5.595473e+03 5.652131e+03 5.618212e+03 5.561554e+03
16.5 5.662289e+03 5.674685e+03 5.621103e+03 5.608707e+03
17.5 5.759687e+03 5.707842e+03 5.622718e+03 5.674563e+03
18.5 5.746440e+03 5.723083e+03 5.623631e+03 5.646988e+03
19.5 5.734109e+03 5.722287e+03 5.624212e+03 5.636034e+03
20.5 5.630903e+03 5.712734e+03 5.624658e+03 5.542827e+03
21.5 5.677402e+03 5.686215e+03 5.625059e+03 5.616246e+03
22.5 5.644865e+03 5.649840e+03 5.625455e+03 5.620480e+03
0.5 5.660000e+03 5.645380e+03 5.629274e+03 5.643894e+03
1.5 5.607810e+03 5.643052e+03 5.653157e+03 5.617914e+03
2.5 5.580688e+03 5.655826e+03 5.735978e+03 5.660840e+03
3.5 5.621527e+03 5.678055e+03 5.822014e+03 5.765486e+03
4.5 5.717381e+03 5.695226e+03 5.871640e+03 5.893796e+03
5.5 5.702836e+03 5.705679e+03 5.889858e+03 5.887016e+03
6.5 5.703768e+03 5.710159e+03 5.867748e+03 5.861358e+03
7.5 5.709124e+03 5.696319e+03 5.779351e+03 5.792156e+03
8.5 5.673481e+03 5.671817e+03 5.686197e+03 5.687860e+03
9.5 5.737287e+03 5.652356e+03 5.630900e+03 5.715830e+03
10.5 5.731636e+03 5.642199e+03 5.609189e+03 5.698626e+03
11.5 5.645721e+03 5.638654e+03 5.606676e+03 5.613743e+03
12.5 5.699295e+03 5.638618e+03 5.612902e+03 5.673579e+03
13.5 5.708724e+03 5.639990e+03 5.621476e+03 5.690210e+03
14.5 5.653148e+03 5.641556e+03 5.629038e+03 5.640629e+03
15.5 5.688544e+03 5.647241e+03 5.634495e+03 5.675798e+03
16.5 5.726421e+03 5.669624e+03 5.638062e+03 5.694858e+03
17.5 5.713348e+03 5.702567e+03 5.640375e+03 5.651156e+03
18.5 5.759799e+03 5.717537e+03 5.642015e+03 5.684277e+03
19.5 5.792111e+03 5.716349e+03 5.643354e+03 5.719116e+03
20.5 5.731812e+03 5.696769e+03 5.644592e+03 5.679635e+03
