0.5 6.678272e+03 6.691172e+03 6.659076e+03 6.646176e+03
1.5 6.667915e+03 6.671202e+03 6.641612e+03 6.638325e+03
2.5 6.680113e+03 6.649166e+03 6.628418e+03 6.659366e+03
3.5 6.619833e+03 6.646985e+03 6.635478e+03 6.608327e+03
4.5 6.617120e+03 6.655953e+03 6.649846e+03 6.611013e+03
5.5 6.662223e+03 6.664130e+03 6.660118e+03 6.658211e+03
6.5 6.682077e+03 6.669045e+03 6.665318e+03 6.678349e+03
7.5 6.642262e+03 6.671420e+03 6.667206e+03 6.638048e+03
8.5 6.674647e+03 6.672083e+03 6.667228e+03 6.669791e+03
9.5 6.685969e+03 6.671790e+03 6.666466e+03 6.680645e+03
10.5 6.708890e+03 6.674516e+03 6.670502e+03 6.704876e+03
11.5 6.620088e+03 6.677389e+03 6.687205e+03 6.629904e+03
12.5 6.656256e+03 6.655469e+03 6.699901e+03 6.700688e+03
13.5 6.670696e+03 6.618216e+03 6.692557e+03 6.745038e+03
14.5 6.631415e+03 6.589411e+03 6.678003e+03 6.720007e+03
15.5 6.557944e+03 6.571763e+03 6.662696e+03 6.648878e+03
16.5 6.639331e+03 6.563932e+03 6.640036e+03 6.715435e+03
17.5 6.647372e+03 6.586123e+03 6.624982e+03 6.686232e+03
18.5 6.620404e+03 6.625679e+03 6.632050e+03 6.626776e+03
19.5 6.618892e+03 6.656901e+03 6.647232e+03 6.609223e+03
20.5 6.624256e+03 6.672857e+03 6.658431e+03 6.609831e+03
21.5 6.755524e+03 6.677976e+03 6.664344e+03 6.741891e+03
22.5 6.601731e+03 6.677346e+03 6.666673e+03 6.591059e+03
23.5 6.700337e+03 6.674407e+03 6.666931e+03 6.692861e+03
24.5 6.642121e+03 6.671209e+03 6.666282e+03 6.637194e+03
25.5 6.683798e+03 6.669468e+03 6.670367e+03 6.684697e+03
26.5 6.706481e+03 6.674638e+03 6.687084e+03 6.718927e+03
27.5 6.750811e+03 6.690427e+03 6.699780e+03 6.760164e+03
0.5 6.557944e+03 6.571763e+03 6.662696e+03 6.648878e+03
1.5 6.639331e+03 6.563932e+03 6.640036e+03 6.715435e+03
2.5 6.647372e+03 6.586123e+03 6.624982e+03 6.686232e+03
3.5 6.620404e+03 6.625679e+03 6.632050e+03 6.626776e+03
4.5 6.618892e+03 6.656901e+03 6.647232e+03 6.609223e+03
5.5 6.624256e+03 6.672857e+03 6.658431e+03 6.609831e+03
6.5 6.755524e+03 6.677976e+03 6.664344e+03 6.741891e+03
7.5 6.601731e+03 6.677346e+03 6.666673e+03 6.591059e+03
8.5 6.700337e+03 6.674407e+03 6.666931e+03 6.692861e+03
9.5 6.642121e+03 6.671209e+03 6.666282e+03 6.637194e+03
10.5 6.683798e+03 6.669468e+03 6.670367e+03 6.684697e+03
11.5 6.706481e+03 6.674638e+03 6.687084e+03 6.718927e+03
12.5 6.750811e+03 6.690427e+03 6.699780e+03 6.760164e+03
13.5 6.751112e+03 6.704146e+03 6.692437e+03 6.739403e+03
14.5 6.643041e+03 6.710439e+03 6.677887e+03 6.610490e+03
15.5 6.709729e+03 6.711074e+03 6.662588e+03 6.661242e+03
16.5 6.748718e+03 6.703398e+03 6.639944e+03 6.685264e+03
17.5 6.675058e+03 6.684989e+03 6.624905e+03 6.614975e+03
18.5 6.661138e+03 6.669094e+03 6.631977e+03 6.624022e+03
19.5 6.673915e+03 6.661246e+03 6.647163e+03 6.659833e+03
20.5 6.707241e+03 6.658842e+03 6.658365e+03 6.706764e+03
21.5 6.666752e+03 6.659099e+03 6.664281e+03 6.671934e+03
22.5 6.694568e+03 6.660394e+03 6.666613e+03 6.700788e+03
23.5 6.659788e+03 6.661807e+03 6.666873e+03 6.664854e+03
24.5 6.665895e+03 6.662911e+03 6.666227e+03 6.669211e+03
25.5 6.710952e+03 6.664397e+03 6.670313e+03 6.716868e+03
26.5 6.651730e+03 6.671633e+03 6.687032e+03 6.667130e+03
27.5 6.688064e+03 6.688631e+03 6.699729e+03 6.699161e+03
0.5 6.709729e+03 6.711074e+03 6.662588e+03 6.661242e+03
1.5 6.748718e+03 6.703398e+03 6.639944e+03 6.685264e+03
2.5 6.675058e+03 6.684989e+03 6.624905e+03 6.614975e+03
3.5 6.661138e+03 6.669094e+03 6.631977e+03 6.624022e+03
4.5 6.673915e+03 6.661246e+03 6.647163e+03 6.659833e+03
5.5 6.707241e+03 6.658842e+03 6.658365e+03 6.706764e+03
6.5 6.666752e+03 6.659099e+03 6.664281e+03 6.671934e+03
7.5 6.694568e+03 6.660394e+03 6.666613e+03 6.700788e+03
8.5 6.659788e+03 6.661807e+03 6.666873e+03 6.664854e+03
9.5 6.665895e+03 6.662911e+03 6.666227e+03 6.669211e+03
10.5 6.710952e+03 6.664397e+03 6.670313e+03 6.716868e+03
11.5 6.651730e+03 6.671633e+03 6.687032e+03 6.667130e+03
12.5 6.688064e+03 6.688631e+03 6.699729e+03 6.699161e+03
13.5 6.687849e+03 6.703053e+03 6.692387e+03 6.677182e+03
14.5 6.671264e+03 6.709788e+03 6.677837e+03 6.639313e+03
15.5 6.677589e+03 6.710747e+03 6.662538e+03 6.629381e+03
16.5 6.721371e+03 6.703344e+03 6.639894e+03 6.657920e+03
17.5 6.680557e+03 6.685189e+03 6.624855e+03 6.620223e+03
18.5 6.660783e+03 6.669538e+03 6.631927e+03 6.623172e+03
19.5 6.679992e+03 6.661931e+03 6.647111e+03 6.665172e+03
20.5 6.681464e+03 6.659765e+03 6.658313e+03 6.680011e+03
21.5 6.619142e+03 6.660256e+03 6.664227e+03 6.623113e+03
22.5 6.649627e+03 6.661784e+03 6.666557e+03 6.654401e+03
23.5 6.686337e+03 6.663426e+03 6.666815e+03 6.689726e+03
24.5 6.638664e+03 6.664777e+03 6.666167e+03 6.640053e+03
25.5 6.656822e+03 6.669125e+03 6.670251e+03 6.657947e+03
26.5 6.744003e+03 6.673325e+03 6.686966e+03 6.757644e+03
27.5 6.622880e+03 6.652438e+03 6.699660e+03 6.670102e+03
0.5 6.677589e+03 6.710747e+03 6.662538e+03 6.629381e+03
1.5 6.721371e+03 6.703344e+03 6.639894e+03 6.657920e+03
2.5 6.680557e+03 6.685189e+03 6.624855e+03 6.620223e+03
3.5 6.660783e+03 6.669538e+03 6.631927e+03 6.623172e+03
4.5 6.679992e+03 6.661931e+03 6.647111e+03 6.665172e+03
5.5 6.681464e+03 6.659765e+03 6.658313e+03 6.680011e+03
6.5 6.619142e+03 6.660256e+03 6.664227e+03 6.623113e+03
7.5 6.649627e+03 6.661784e+03 6.666557e+03 6.654401e+03
8.5 6.686337e+03 6.663426e+03 6.666815e+03 6.689726e+03
9.5 6.638664e+03 6.664777e+03 6.666167e+03 6.640053e+03
10.5 6.656822e+03 6.669125e+03 6.670251e+03 6.657947e+03
11.5 6.744003e+03 6.673325e+03 6.686966e+03 6.757644e+03
12.5 6.622880e+03 6.652438e+03 6.699660e+03 6.670102e+03
13.5 6.587382e+03 6.616021e+03 6.692314e+03 6.663676e+03
14.5 6.568870e+03 6.587944e+03 6.677761e+03 6.658687e+03
15.5 6.588129e+03 6.570973e+03 6.662459e+03 6.679614e+03
16.5 6.512578e+03 6.563806e+03 6.639810e+03 6.588582e+03
17.5 6.545272e+03 6.586635e+03 6.624766e+03 6.583403e+03
18.5 6.569233e+03 6.626824e+03 6.631833e+03 6.574241e+03
19.5 6.612602e+03 6.658684e+03 6.647012e+03 6.600930e+03
20.5 6.589298e+03 6.675285e+03 6.658208e+03 6.572221e+03
21.5 6.577810e+03 6.681054e+03 6.664115e+03 6.560871e+03
22.5 6.593807e+03 6.681081e+03 6.666440e+03 6.579166e+03
23.5 6.755943e+03 6.678803e+03 6.666691e+03 6.743830e+03
24.5 6.655130e+03 6.676272e+03 6.666035e+03 6.644893e+03
25.5 6.698150e+03 6.675201e+03 6.670111e+03 6.693059e+03
26.5 6.644107e+03 6.681047e+03 6.686819e+03 6.649879e+03
27.5 6.714159e+03 6.697516e+03 6.699504e+03 6.716147e+03
0.5 6.588129e+03 6.570973e+03 6.662459e+03 6.679614e+03
1.5 6.512578e+03 6.563806e+03 6.639810e+03 6.588582e+03
2.5 6.545272e+03 6.586635e+03 6.624766e+03 6.583403e+03
3.5 6.569233e+03 6.626824e+03 6.631833e+03 6.574241e+03
4.5 6.612602e+03 6.658684e+03 6.647012e+03 6.600930e+03
5.5 6.589298e+03 6.675285e+03 6.658208e+03 6.572221e+03
6.5 6.577810e+03 6.681054e+03 6.664115e+03 6.560871e+03
7.5 6.593807e+03 6.681081e+03 6.666440e+03 6.579166e+03
8.5 6.755943e+03 6.678803e+03 6.666691e+03 6.743830e+03
9.5 6.655130e+03 6.676272e+03 6.666035e+03 6.644893e+03
10.5 6.698150e+03 6.675201e+03 6.670111e+03 6.693059e+03
11.5 6.644107e+03 6.681047e+03 6.686819e+03 6.649879e+03
12.5 6.714159e+03 6.697516e+03 6.699504e+03 6.716147e+03
13.5 6.756808e+03 6.711922e+03 6.692149e+03 6.737035e+03
14.5 6.718981e+03 6.718895e+03 6.677578e+03 6.677664e+03
15.5 6.756732e+03 6.720214e+03 6.662254e+03 6.698772e+03
16.5 6.689191e+03 6.713242e+03 6.639594e+03 6.615542e+03
17.5 6.713226e+03 6.695553e+03 6.624544e+03 6.642217e+03
18.5 6.716111e+03 6.680398e+03 6.631610e+03 6.667323e+03
19.5 6.727020e+03 6.673307e+03 6.646789e+03 6.700502e+03
20.5 6.748340e+03 6.671673e+03 6.657979e+03 6.734646e+03
21.5 6.688504e+03 6.672714e+03 6.663877e+03 6.679667e+03
22.5 6.719639e+03 6.674810e+03 6.666188e+03 6.711018e+03
23.5 6.673558e+03 6.677044e+03 6.666425e+03 6.662939e+03
24.5 6.700995e+03 6.679013e+03 6.665753e+03 6.687735e+03
25.5 6.730703e+03 6.684007e+03 6.669813e+03 6.716509e+03
26.5 6.678156e+03 6.688884e+03 6.686500e+03 6.675773e+03
27.5 6.598665e+03 6.668703e+03 6.699148e+03 6.629109e+03
0.5 6.756732e+03 6.720214e+03 6.662254e+03 6.698772e+03
1.5 6.689191e+03 6.713242e+03 6.639594e+03 6.615542e+03
2.5 6.713226e+03 6.695553e+03 6.624544e+03 6.642217e+03
3.5 6.716111e+03 6.680398e+03 6.631610e+03 6.667323e+03
4.5 6.727020e+03 6.673307e+03 6.646789e+03 6.700502e+03
5.5 6.748340e+03 6.671673e+03 6.657979e+03 6.734646e+03
6.5 6.688504e+03 6.672714e+03 6.663877e+03 6.679667e+03
7.5 6.719639e+03 6.674810e+03 6.666188e+03 6.711018e+03
8.5 6.673558e+03 6.677044e+03 6.666425e+03 6.662939e+03
9.5 6.700995e+03 6.679013e+03 6.665753e+03 6.687735e+03
10.5 6.730703e+03 6.684007e+03 6.669813e+03 6.716509e+03
11.5 6.678156e+03 6.688884e+03 6.686500e+03 6.675773e+03
12.5 6.598665e+03 6.668703e+03 6.699148e+03 6.629109e+03
13.5 6.608605e+03 6.633049e+03 6.691739e+03 6.667296e+03
14.5 6.609596e+03 6.605852e+03 6.677163e+03 6.680906e+03
15.5 6.567377e+03 6.594778e+03 6.666765e+03 6.639364e+03
