6.707061e+03 6.652879e+03 6.696112e+03 6.663827e+03
6.678272e+03 6.652735e+03 6.691172e+03 6.639835e+03
6.667915e+03 6.652611e+03 6.671202e+03 6.649324e+03
6.680113e+03 6.652504e+03 6.649166e+03 6.683451e+03
6.619833e+03 6.652410e+03 6.646985e+03 6.625259e+03
6.617120e+03 6.652333e+03 6.655953e+03 6.613500e+03
6.662223e+03 6.652272e+03 6.664130e+03 6.650364e+03
6.682077e+03 6.652227e+03 6.669045e+03 6.665258e+03
6.642262e+03 6.652197e+03 6.671420e+03 6.623038e+03
6.674647e+03 6.652180e+03 6.672083e+03 6.654743e+03
6.685969e+03 6.652175e+03 6.671790e+03 6.666354e+03
6.708890e+03 6.652244e+03 6.674516e+03 6.686618e+03
6.620088e+03 6.660197e+03 6.677389e+03 6.602895e+03
6.656256e+03 6.688178e+03 6.655469e+03 6.688965e+03
6.670696e+03 6.717261e+03 6.618216e+03 6.769742e+03
6.631415e+03 6.733982e+03 6.589411e+03 6.775987e+03
6.557944e+03 6.740029e+03 6.571763e+03 6.726210e+03
6.639331e+03 6.732371e+03 6.563932e+03 6.807770e+03
6.647372e+03 6.702179e+03 6.586123e+03 6.763429e+03
6.620404e+03 6.670366e+03 6.625679e+03 6.665091e+03
6.618892e+03 6.651400e+03 6.656901e+03 6.613391e+03
6.624256e+03 6.643830e+03 6.672857e+03 6.595229e+03
6.755524e+03 6.642768e+03 6.677976e+03 6.720316e+03
6.601731e+03 6.644662e+03 6.677346e+03 6.569048e+03
6.700337e+03 6.647340e+03 6.674407e+03 6.673270e+03
6.642121e+03 6.649658e+03 6.671209e+03 6.620570e+03
6.683798e+03 6.651254e+03 6.669468e+03 6.665584e+03
6.706481e+03 6.653392e+03 6.674638e+03 6.685234e+03
6.750811e+03 6.658137e+03 6.690427e+03 6.718522e+03
6.751112e+03 6.662799e+03 6.704146e+03 6.709765e+03
6.643041e+03 6.665448e+03 6.710439e+03 6.598051e+03
6.709729e+03 6.666410e+03 6.711074e+03 6.665065e+03
6.748718e+03 6.665255e+03 6.703398e+03 6.710575e+03
6.675058e+03 6.660649e+03 6.684989e+03 6.650719e+03
6.661138e+03 6.655786e+03 6.669094e+03 6.647831e+03
6.673915e+03 6.652876e+03 6.661246e+03 6.665546e+03
6.707241e+03 6.651698e+03 6.658842e+03 6.700097e+03
6.666752e+03 6.651507e+03 6.659099e+03 6.659160e+03
6.694568e+03 6.651759e+03 6.660394e+03 6.685934e+03
6.659788e+03 6.652125e+03 6.661807e+03 6.650105e+03
6.665895e+03 6.652428e+03 6.662911e+03 6.655412e+03
6.710952e+03 6.652623e+03 6.664397e+03 6.699177e+03
6.651730e+03 6.653911e+03 6.671633e+03 6.634008e+03
6.688064e+03 6.658177e+03 6.688631e+03 6.657610e+03
6.687849e+03 6.662564e+03 6.703053e+03 6.647360e+03
6.671264e+03 6.665039e+03 6.709788e+03 6.626515e+03
6.677589e+03 6.665868e+03 6.710747e+03 6.632710e+03
6.721371e+03 6.664595e+03 6.703344e+03 6.682621e+03
6.680557e+03 6.659878e+03 6.685189e+03 6.655246e+03
6.660783e+03 6.654905e+03 6.669538e+03 6.646150e+03
6.679992e+03 6.651885e+03 6.661931e+03 6.669945e+03
6.681464e+03 6.650596e+03 6.659765e+03 6.672294e+03
6.619142e+03 6.650292e+03 6.660256e+03 6.609178e+03
6.649627e+03 6.650433e+03 6.661784e+03 6.638276e+03
6.686337e+03 6.650685e+03 6.663426e+03 6.673596e+03
6.638664e+03 6.650875e+03 6.664777e+03 6.624761e+03
6.656822e+03 6.651009e+03 6.669125e+03 6.638705e+03
6.744003e+03 6.658905e+03 6.673325e+03 6.729582e+03
6.622880e+03 6.686735e+03 6.652438e+03 6.657178e+03
6.587382e+03 6.715606e+03 6.616021e+03 6.686968e+03
6.568870e+03 6.732080e+03 6.587944e+03 6.713006e+03
6.588129e+03 6.737860e+03 6.570973e+03 6.755016e+03
6.512578e+03 6.729924e+03 6.563806e+03 6.678696e+03
6.545272e+03 6.699460e+03 6.586635e+03 6.658096e+03
6.569233e+03 6.667361e+03 6.626824e+03 6.609770e+03
6.612602e+03 6.648100e+03 6.658684e+03 6.602017e+03
6.589298e+03 6.640224e+03 6.675285e+03 6.554237e+03
6.577810e+03 6.638846e+03 6.681054e+03 6.535603e+03
6.593807e+03 6.640415e+03 6.681081e+03 6.553141e+03
6.755943e+03 6.642756e+03 6.678803e+03 6.719896e+03
6.655130e+03 6.644729e+03 6.676272e+03 6.623587e+03
6.698150e+03 6.645971e+03 6.675201e+03 6.668919e+03
6.644107e+03 6.647742e+03 6.681047e+03 6.610802e+03
6.714159e+03 6.652112e+03 6.697516e+03 6.668755e+03
6.756808e+03 6.656387e+03 6.711922e+03 6.701272e+03
6.718981e+03 6.658637e+03 6.718895e+03 6.658723e+03
6.756732e+03 6.659188e+03 6.720214e+03 6.695706e+03
6.689191e+03 6.657607e+03 6.713242e+03 6.633556e+03
6.713226e+03 6.652563e+03 6.695553e+03 6.670236e+03
6.716111e+03 6.647246e+03 6.680398e+03 6.682959e+03
6.727020e+03 6.643865e+03 6.673307e+03 6.697579e+03
6.748340e+03 6.642199e+03 6.671673e+03 6.718866e+03
6.688504e+03 6.641500e+03 6.672714e+03 6.657290e+03
6.719639e+03 6.641226e+03 6.674810e+03 6.686055e+03
6.673558e+03 6.641042e+03 6.677044e+03 6.637556e+03
6.700995e+03 6.640773e+03 6.679013e+03 6.662755e+03
6.730703e+03 6.640423e+03 6.684007e+03 6.687119e+03
6.678156e+03 6.647809e+03 6.688884e+03 6.637081e+03
6.598665e+03 6.675094e+03 6.668703e+03 6.605056e+03
6.608605e+03 6.703364e+03 6.633049e+03 6.678920e+03
6.609596e+03 6.719172e+03 6.605852e+03 6.722915e+03
6.567377e+03 6.724226e+03 6.594778e+03 6.696826e+03
6.579951e+03 6.715516e+03 6.605937e+03 6.689530e+03
