9.437721e+03 9.320604e+03 9.380736e+03 9.377589e+03
9.409817e+03 9.319816e+03 9.387096e+03 9.342537e+03
9.300588e+03 9.319029e+03 9.394978e+03 9.224639e+03
9.373236e+03 9.318216e+03 9.371074e+03 9.320378e+03
9.340553e+03 9.317384e+03 9.325646e+03 9.332291e+03
9.302895e+03 9.316552e+03 9.290004e+03 9.329443e+03
9.295964e+03 9.315733e+03 9.272992e+03 9.338706e+03
9.300032e+03 9.314935e+03 9.268987e+03 9.345980e+03
9.278214e+03 9.314160e+03 9.271672e+03 9.320702e+03
9.225381e+03 9.313409e+03 9.276904e+03 9.261886e+03
9.271414e+03 9.312681e+03 9.282264e+03 9.301831e+03
9.254771e+03 9.311997e+03 9.287779e+03 9.278989e+03
9.293310e+03 9.313944e+03 9.309076e+03 9.298178e+03
9.302925e+03 9.322544e+03 9.365028e+03 9.260442e+03
9.463978e+03 9.331530e+03 9.418143e+03 9.377365e+03
9.460489e+03 9.336442e+03 9.446861e+03 9.350070e+03
9.385224e+03 9.337840e+03 9.455774e+03 9.267290e+03
9.499706e+03 9.334720e+03 9.438072e+03 9.396354e+03
9.413268e+03 9.324167e+03 9.380832e+03 9.356603e+03
9.342687e+03 9.313097e+03 9.325220e+03 9.330564e+03
9.303218e+03 9.306302e+03 9.294670e+03 9.314850e+03
9.296256e+03 9.303304e+03 9.284006e+03 9.315554e+03
9.269001e+03 9.302482e+03 9.284050e+03 9.287433e+03
9.232671e+03 9.302660e+03 9.288688e+03 9.246642e+03
9.262361e+03 9.303119e+03 9.294282e+03 9.271197e+03
9.291291e+03 9.303480e+03 9.298977e+03 9.295794e+03
9.232258e+03 9.303692e+03 9.300928e+03 9.235021e+03
9.265504e+03 9.312752e+03 9.296378e+03 9.281878e+03
9.335633e+03 9.344686e+03 9.287220e+03 9.393099e+03
9.302635e+03 9.377805e+03 9.282789e+03 9.397651e+03
9.280154e+03 9.396687e+03 9.283169e+03 9.393671e+03
9.297362e+03 9.403296e+03 9.286298e+03 9.414361e+03
9.272839e+03 9.394168e+03 9.294741e+03 9.372267e+03
9.308175e+03 9.359174e+03 9.306686e+03 9.360663e+03
9.364214e+03 9.322329e+03 9.313047e+03 9.373495e+03
9.296256e+03 9.300267e+03 9.313999e+03 9.282525e+03
9.307867e+03 9.291320e+03 9.313155e+03 9.286033e+03
9.233309e+03 9.289871e+03 9.312080e+03 9.211100e+03
9.343247e+03 9.291836e+03 9.311199e+03 9.323884e+03
9.223635e+03 9.294720e+03 9.310646e+03 9.207709e+03
9.224520e+03 9.297208e+03 9.310392e+03 9.211336e+03
9.382783e+03 9.298946e+03 9.308998e+03 9.372731e+03
9.308613e+03 9.308989e+03 9.302383e+03 9.315219e+03
9.350797e+03 9.341538e+03 9.291958e+03 9.400376e+03
9.355500e+03 9.375066e+03 9.286682e+03 9.443884e+03
9.340272e+03 9.394251e+03 9.286415e+03 9.448107e+03
9.267719e+03 9.401114e+03 9.288987e+03 9.379846e+03
9.295141e+03 9.392215e+03 9.296913e+03 9.390442e+03
9.326352e+03 9.357435e+03 9.308362e+03 9.375425e+03
9.310787e+03 9.320795e+03 9.314242e+03 9.317339e+03
9.347510e+03 9.298929e+03 9.314725e+03 9.331715e+03
9.355992e+03 9.290171e+03 9.313422e+03 9.332741e+03
9.309752e+03 9.288902e+03 9.311898e+03 9.286756e+03
9.278531e+03 9.291040e+03 9.310579e+03 9.258991e+03
9.279257e+03 9.294088e+03 9.309598e+03 9.263747e+03
9.363767e+03 9.296733e+03 9.308944e+03 9.351556e+03
9.251832e+03 9.298569e+03 9.309641e+03 9.240759e+03
9.278592e+03 9.302262e+03 9.327381e+03 9.253474e+03
9.473713e+03 9.312083e+03 9.380694e+03 9.405102e+03
9.429590e+03 9.321986e+03 9.431726e+03 9.319851e+03
9.464200e+03 9.327659e+03 9.458658e+03 9.333201e+03
9.416564e+03 9.329740e+03 9.465940e+03 9.280364e+03
9.440869e+03 9.327261e+03 9.446686e+03 9.321445e+03
9.421248e+03 9.317319e+03 9.387975e+03 9.350593e+03
9.366724e+03 9.306838e+03 9.330917e+03 9.342645e+03
9.351154e+03 9.300614e+03 9.298942e+03 9.352826e+03
9.265024e+03 9.298166e+03 9.286867e+03 9.276323e+03
9.270764e+03 9.297877e+03 9.285517e+03 9.283124e+03
9.357855e+03 9.298569e+03 9.288777e+03 9.367647e+03
9.374858e+03 9.299522e+03 9.293006e+03 9.381375e+03
9.359830e+03 9.300359e+03 9.296349e+03 9.363841e+03
9.269243e+03 9.301028e+03 9.296959e+03 9.273312e+03
9.223920e+03 9.310526e+03 9.291078e+03 9.243369e+03
9.227882e+03 9.342879e+03 9.280597e+03 9.290164e+03
9.183622e+03 9.376399e+03 9.274849e+03 9.285172e+03
9.249728e+03 9.395663e+03 9.273926e+03 9.371465e+03
9.266697e+03 9.402643e+03 9.275724e+03 9.393616e+03
9.264799e+03 9.393869e+03 9.282820e+03 9.375848e+03
9.305299e+03 9.359213e+03 9.293404e+03 9.371108e+03
9.212353e+03 9.322691e+03 9.298400e+03 9.236643e+03
9.320357e+03 9.300937e+03 9.297988e+03 9.323307e+03
9.316071e+03 9.292284e+03 9.295778e+03 9.312577e+03
9.256644e+03 9.291114e+03 9.293326e+03 9.254432e+03
9.288791e+03 9.293347e+03 9.291049e+03 9.291089e+03
9.300026e+03 9.296485e+03 9.289074e+03 9.307438e+03
9.338132e+03 9.299218e+03 9.287382e+03 9.349967e+03
9.304492e+03 9.301138e+03 9.286996e+03 9.318634e+03
9.326843e+03 9.304916e+03 9.303599e+03 9.328159e+03
9.459012e+03 9.314816e+03 9.355706e+03 9.418123e+03
9.438982e+03 9.324791e+03 9.405419e+03 9.358354e+03
9.415414e+03 9.330527e+03 9.430873e+03 9.315068e+03
9.422974e+03 9.332663e+03 9.431791e+03 9.323846e+03
9.334930e+03 9.330239e+03 9.419922e+03 9.245247e+03
