3.818288e+03 3.941939e+03 3.837275e+03 3.922952e+03
3.838061e+03 3.940169e+03 3.840046e+03 3.938184e+03
3.872363e+03 3.938382e+03 3.867869e+03 3.942875e+03
3.974373e+03 3.936522e+03 3.922163e+03 3.988733e+03
3.899693e+03 3.934604e+03 3.957428e+03 3.876869e+03
3.901312e+03 3.932673e+03 3.966244e+03 3.867741e+03
3.990932e+03 3.930761e+03 3.963008e+03 3.958686e+03
3.960100e+03 3.928886e+03 3.956085e+03 3.932901e+03
3.919715e+03 3.927055e+03 3.948783e+03 3.897987e+03
3.890219e+03 3.925271e+03 3.942652e+03 3.872837e+03
3.949115e+03 3.923532e+03 3.938191e+03 3.934457e+03
3.951773e+03 3.921841e+03 3.936841e+03 3.936773e+03
3.880814e+03 3.920196e+03 3.948704e+03 3.852306e+03
3.969146e+03 3.918599e+03 3.980365e+03 3.907380e+03
4.073097e+03 3.917050e+03 4.006649e+03 3.983497e+03
4.111008e+03 3.915551e+03 4.017800e+03 4.008759e+03
3.999991e+03 3.914103e+03 4.017694e+03 3.896400e+03
4.004999e+03 3.912706e+03 4.000986e+03 3.916720e+03
4.057574e+03 3.911381e+03 3.963540e+03 4.005415e+03
4.046407e+03 3.910105e+03 3.931844e+03 4.024668e+03
3.998621e+03 3.908879e+03 3.916212e+03 3.991288e+03
4.029067e+03 3.907702e+03 3.911104e+03 4.025664e+03
3.842412e+03 3.906576e+03 3.911023e+03 3.837964e+03
3.994432e+03 3.905501e+03 3.912856e+03 3.987077e+03
3.954063e+03 3.904476e+03 3.914855e+03 3.943685e+03
3.989982e+03 3.903503e+03 3.916167e+03 3.977318e+03
3.934553e+03 3.902744e+03 3.911306e+03 3.925992e+03
3.927007e+03 3.922739e+03 3.900618e+03 3.949128e+03
3.975691e+03 3.995415e+03 3.916194e+03 4.054912e+03
3.893670e+03 4.071000e+03 3.955294e+03 4.009376e+03
4.081981e+03 4.114096e+03 3.988983e+03 4.207094e+03
4.056143e+03 4.129155e+03 4.011915e+03 4.173382e+03
4.042242e+03 4.108221e+03 4.028101e+03 4.122362e+03
3.966312e+03 4.028104e+03 4.011293e+03 3.983123e+03
3.926937e+03 3.943764e+03 3.968173e+03 3.902528e+03
3.924088e+03 3.893261e+03 3.930090e+03 3.887259e+03
3.880276e+03 3.872779e+03 3.908898e+03 3.844157e+03
3.900404e+03 3.869461e+03 3.900709e+03 3.869156e+03
3.986961e+03 3.873965e+03 3.899752e+03 3.961174e+03
3.895766e+03 3.880578e+03 3.901977e+03 3.874367e+03
3.830509e+03 3.886294e+03 3.904840e+03 3.811963e+03
3.851659e+03 3.890300e+03 3.901736e+03 3.840223e+03
3.808668e+03 3.913319e+03 3.892488e+03 3.829499e+03
3.925303e+03 3.987849e+03 3.909088e+03 4.004065e+03
3.875687e+03 4.064628e+03 3.948888e+03 3.991427e+03
3.942930e+03 4.108589e+03 3.983077e+03 4.068443e+03
3.967893e+03 4.124360e+03 4.006400e+03 4.085853e+03
3.911804e+03 4.104067e+03 4.022918e+03 3.992953e+03
4.020200e+03 4.024553e+03 4.006408e+03 4.038345e+03
3.926030e+03 3.940790e+03 3.963563e+03 3.903256e+03
3.884637e+03 3.890845e+03 3.925737e+03 3.849746e+03
3.884863e+03 3.870901e+03 3.904785e+03 3.850979e+03
3.889683e+03 3.868105e+03 3.896821e+03 3.860967e+03
3.875661e+03 3.873111e+03 3.896075e+03 3.852697e+03
3.795895e+03 3.880207e+03 3.898496e+03 3.777606e+03
3.888376e+03 3.886388e+03 3.901597e+03 3.873167e+03
3.851958e+03 3.890676e+03 3.905820e+03 3.836814e+03
3.858805e+03 3.893258e+03 3.921436e+03 3.830627e+03
3.981794e+03 3.894700e+03 3.955589e+03 3.920906e+03
3.955656e+03 3.895516e+03 3.983629e+03 3.867543e+03
3.877403e+03 3.896035e+03 3.996149e+03 3.777290e+03
3.891635e+03 3.896433e+03 3.997212e+03 3.790856e+03
3.977444e+03 3.896792e+03 3.981569e+03 3.892667e+03
3.852814e+03 3.897146e+03 3.945109e+03 3.804851e+03
3.937595e+03 3.897506e+03 3.914330e+03 3.920771e+03
3.875634e+03 3.897878e+03 3.899559e+03 3.873953e+03
3.664438e+03 3.898264e+03 3.895261e+03 3.667441e+03
3.917368e+03 3.898663e+03 3.895940e+03 3.920091e+03
3.918266e+03 3.899076e+03 3.898483e+03 3.918859e+03
3.835305e+03 3.899502e+03 3.901143e+03 3.833664e+03
3.951613e+03 3.899941e+03 3.903070e+03 3.948484e+03
3.884618e+03 3.900557e+03 3.898776e+03 3.886399e+03
3.951018e+03 3.921889e+03 3.888610e+03 3.984297e+03
3.882726e+03 3.995867e+03 3.904664e+03 3.973929e+03
3.983062e+03 4.072717e+03 3.944196e+03 4.111583e+03
4.077532e+03 4.117044e+03 3.978282e+03 4.216295e+03
3.895901e+03 4.133317e+03 4.001603e+03 4.027615e+03
4.064363e+03 4.113568e+03 4.018132e+03 4.159799e+03
4.109626e+03 4.034609e+03 4.001620e+03 4.142616e+03
3.989804e+03 3.951402e+03 3.958738e+03 3.982468e+03
4.020136e+03 3.902009e+03 3.920836e+03 4.001309e+03
3.988823e+03 3.882616e+03 3.899778e+03 3.971661e+03
3.844711e+03 3.880371e+03 3.891683e+03 3.833400e+03
3.921110e+03 3.885933e+03 3.890780e+03 3.916263e+03
4.004980e+03 3.893592e+03 3.893021e+03 4.005551e+03
3.834268e+03 3.900346e+03 3.895918e+03 3.838695e+03
3.859836e+03 3.905220e+03 3.899913e+03 3.865143e+03
3.987024e+03 3.908406e+03 3.915275e+03 3.980156e+03
4.010790e+03 3.910473e+03 3.949134e+03 3.972128e+03
4.010250e+03 3.911938e+03 3.976822e+03 3.945366e+03
4.077809e+03 3.913133e+03 3.988887e+03 4.002054e+03
3.963071e+03 3.914239e+03 3.984311e+03 3.893000e+03
3.974952e+03 3.915342e+03 3.955646e+03 3.934648e+03
