1.013799e+04 9.930443e+03 1.007351e+04 9.994921e+03
1.007162e+04 9.930197e+03 1.008456e+04 9.917253e+03
1.001226e+04 9.939488e+03 1.010844e+04 9.843313e+03
1.010030e+04 9.972993e+03 1.008908e+04 9.984208e+03
1.005865e+04 1.000787e+04 1.002524e+04 1.004128e+04
9.964216e+03 1.002786e+04 9.967124e+03 1.002495e+04
9.965719e+03 1.003506e+04 9.935694e+03 1.006509e+04
9.931598e+03 1.003524e+04 9.924845e+03 1.004199e+04
9.917620e+03 1.003240e+04 9.925209e+03 1.002481e+04
9.871911e+03 1.002891e+04 9.930383e+03 9.970442e+03
9.911459e+03 1.002601e+04 9.936475e+03 1.000100e+04
9.901387e+03 1.002399e+04 9.945246e+03 9.980127e+03
9.923842e+03 1.001328e+04 9.971326e+03 9.965798e+03
9.916547e+03 9.978968e+03 1.001714e+04 9.878374e+03
1.004179e+04 9.943639e+03 1.004818e+04 9.937244e+03
1.010279e+04 9.923385e+03 1.005821e+04 9.967966e+03
9.983053e+03 9.916085e+03 1.005441e+04 9.844732e+03
1.005530e+04 9.925353e+03 1.002831e+04 9.952345e+03
1.005857e+04 9.961825e+03 9.980507e+03 1.003989e+04
9.964514e+03 1.000027e+04 9.947335e+03 1.001744e+04
9.991699e+03 1.002321e+04 9.935841e+03 1.007907e+04
9.977759e+03 1.003241e+04 9.935169e+03 1.007500e+04
9.981452e+03 1.003375e+04 9.938410e+03 1.007679e+04
9.906755e+03 1.003153e+04 9.942533e+03 9.995755e+03
9.974248e+03 1.002837e+04 9.946039e+03 1.005658e+04
9.939090e+03 1.002564e+04 9.948364e+03 1.001636e+04
9.943481e+03 1.002370e+04 9.946290e+03 1.002089e+04
9.915924e+03 1.001195e+04 9.946671e+03 9.981208e+03
1.001640e+04 9.973776e+03 9.979907e+03 1.001027e+04
1.009893e+04 9.934431e+03 1.002886e+04 1.000450e+04
1.005981e+04 9.911901e+03 1.006423e+04 9.907478e+03
1.009971e+04 9.903825e+03 1.008403e+04 9.919496e+03
1.005111e+04 9.914238e+03 1.008833e+04 9.877012e+03
1.009641e+04 9.955007e+03 1.005330e+04 9.998116e+03
1.005417e+04 9.997968e+03 1.000028e+04 1.005186e+04
9.951674e+03 1.002362e+04 9.960933e+03 1.001436e+04
9.909100e+03 1.003391e+04 9.941581e+03 1.000143e+04
9.882801e+03 1.003544e+04 9.935766e+03 9.982475e+03
9.906898e+03 1.003298e+04 9.936928e+03 1.000295e+04
9.910554e+03 1.002946e+04 9.940729e+03 9.999289e+03
9.856126e+03 1.002643e+04 9.944626e+03 9.937928e+03
9.930469e+03 1.002429e+04 9.944188e+03 1.001057e+04
9.913272e+03 1.001243e+04 9.945753e+03 9.979951e+03
9.990506e+03 9.974204e+03 9.979674e+03 9.985036e+03
1.003802e+04 9.934844e+03 1.002895e+04 9.943911e+03
1.011878e+04 9.912317e+03 1.006444e+04 9.966653e+03
1.002690e+04 9.904250e+03 1.008426e+04 9.846886e+03
1.004655e+04 9.914678e+03 1.008853e+04 9.872698e+03
1.010331e+04 9.955463e+03 1.005346e+04 1.000531e+04
1.005238e+04 9.998442e+03 1.000039e+04 1.005044e+04
9.943942e+03 1.002411e+04 9.960990e+03 1.000706e+04
9.900475e+03 1.003443e+04 9.941588e+03 9.993317e+03
9.953931e+03 1.003598e+04 9.935722e+03 1.005419e+04
9.929054e+03 1.003355e+04 9.936833e+03 1.002577e+04
9.994643e+03 1.003006e+04 9.940583e+03 1.008412e+04
9.942798e+03 1.002706e+04 9.944483e+03 1.002537e+04
9.944433e+03 1.002496e+04 9.951187e+03 1.001821e+04
9.991810e+03 1.001426e+04 9.975687e+03 1.003039e+04
1.007678e+04 9.980017e+03 1.002041e+04 1.003639e+04
1.012126e+04 9.944796e+03 1.005071e+04 1.001535e+04
1.003620e+04 9.924668e+03 1.006021e+04 9.900661e+03
9.987216e+03 9.917501e+03 1.005601e+04 9.848709e+03
1.003747e+04 9.926904e+03 1.002957e+04 9.934808e+03
9.978932e+03 9.963496e+03 9.981466e+03 9.960962e+03
9.942273e+03 1.000206e+04 9.948007e+03 9.996326e+03
9.892168e+03 1.002513e+04 9.936233e+03 9.981066e+03
9.844250e+03 1.003446e+04 9.935288e+03 9.943422e+03
9.901921e+03 1.003595e+04 9.938259e+03 9.999608e+03
9.992213e+03 1.003387e+04 9.942114e+03 1.008397e+04
1.004142e+04 1.003086e+04 9.945353e+03 1.012693e+04
1.002588e+04 1.002829e+04 9.947408e+03 1.010676e+04
1.000591e+04 1.002653e+04 9.945062e+03 1.008738e+04
9.931216e+03 1.001497e+04 9.945165e+03 1.000102e+04
9.904759e+03 9.976987e+03 9.978118e+03 9.903628e+03
1.001899e+04 9.937852e+03 1.002678e+04 9.930060e+03
1.007116e+04 9.915545e+03 1.006187e+04 9.924836e+03
1.010109e+04 9.907724e+03 1.008136e+04 9.927447e+03
1.004471e+04 9.918412e+03 1.008531e+04 9.877810e+03
9.971856e+03 9.959471e+03 1.004991e+04 9.881418e+03
9.971924e+03 1.000273e+04 9.996492e+03 9.978165e+03
9.992852e+03 1.002869e+04 9.956756e+03 1.006479e+04
9.990694e+03 1.003930e+04 9.937018e+03 1.009298e+04
9.923795e+03 1.004116e+04 9.930811e+03 1.003414e+04
9.892403e+03 1.003905e+04 9.931569e+03 9.999887e+03
9.870269e+03 1.003591e+04 9.934948e+03 9.971234e+03
9.928559e+03 1.003328e+04 9.938455e+03 1.002338e+04
1.001712e+04 1.003158e+04 9.944742e+03 1.010396e+04
1.001039e+04 1.002129e+04 9.968797e+03 1.006289e+04
1.003499e+04 9.987486e+03 1.001303e+04 1.000944e+04
1.009591e+04 9.952767e+03 1.004277e+04 1.000591e+04
1.004065e+04 9.933205e+03 1.005156e+04 9.922292e+03
1.007672e+04 9.926584e+03 1.003637e+04 9.966933e+03
9.987334e+03 9.927080e+03 1.002307e+04 9.891343e+03
