9.623396e+03 9.264087e+03 9.413045e+03 9.474439e+03
9.355768e+03 9.263450e+03 9.415811e+03 9.203407e+03
9.233767e+03 9.274816e+03 9.402624e+03 9.105959e+03
9.285908e+03 9.316478e+03 9.346744e+03 9.255642e+03
9.408891e+03 9.359941e+03 9.287540e+03 9.481292e+03
9.262495e+03 9.384922e+03 9.254323e+03 9.393094e+03
9.273148e+03 9.394033e+03 9.243963e+03 9.423218e+03
9.255152e+03 9.394457e+03 9.246317e+03 9.403292e+03
9.211433e+03 9.391182e+03 9.254208e+03 9.348407e+03
9.112061e+03 9.387168e+03 9.263349e+03 9.235879e+03
9.243005e+03 9.383932e+03 9.271496e+03 9.355441e+03
9.225944e+03 9.382153e+03 9.275965e+03 9.332133e+03
9.414025e+03 9.410278e+03 9.346745e+03 9.477558e+03
9.542688e+03 9.512437e+03 9.607864e+03 9.447260e+03
9.970902e+03 9.619011e+03 9.889432e+03 9.700482e+03
1.017787e+04 9.680498e+03 1.005775e+04 9.800621e+03
1.000679e+04 9.702973e+03 1.012545e+04 9.584308e+03
1.013942e+04 9.675288e+03 1.006747e+04 9.747238e+03
1.008959e+04 9.565083e+03 9.792514e+03 9.862157e+03
9.595295e+03 9.448939e+03 9.490453e+03 9.553781e+03
9.405812e+03 9.379842e+03 9.305351e+03 9.480302e+03
9.281350e+03 9.352471e+03 9.229887e+03 9.403934e+03
9.027839e+03 9.348927e+03 9.218590e+03 9.158176e+03
9.003476e+03 9.356196e+03 9.237007e+03 9.122665e+03
9.044956e+03 9.366323e+03 9.263830e+03 9.147449e+03
9.078150e+03 9.375121e+03 9.287644e+03 9.165627e+03
9.048725e+03 9.381134e+03 9.301017e+03 9.128841e+03
9.179253e+03 9.372869e+03 9.290199e+03 9.261923e+03
9.216577e+03 9.332846e+03 9.255179e+03 9.294244e+03
9.307809e+03 9.290256e+03 9.230683e+03 9.367381e+03
9.281072e+03 9.265807e+03 9.224149e+03 9.322730e+03
9.255002e+03 9.257197e+03 9.229704e+03 9.282495e+03
9.061813e+03 9.269090e+03 9.255748e+03 9.075155e+03
9.321492e+03 9.314801e+03 9.301883e+03 9.334411e+03
9.539562e+03 9.362901e+03 9.334075e+03 9.568389e+03
9.324219e+03 9.391621e+03 9.345749e+03 9.370091e+03
9.314286e+03 9.403146e+03 9.347119e+03 9.370313e+03
9.265623e+03 9.404831e+03 9.344678e+03 9.325776e+03
9.378924e+03 9.402019e+03 9.341271e+03 9.439673e+03
9.239495e+03 9.397980e+03 9.338305e+03 9.299170e+03
9.152144e+03 9.394430e+03 9.336259e+03 9.210314e+03
9.543499e+03 9.391835e+03 9.331501e+03 9.603834e+03
9.401794e+03 9.378339e+03 9.309464e+03 9.470669e+03
9.618334e+03 9.335346e+03 9.267843e+03 9.685838e+03
9.455918e+03 9.291043e+03 9.239310e+03 9.507651e+03
9.432837e+03 9.265490e+03 9.229991e+03 9.468336e+03
9.196290e+03 9.256041e+03 9.233316e+03 9.219014e+03
9.291341e+03 9.267199e+03 9.257363e+03 9.301177e+03
9.295031e+03 9.312213e+03 9.301596e+03 9.305648e+03
9.423602e+03 9.359632e+03 9.331940e+03 9.451293e+03
9.545265e+03 9.387676e+03 9.341795e+03 9.591145e+03
9.361465e+03 9.398529e+03 9.341370e+03 9.418624e+03
9.410481e+03 9.399545e+03 9.337156e+03 9.472870e+03
9.369743e+03 9.396070e+03 9.332001e+03 9.433812e+03
9.527039e+03 9.391372e+03 9.327311e+03 9.591100e+03
9.472133e+03 9.387169e+03 9.323572e+03 9.535730e+03
9.118627e+03 9.384250e+03 9.318681e+03 9.184195e+03
9.189699e+03 9.411102e+03 9.382068e+03 9.218733e+03
9.814346e+03 9.511857e+03 9.636915e+03 9.689287e+03
1.002951e+04 9.616919e+03 9.912746e+03 9.733682e+03
1.002431e+04 9.676817e+03 1.007556e+04 9.625561e+03
9.930974e+03 9.697648e+03 1.013787e+04 9.490749e+03
9.969003e+03 9.668289e+03 1.007456e+04 9.562730e+03
9.753964e+03 9.556430e+03 9.794456e+03 9.515938e+03
9.551207e+03 9.438587e+03 9.487230e+03 9.502564e+03
9.282717e+03 9.367750e+03 9.296942e+03 9.353525e+03
9.109562e+03 9.338601e+03 9.216270e+03 9.231893e+03
9.098282e+03 9.333242e+03 9.199747e+03 9.231778e+03
9.393493e+03 9.338663e+03 9.212919e+03 9.519237e+03
9.350928e+03 9.346911e+03 9.234477e+03 9.463361e+03
9.226163e+03 9.353799e+03 9.253005e+03 9.326957e+03
9.203282e+03 9.357871e+03 9.261067e+03 9.300086e+03
9.018507e+03 9.347636e+03 9.244910e+03 9.121232e+03
8.962243e+03 9.305611e+03 9.204517e+03 9.063338e+03
8.950939e+03 9.260988e+03 9.174608e+03 9.037319e+03
9.005625e+03 9.234472e+03 9.162612e+03 9.077486e+03
9.196059e+03 9.223771e+03 9.162583e+03 9.257246e+03
9.221152e+03 9.233535e+03 9.182966e+03 9.271721e+03
9.219955e+03 9.277070e+03 9.223352e+03 9.273673e+03
8.947485e+03 9.322933e+03 9.249713e+03 9.020705e+03
9.315355e+03 9.349344e+03 9.255466e+03 9.409234e+03
9.254171e+03 9.358488e+03 9.250803e+03 9.361857e+03
9.236301e+03 9.357719e+03 9.242194e+03 9.351826e+03
9.230064e+03 9.352377e+03 9.232460e+03 9.349981e+03
9.372161e+03 9.345725e+03 9.222989e+03 9.494898e+03
9.286008e+03 9.339476e+03 9.214245e+03 9.411239e+03
9.487917e+03 9.334408e+03 9.204105e+03 9.618219e+03
9.453074e+03 9.359000e+03 9.261981e+03 9.550093e+03
9.545755e+03 9.457349e+03 9.510980e+03 9.492124e+03
9.870722e+03 9.559777e+03 9.780414e+03 9.650084e+03
9.854798e+03 9.616780e+03 9.936194e+03 9.535384e+03
9.979560e+03 9.634385e+03 9.990748e+03 9.623197e+03
9.753945e+03 9.589741e+03 9.928474e+03 9.415212e+03
