7.711048e+03 7.506814e+03 7.535476e+03 7.682387e+03
7.435869e+03 7.506464e+03 7.544388e+03 7.397945e+03
7.427611e+03 7.506296e+03 7.568059e+03 7.365849e+03
7.536095e+03 7.506296e+03 7.571201e+03 7.471190e+03
7.633000e+03 7.506450e+03 7.541359e+03 7.598091e+03
7.542683e+03 7.506746e+03 7.508541e+03 7.540888e+03
7.505782e+03 7.507171e+03 7.489741e+03 7.523212e+03
7.478948e+03 7.507713e+03 7.483184e+03 7.503477e+03
7.337727e+03 7.508358e+03 7.483731e+03 7.362354e+03
7.399013e+03 7.509097e+03 7.487690e+03 7.420420e+03
7.512366e+03 7.509918e+03 7.492699e+03 7.529584e+03
7.452966e+03 7.511338e+03 7.500743e+03 7.463561e+03
7.513434e+03 7.579850e+03 7.587195e+03 7.506090e+03
7.805224e+03 7.818844e+03 7.853975e+03 7.770093e+03
8.157438e+03 8.067193e+03 8.118863e+03 8.105768e+03
8.278718e+03 8.210280e+03 8.265975e+03 8.223023e+03
8.199708e+03 8.262466e+03 8.314591e+03 8.147583e+03
8.306764e+03 8.197964e+03 8.233330e+03 8.271398e+03
8.283836e+03 7.941599e+03 7.949738e+03 8.275697e+03
7.777322e+03 7.671400e+03 7.663679e+03 7.785043e+03
7.474917e+03 7.510551e+03 7.499872e+03 7.485596e+03
7.522977e+03 7.446689e+03 7.438190e+03 7.531477e+03
7.356612e+03 7.438208e+03 7.433107e+03 7.361713e+03
7.262001e+03 7.454862e+03 7.453027e+03 7.263836e+03
7.304049e+03 7.478161e+03 7.478896e+03 7.303314e+03
7.229219e+03 7.498377e+03 7.500874e+03 7.226722e+03
7.328379e+03 7.512344e+03 7.515241e+03 7.325483e+03
7.547614e+03 7.520664e+03 7.514041e+03 7.554237e+03
7.630368e+03 7.525173e+03 7.489556e+03 7.665984e+03
7.605939e+03 7.527529e+03 7.464574e+03 7.668895e+03
7.489417e+03 7.528799e+03 7.451776e+03 7.566440e+03
7.505708e+03 7.529552e+03 7.449155e+03 7.586104e+03
7.367793e+03 7.530052e+03 7.460897e+03 7.436949e+03
7.599246e+03 7.530412e+03 7.493794e+03 7.635863e+03
7.679339e+03 7.530666e+03 7.525091e+03 7.684914e+03
7.567008e+03 7.530835e+03 7.542371e+03 7.555471e+03
7.479358e+03 7.530923e+03 7.548766e+03 7.461516e+03
7.407307e+03 7.530930e+03 7.549313e+03 7.388924e+03
7.577447e+03 7.530855e+03 7.547307e+03 7.560994e+03
7.303858e+03 7.530698e+03 7.544697e+03 7.289859e+03
7.367483e+03 7.530458e+03 7.542457e+03 7.355485e+03
7.840838e+03 7.530136e+03 7.540110e+03 7.830865e+03
7.754286e+03 7.529732e+03 7.528724e+03 7.755294e+03
7.727280e+03 7.529246e+03 7.498336e+03 7.758190e+03
7.693532e+03 7.528678e+03 7.469794e+03 7.752417e+03
7.502407e+03 7.528029e+03 7.454565e+03 7.575872e+03
7.400258e+03 7.527300e+03 7.450003e+03 7.477555e+03
7.491634e+03 7.526490e+03 7.460002e+03 7.558122e+03
7.547031e+03 7.525601e+03 7.491235e+03 7.581397e+03
7.475156e+03 7.524633e+03 7.520908e+03 7.478881e+03
7.600444e+03 7.523587e+03 7.536583e+03 7.587448e+03
7.649104e+03 7.522463e+03 7.541386e+03 7.630180e+03
7.551630e+03 7.521261e+03 7.540357e+03 7.532534e+03
7.681935e+03 7.519982e+03 7.536791e+03 7.665125e+03
7.642476e+03 7.518625e+03 7.532638e+03 7.628463e+03
7.489951e+03 7.517192e+03 7.528898e+03 7.478244e+03
7.349731e+03 7.516210e+03 7.529158e+03 7.336783e+03
7.449200e+03 7.582154e+03 7.609106e+03 7.422249e+03
8.238286e+03 7.818363e+03 7.870324e+03 8.186325e+03
8.167534e+03 8.063739e+03 8.130201e+03 8.101072e+03
8.217201e+03 8.203726e+03 8.272582e+03 8.148345e+03
8.175365e+03 8.252728e+03 8.316595e+03 8.111499e+03
8.098541e+03 8.184997e+03 8.230791e+03 8.052747e+03
7.925638e+03 7.925478e+03 7.942806e+03 7.908310e+03
7.660169e+03 7.652047e+03 7.652311e+03 7.659905e+03
7.359488e+03 7.487892e+03 7.484022e+03 7.363357e+03
7.315105e+03 7.420654e+03 7.417813e+03 7.317947e+03
7.314973e+03 7.408730e+03 7.408160e+03 7.315543e+03
7.536522e+03 7.421876e+03 7.423467e+03 7.534932e+03
7.712961e+03 7.441602e+03 7.444681e+03 7.709883e+03
7.562462e+03 7.458180e+03 7.461961e+03 7.558681e+03
7.319416e+03 7.468443e+03 7.471584e+03 7.316274e+03
7.203567e+03 7.472991e+03 7.465594e+03 7.210964e+03
7.310449e+03 7.473655e+03 7.436265e+03 7.347839e+03
7.073502e+03 7.472091e+03 7.406381e+03 7.139213e+03
7.226125e+03 7.469361e+03 7.388635e+03 7.306850e+03
7.335489e+03 7.466010e+03 7.380960e+03 7.420540e+03
7.340089e+03 7.462309e+03 7.387542e+03 7.414856e+03
7.516227e+03 7.458359e+03 7.415171e+03 7.559415e+03
7.324110e+03 7.454187e+03 7.441085e+03 7.337212e+03
7.465566e+03 7.449801e+03 7.452866e+03 7.462502e+03
7.459960e+03 7.445196e+03 7.453637e+03 7.451519e+03
7.272968e+03 7.440357e+03 7.448417e+03 7.264908e+03
7.495903e+03 7.435271e+03 7.440483e+03 7.490692e+03
7.659706e+03 7.429924e+03 7.431761e+03 7.657868e+03
7.598196e+03 7.424299e+03 7.423234e+03 7.599260e+03
7.659081e+03 7.418910e+03 7.418469e+03 7.659521e+03
7.583010e+03 7.480214e+03 7.493131e+03 7.570092e+03
7.766267e+03 7.711475e+03 7.748715e+03 7.729027e+03
8.049572e+03 7.951409e+03 8.002404e+03 7.998577e+03
8.147331e+03 8.085389e+03 8.137919e+03 8.094801e+03
8.100713e+03 8.127875e+03 8.166682e+03 8.061906e+03
8.011058e+03 8.053182e+03 8.078637e+03 7.985604e+03
