9.623396e+03 9.340248e+03 9.413045e+03 9.550599e+03
9.355768e+03 9.338480e+03 9.415811e+03 9.278437e+03
9.233767e+03 9.336808e+03 9.402624e+03 9.167952e+03
9.285908e+03 9.335175e+03 9.346744e+03 9.274339e+03
9.408891e+03 9.333584e+03 9.287540e+03 9.454935e+03
9.262495e+03 9.332068e+03 9.254323e+03 9.340240e+03
9.273148e+03 9.330646e+03 9.243963e+03 9.359832e+03
9.255152e+03 9.329328e+03 9.246317e+03 9.338163e+03
9.211433e+03 9.328112e+03 9.254208e+03 9.285337e+03
9.112061e+03 9.326993e+03 9.263349e+03 9.175704e+03
9.243005e+03 9.325964e+03 9.271496e+03 9.297473e+03
9.225944e+03 9.325340e+03 9.275965e+03 9.275320e+03
9.414025e+03 9.365480e+03 9.346745e+03 9.432760e+03
9.542688e+03 9.509137e+03 9.607864e+03 9.443960e+03
9.970902e+03 9.658516e+03 9.889432e+03 9.739986e+03
1.017787e+04 9.744047e+03 1.005775e+04 9.864170e+03
1.000679e+04 9.774450e+03 1.012545e+04 9.655786e+03
1.013942e+04 9.734073e+03 1.006747e+04 9.806024e+03
1.008959e+04 9.577306e+03 9.792514e+03 9.874380e+03
9.595295e+03 9.412185e+03 9.490453e+03 9.517027e+03
9.405812e+03 9.313478e+03 9.305351e+03 9.413938e+03
9.281350e+03 9.273683e+03 9.229887e+03 9.325146e+03
9.027839e+03 9.267546e+03 9.218590e+03 9.076795e+03
9.003476e+03 9.276710e+03 9.237007e+03 9.043178e+03
9.044956e+03 9.289952e+03 9.263830e+03 9.071078e+03
9.078150e+03 9.301367e+03 9.287644e+03 9.091873e+03
9.048725e+03 9.309178e+03 9.301017e+03 9.056886e+03
9.179253e+03 9.331790e+03 9.290199e+03 9.220844e+03
9.216577e+03 9.398360e+03 9.255179e+03 9.359758e+03
9.307809e+03 9.466177e+03 9.230683e+03 9.543302e+03
9.281072e+03 9.504800e+03 9.224149e+03 9.561723e+03
9.255002e+03 9.518484e+03 9.229704e+03 9.543782e+03
9.061813e+03 9.500401e+03 9.255748e+03 9.306466e+03
9.321492e+03 9.430251e+03 9.301883e+03 9.449861e+03
9.539562e+03 9.356327e+03 9.334075e+03 9.561815e+03
9.324219e+03 9.312072e+03 9.345749e+03 9.290542e+03
9.314286e+03 9.294135e+03 9.347119e+03 9.261302e+03
9.265623e+03 9.291226e+03 9.344678e+03 9.212171e+03
9.378924e+03 9.295136e+03 9.341271e+03 9.332790e+03
9.239495e+03 9.300849e+03 9.338305e+03 9.202040e+03
9.152144e+03 9.305724e+03 9.336259e+03 9.121609e+03
9.543499e+03 9.309047e+03 9.331501e+03 9.521046e+03
9.401794e+03 9.329021e+03 9.309464e+03 9.421351e+03
9.618334e+03 9.394187e+03 9.267843e+03 9.744678e+03
9.455918e+03 9.461279e+03 9.239310e+03 9.677887e+03
9.432837e+03 9.499497e+03 9.229991e+03 9.702343e+03
9.196290e+03 9.512906e+03 9.233316e+03 9.475880e+03
9.291341e+03 9.494590e+03 9.257363e+03 9.528568e+03
9.295031e+03 9.424212e+03 9.301596e+03 9.417647e+03
9.423602e+03 9.350054e+03 9.331940e+03 9.441715e+03
9.545265e+03 9.305551e+03 9.341795e+03 9.509020e+03
9.361465e+03 9.287351e+03 9.341370e+03 9.307447e+03
9.410481e+03 9.284166e+03 9.337156e+03 9.357491e+03
9.369743e+03 9.287786e+03 9.332001e+03 9.325529e+03
9.527039e+03 9.293196e+03 9.327311e+03 9.492924e+03
9.472133e+03 9.297755e+03 9.323572e+03 9.446315e+03
9.118627e+03 9.300925e+03 9.318681e+03 9.100871e+03
9.189699e+03 9.343218e+03 9.382068e+03 9.150850e+03
9.814346e+03 9.487855e+03 9.636915e+03 9.665285e+03
1.002951e+04 9.637506e+03 9.912746e+03 9.754269e+03
1.002431e+04 9.722928e+03 1.007556e+04 9.671672e+03
9.930974e+03 9.753020e+03 1.013787e+04 9.546121e+03
9.969003e+03 9.712225e+03 1.007456e+04 9.606666e+03
9.753964e+03 9.555017e+03 9.794456e+03 9.514525e+03
9.551207e+03 9.389372e+03 9.487230e+03 9.453349e+03
9.282717e+03 9.290062e+03 9.296942e+03 9.275837e+03
9.109562e+03 9.249591e+03 9.216270e+03 9.142883e+03
9.098282e+03 9.242704e+03 9.199747e+03 9.141240e+03
9.393493e+03 9.251046e+03 9.212919e+03 9.431620e+03
9.350928e+03 9.263393e+03 9.234477e+03 9.379843e+03
9.226163e+03 9.273840e+03 9.253005e+03 9.246998e+03
9.203282e+03 9.280611e+03 9.261067e+03 9.222826e+03
9.018507e+03 9.302108e+03 9.244910e+03 9.075704e+03
8.962243e+03 9.367487e+03 9.204517e+03 9.125213e+03
8.950939e+03 9.434037e+03 9.174608e+03 9.210368e+03
9.005625e+03 9.471313e+03 9.162612e+03 9.314327e+03
9.196059e+03 9.483573e+03 9.162583e+03 9.517048e+03
9.221152e+03 9.463980e+03 9.182966e+03 9.502167e+03
9.219955e+03 9.392231e+03 9.223352e+03 9.388834e+03
8.947485e+03 9.316616e+03 9.249713e+03 9.014388e+03
9.315355e+03 9.270571e+03 9.255466e+03 9.330461e+03
9.254171e+03 9.250743e+03 9.250803e+03 9.254111e+03
9.236301e+03 9.245834e+03 9.242194e+03 9.239941e+03
9.230064e+03 9.247632e+03 9.232460e+03 9.245237e+03
9.372161e+03 9.251113e+03 9.222989e+03 9.400286e+03
9.286008e+03 9.253631e+03 9.214245e+03 9.325394e+03
9.487917e+03 9.254642e+03 9.204105e+03 9.538454e+03
9.453074e+03 9.294649e+03 9.261981e+03 9.485742e+03
9.545755e+03 9.436832e+03 9.510980e+03 9.471606e+03
9.870722e+03 9.583749e+03 9.780414e+03 9.674057e+03
9.854798e+03 9.666120e+03 9.936194e+03 9.584723e+03
9.979560e+03 9.692879e+03 9.990748e+03 9.681690e+03
9.753945e+03 9.648511e+03 9.928474e+03 9.473982e+03
