9.320393e+03 9.016744e+03 9.151260e+03 9.185877e+03
9.067729e+03 9.016374e+03 9.155764e+03 8.928340e+03
9.027165e+03 9.024486e+03 9.158692e+03 8.892960e+03
9.215952e+03 9.054130e+03 9.127593e+03 9.142488e+03
9.158572e+03 9.084989e+03 9.077905e+03 9.165656e+03
8.931357e+03 9.102604e+03 9.040845e+03 8.993117e+03
9.047510e+03 9.108846e+03 9.023254e+03 9.133101e+03
9.100748e+03 9.108843e+03 9.018700e+03 9.190891e+03
9.016739e+03 9.106159e+03 9.020680e+03 9.102218e+03
9.018472e+03 9.102909e+03 9.025005e+03 9.096376e+03
9.041200e+03 9.100180e+03 9.029306e+03 9.112075e+03
9.003445e+03 9.098233e+03 9.037273e+03 9.064405e+03
8.974027e+03 9.088572e+03 9.060828e+03 9.001771e+03
9.091141e+03 9.057913e+03 9.091638e+03 9.057416e+03
9.151724e+03 9.026356e+03 9.103099e+03 9.074981e+03
9.133180e+03 9.008212e+03 9.099621e+03 9.041771e+03
8.983167e+03 9.001596e+03 9.088658e+03 8.896105e+03
9.138847e+03 9.009720e+03 9.062120e+03 9.086447e+03
9.216929e+03 9.042049e+03 9.029026e+03 9.229951e+03
8.883910e+03 9.076132e+03 9.016182e+03 8.943860e+03
8.961689e+03 9.096435e+03 9.019011e+03 9.039113e+03
9.109174e+03 9.104515e+03 9.025001e+03 9.188688e+03
8.895206e+03 9.105617e+03 9.029900e+03 8.970923e+03
8.974970e+03 9.103551e+03 9.033168e+03 9.045352e+03
9.131304e+03 9.100649e+03 9.034926e+03 9.197027e+03
8.995135e+03 9.098136e+03 9.035511e+03 9.057760e+03
9.001898e+03 9.096349e+03 9.029859e+03 9.068389e+03
8.920649e+03 9.087608e+03 9.022564e+03 8.985693e+03
9.138229e+03 9.059855e+03 9.053395e+03 9.144690e+03
9.067400e+03 9.031314e+03 9.109586e+03 8.989128e+03
9.346826e+03 9.014954e+03 9.153829e+03 9.207951e+03
9.166221e+03 9.009056e+03 9.181344e+03 8.993933e+03
9.178033e+03 9.016531e+03 9.194727e+03 8.999837e+03
9.154770e+03 9.045952e+03 9.161967e+03 9.038755e+03
9.118835e+03 9.076963e+03 9.100841e+03 9.094957e+03
9.071216e+03 9.095466e+03 9.051598e+03 9.115084e+03
8.989833e+03 9.102875e+03 9.025884e+03 9.066824e+03
9.060045e+03 9.103948e+03 9.017110e+03 9.146883e+03
9.016420e+03 9.102145e+03 9.017408e+03 9.101157e+03
8.999187e+03 9.099582e+03 9.021424e+03 9.077344e+03
8.947312e+03 9.097369e+03 9.025910e+03 9.018772e+03
8.984460e+03 9.095810e+03 9.023800e+03 9.056469e+03
9.018570e+03 9.087228e+03 9.018983e+03 9.086815e+03
9.070874e+03 9.059590e+03 9.051289e+03 9.079175e+03
9.090484e+03 9.031137e+03 9.108276e+03 9.013346e+03
9.138050e+03 9.014853e+03 9.152936e+03 8.999968e+03
9.118084e+03 9.009025e+03 9.180683e+03 8.946426e+03
9.212722e+03 9.016568e+03 9.194219e+03 9.035070e+03
9.260812e+03 9.046054e+03 9.161580e+03 9.145287e+03
9.144198e+03 9.077130e+03 9.100562e+03 9.120767e+03
8.962041e+03 9.095699e+03 9.051421e+03 9.006319e+03
9.020521e+03 9.103173e+03 9.025805e+03 9.097888e+03
9.043825e+03 9.104312e+03 9.017127e+03 9.131010e+03
8.966911e+03 9.102576e+03 9.017519e+03 9.051969e+03
8.998006e+03 9.100081e+03 9.021625e+03 9.076462e+03
8.994471e+03 9.097938e+03 9.026278e+03 9.066130e+03
9.058791e+03 9.096442e+03 9.034710e+03 9.120523e+03
8.987928e+03 9.087144e+03 9.058645e+03 9.016427e+03
9.121612e+03 9.056806e+03 9.089720e+03 9.088698e+03
9.108097e+03 9.025546e+03 9.101371e+03 9.032272e+03
9.023980e+03 9.007687e+03 9.098047e+03 8.933621e+03
9.092731e+03 9.001347e+03 9.087231e+03 9.006847e+03
9.078207e+03 9.009741e+03 9.060851e+03 9.027097e+03
9.051132e+03 9.042319e+03 9.027921e+03 9.065530e+03
8.920711e+03 9.076652e+03 9.015231e+03 8.982131e+03
8.929769e+03 9.097205e+03 9.018219e+03 9.008755e+03
9.058750e+03 9.105537e+03 9.024370e+03 9.139916e+03
9.143366e+03 9.106892e+03 9.029433e+03 9.220825e+03
9.117572e+03 9.105083e+03 9.032864e+03 9.189792e+03
9.105716e+03 9.102442e+03 9.034782e+03 9.173376e+03
9.225601e+03 9.100195e+03 9.035525e+03 9.290271e+03
9.001244e+03 9.098680e+03 9.030026e+03 9.069898e+03
9.038013e+03 9.090217e+03 9.022878e+03 9.105352e+03
9.023374e+03 9.062750e+03 9.053848e+03 9.032276e+03
9.134441e+03 9.034503e+03 9.110171e+03 9.058774e+03
9.129044e+03 9.018448e+03 9.154540e+03 8.992951e+03
9.153703e+03 9.012880e+03 9.182152e+03 8.984431e+03
9.086898e+03 9.020700e+03 9.195613e+03 8.911986e+03
9.098938e+03 9.050479e+03 9.162914e+03 8.986502e+03
9.108970e+03 9.081853e+03 9.101844e+03 9.088979e+03
9.170974e+03 9.100723e+03 9.052660e+03 9.219036e+03
8.943456e+03 9.108506e+03 9.027007e+03 9.024955e+03
9.011558e+03 9.109967e+03 9.018291e+03 9.103233e+03
8.977942e+03 9.108569e+03 9.018639e+03 9.067872e+03
9.059187e+03 9.106429e+03 9.022693e+03 9.142923e+03
8.989628e+03 9.104662e+03 9.027285e+03 9.067005e+03
9.150286e+03 9.103564e+03 9.035646e+03 9.218204e+03
8.981521e+03 9.094686e+03 9.059497e+03 9.016710e+03
9.224924e+03 9.064796e+03 9.090460e+03 9.199260e+03
9.065674e+03 9.034039e+03 9.101959e+03 8.997753e+03
9.037670e+03 9.016741e+03 9.098428e+03 8.955983e+03
9.073744e+03 9.010947e+03 9.083400e+03 9.001291e+03
9.116010e+03 9.011482e+03 9.078367e+03 9.049124e+03
