7.530085e+03 7.546018e+03 7.485078e+03 7.591025e+03
7.484081e+03 7.545883e+03 7.494537e+03 7.535427e+03
7.500713e+03 7.545818e+03 7.541571e+03 7.504960e+03
7.613111e+03 7.545818e+03 7.603733e+03 7.555196e+03
7.626234e+03 7.545878e+03 7.622349e+03 7.549763e+03
7.624062e+03 7.545992e+03 7.609671e+03 7.560383e+03
7.601812e+03 7.546156e+03 7.593163e+03 7.554805e+03
7.614427e+03 7.546365e+03 7.580851e+03 7.579941e+03
7.557300e+03 7.546614e+03 7.572891e+03 7.531023e+03
7.552727e+03 7.546899e+03 7.568486e+03 7.531140e+03
7.588607e+03 7.547216e+03 7.566582e+03 7.569240e+03
7.592249e+03 7.547764e+03 7.569402e+03 7.570610e+03
7.567022e+03 7.574199e+03 7.596788e+03 7.544433e+03
7.564302e+03 7.666415e+03 7.661408e+03 7.569308e+03
7.710240e+03 7.762241e+03 7.714514e+03 7.757967e+03
7.755099e+03 7.817451e+03 7.737834e+03 7.834715e+03
7.670868e+03 7.837587e+03 7.739177e+03 7.769278e+03
7.710521e+03 7.812699e+03 7.708102e+03 7.815118e+03
7.716922e+03 7.713780e+03 7.637016e+03 7.793687e+03
7.615217e+03 7.609524e+03 7.577556e+03 7.647185e+03
7.544639e+03 7.547460e+03 7.549304e+03 7.542794e+03
7.550973e+03 7.522819e+03 7.541226e+03 7.532566e+03
7.539967e+03 7.519546e+03 7.542655e+03 7.516858e+03
7.530445e+03 7.525972e+03 7.547619e+03 7.508798e+03
7.545518e+03 7.534962e+03 7.552782e+03 7.527698e+03
7.504300e+03 7.542763e+03 7.556590e+03 7.490472e+03
7.510970e+03 7.548152e+03 7.556502e+03 7.502620e+03
7.533593e+03 7.551362e+03 7.552103e+03 7.532852e+03
7.549134e+03 7.553102e+03 7.556218e+03 7.546018e+03
7.574150e+03 7.554011e+03 7.570041e+03 7.558120e+03
7.548616e+03 7.554501e+03 7.582779e+03 7.520338e+03
7.633265e+03 7.554791e+03 7.592020e+03 7.596037e+03
7.551212e+03 7.554985e+03 7.599852e+03 7.506345e+03
7.601470e+03 7.555123e+03 7.595983e+03 7.560610e+03
7.631194e+03 7.555221e+03 7.580971e+03 7.605444e+03
7.568215e+03 7.555286e+03 7.566686e+03 7.556815e+03
7.529935e+03 7.555320e+03 7.558386e+03 7.526869e+03
7.457845e+03 7.555323e+03 7.554942e+03 7.458226e+03
7.571741e+03 7.555294e+03 7.554265e+03 7.572770e+03
7.487499e+03 7.555234e+03 7.554857e+03 7.487876e+03
7.495363e+03 7.555141e+03 7.555748e+03 7.494756e+03
7.603415e+03 7.555017e+03 7.554136e+03 7.604296e+03
7.584894e+03 7.554861e+03 7.549069e+03 7.590686e+03
7.637535e+03 7.554674e+03 7.552929e+03 7.639280e+03
7.677895e+03 7.554454e+03 7.566655e+03 7.665694e+03
7.663400e+03 7.554204e+03 7.579341e+03 7.638264e+03
7.572814e+03 7.553923e+03 7.588532e+03 7.538204e+03
7.556621e+03 7.553610e+03 7.596308e+03 7.513924e+03
7.589807e+03 7.553267e+03 7.592371e+03 7.550703e+03
7.589882e+03 7.552894e+03 7.577282e+03 7.565493e+03
7.618060e+03 7.552490e+03 7.562911e+03 7.607639e+03
7.630005e+03 7.552056e+03 7.554517e+03 7.627544e+03
7.592792e+03 7.551592e+03 7.550971e+03 7.593413e+03
7.546894e+03 7.551099e+03 7.550185e+03 7.547808e+03
7.555268e+03 7.550576e+03 7.550661e+03 7.555182e+03
7.524309e+03 7.550022e+03 7.551475e+03 7.522857e+03
7.510140e+03 7.549644e+03 7.555536e+03 7.504247e+03
7.560015e+03 7.575088e+03 7.583397e+03 7.551706e+03
7.737585e+03 7.666230e+03 7.648171e+03 7.755644e+03
7.738671e+03 7.760908e+03 7.701325e+03 7.798255e+03
7.716717e+03 7.814922e+03 7.724661e+03 7.806979e+03
7.651185e+03 7.833830e+03 7.725999e+03 7.759016e+03
7.693828e+03 7.807696e+03 7.694899e+03 7.806625e+03
7.621281e+03 7.707560e+03 7.623770e+03 7.705072e+03
7.580172e+03 7.602056e+03 7.564222e+03 7.618006e+03
7.482686e+03 7.538717e+03 7.535841e+03 7.485562e+03
7.396498e+03 7.512773e+03 7.527593e+03 7.381678e+03
7.473000e+03 7.508172e+03 7.528810e+03 7.452362e+03
7.516040e+03 7.513245e+03 7.533523e+03 7.495761e+03
7.542022e+03 7.520856e+03 7.538396e+03 7.524482e+03
7.566584e+03 7.527253e+03 7.541876e+03 7.551961e+03
7.528712e+03 7.531212e+03 7.541422e+03 7.518502e+03
7.488753e+03 7.532967e+03 7.536620e+03 7.485100e+03
7.448607e+03 7.533224e+03 7.540295e+03 7.441535e+03
7.486620e+03 7.532620e+03 7.553640e+03 7.465601e+03
7.564509e+03 7.531567e+03 7.565885e+03 7.530191e+03
7.551273e+03 7.530274e+03 7.574619e+03 7.506928e+03
7.574850e+03 7.528846e+03 7.581885e+03 7.521810e+03
7.590038e+03 7.527322e+03 7.577395e+03 7.539965e+03
7.522395e+03 7.525712e+03 7.561695e+03 7.486412e+03
7.590326e+03 7.524020e+03 7.546666e+03 7.567680e+03
7.609222e+03 7.522243e+03 7.537575e+03 7.593889e+03
7.503207e+03 7.520376e+03 7.533294e+03 7.490288e+03
7.555832e+03 7.518413e+03 7.531735e+03 7.542510e+03
7.591079e+03 7.516350e+03 7.531393e+03 7.576036e+03
7.549663e+03 7.514179e+03 7.531342e+03 7.532500e+03
7.602975e+03 7.512100e+03 7.534486e+03 7.580589e+03
7.625039e+03 7.535754e+03 7.561370e+03 7.599423e+03
7.642011e+03 7.624987e+03 7.625084e+03 7.641914e+03
7.712014e+03 7.717566e+03 7.677049e+03 7.752530e+03
7.742194e+03 7.769262e+03 7.698978e+03 7.812477e+03
7.706782e+03 7.785655e+03 7.687799e+03 7.804639e+03
7.610103e+03 7.756835e+03 7.644032e+03 7.722906e+03
