8.847332e+03 8.861316e+03 8.841578e+03 8.867071e+03
8.761043e+03 8.860365e+03 8.844316e+03 8.777091e+03
8.898323e+03 8.859418e+03 8.863789e+03 8.893953e+03
8.976419e+03 8.858448e+03 8.895021e+03 8.939846e+03
8.863522e+03 8.857459e+03 8.909831e+03 8.811150e+03
8.794871e+03 8.856474e+03 8.908882e+03 8.742463e+03
8.861273e+03 8.855509e+03 8.903245e+03 8.813538e+03
8.904969e+03 8.854573e+03 8.897447e+03 8.862095e+03
8.891229e+03 8.853668e+03 8.892558e+03 8.852339e+03
8.825443e+03 8.852795e+03 8.888870e+03 8.789369e+03
8.955024e+03 8.851952e+03 8.886301e+03 8.920675e+03
8.902291e+03 8.851181e+03 8.887430e+03 8.866042e+03
8.768976e+03 8.855725e+03 8.882937e+03 8.741763e+03
8.775201e+03 8.873737e+03 8.840926e+03 8.808012e+03
8.881201e+03 8.892512e+03 8.784428e+03 8.989285e+03
8.828277e+03 8.903013e+03 8.745003e+03 8.986287e+03
8.692148e+03 8.906372e+03 8.723765e+03 8.874756e+03
8.806414e+03 8.900556e+03 8.721916e+03 8.985054e+03
8.947847e+03 8.879649e+03 8.764258e+03 9.063238e+03
8.937802e+03 8.857676e+03 8.823271e+03 8.972207e+03
8.896791e+03 8.844352e+03 8.864922e+03 8.876221e+03
8.900126e+03 8.838702e+03 8.884208e+03 8.854620e+03
8.987218e+03 8.837445e+03 8.888861e+03 8.935802e+03
8.810696e+03 8.838197e+03 8.886153e+03 8.762740e+03
8.932771e+03 8.839500e+03 8.880824e+03 8.891447e+03
8.906925e+03 8.840586e+03 8.875543e+03 8.871968e+03
8.894137e+03 8.841291e+03 8.867479e+03 8.867948e+03
8.767598e+03 8.852385e+03 8.859672e+03 8.760311e+03
8.842928e+03 8.890681e+03 8.879800e+03 8.853808e+03
8.977606e+03 8.930324e+03 8.918490e+03 8.989441e+03
8.845241e+03 8.952922e+03 8.949067e+03 8.849097e+03
8.912114e+03 8.960843e+03 8.967986e+03 8.904971e+03
8.912957e+03 8.949954e+03 8.977041e+03 8.885870e+03
9.052382e+03 8.908159e+03 8.953533e+03 9.007008e+03
8.981076e+03 8.864150e+03 8.909949e+03 8.935277e+03
8.801510e+03 8.837799e+03 8.874767e+03 8.764542e+03
8.839510e+03 8.827113e+03 8.856258e+03 8.810364e+03
8.876910e+03 8.825382e+03 8.849775e+03 8.852517e+03
8.964376e+03 8.827727e+03 8.849751e+03 8.942352e+03
8.887349e+03 8.831167e+03 8.852399e+03 8.866117e+03
8.887142e+03 8.834132e+03 8.855418e+03 8.865855e+03
8.923154e+03 8.836198e+03 8.853797e+03 8.905555e+03
8.745156e+03 8.848183e+03 8.850246e+03 8.743093e+03
8.912115e+03 8.887052e+03 8.872966e+03 8.926202e+03
8.931959e+03 8.927089e+03 8.913231e+03 8.945817e+03
9.002398e+03 8.949987e+03 8.944851e+03 9.007534e+03
8.930004e+03 8.958163e+03 8.964562e+03 8.923604e+03
9.034876e+03 8.947505e+03 8.974296e+03 9.008085e+03
8.945118e+03 8.905925e+03 8.951417e+03 8.899627e+03
8.933344e+03 8.862121e+03 8.908435e+03 8.887030e+03
8.868110e+03 8.835966e+03 8.873838e+03 8.830238e+03
8.935481e+03 8.825466e+03 8.855901e+03 8.905046e+03
8.668705e+03 8.823911e+03 8.849976e+03 8.642640e+03
8.837762e+03 8.826423e+03 8.850499e+03 8.813687e+03
8.937126e+03 8.830021e+03 8.853679e+03 8.913468e+03
8.783696e+03 8.833135e+03 8.857276e+03 8.759556e+03
8.809284e+03 8.835296e+03 8.863160e+03 8.781420e+03
8.901373e+03 8.841844e+03 8.862159e+03 8.881058e+03
8.844790e+03 8.861223e+03 8.822806e+03 8.883207e+03
8.791159e+03 8.880998e+03 8.768507e+03 8.903651e+03
8.760474e+03 8.892308e+03 8.731051e+03 8.921730e+03
8.487887e+03 8.896380e+03 8.711672e+03 8.672594e+03
8.576085e+03 8.891226e+03 8.711629e+03 8.755682e+03
8.678455e+03 8.870946e+03 8.755698e+03 8.793703e+03
8.718705e+03 8.849573e+03 8.816410e+03 8.751868e+03
8.790276e+03 8.836823e+03 8.859745e+03 8.767354e+03
8.633211e+03 8.831722e+03 8.880699e+03 8.584234e+03
8.670457e+03 8.830990e+03 8.887004e+03 8.614443e+03
8.639887e+03 8.832242e+03 8.885933e+03 8.586195e+03
8.961371e+03 8.834020e+03 8.882226e+03 8.913165e+03
8.823977e+03 8.835557e+03 8.878550e+03 8.780983e+03
9.024155e+03 8.836687e+03 8.872078e+03 8.988764e+03
8.861947e+03 8.848182e+03 8.865849e+03 8.844281e+03
8.880492e+03 8.886854e+03 8.887543e+03 8.879803e+03
9.017362e+03 8.926849e+03 8.927788e+03 9.016424e+03
9.060764e+03 8.949775e+03 8.959918e+03 9.050620e+03
8.961408e+03 8.958005e+03 8.980409e+03 8.939004e+03
8.924009e+03 8.947404e+03 8.991030e+03 8.880383e+03
8.972890e+03 8.905873e+03 8.969083e+03 8.909680e+03
8.808645e+03 8.862106e+03 8.927053e+03 8.743698e+03
9.036484e+03 8.835976e+03 8.893425e+03 8.979034e+03
9.071212e+03 8.825489e+03 8.876480e+03 9.020220e+03
8.893542e+03 8.823935e+03 8.871576e+03 8.845901e+03
8.994708e+03 8.826437e+03 8.873152e+03 8.947993e+03
8.901104e+03 8.830014e+03 8.877425e+03 8.853693e+03
8.916283e+03 8.833096e+03 8.882156e+03 8.867223e+03
8.999644e+03 8.835216e+03 8.889222e+03 8.945637e+03
8.906987e+03 8.841713e+03 8.889453e+03 8.859248e+03
8.824571e+03 8.861028e+03 8.851389e+03 8.834211e+03
8.777957e+03 8.880713e+03 8.798477e+03 8.860193e+03
8.829053e+03 8.891902e+03 8.762502e+03 8.958453e+03
8.723328e+03 8.895830e+03 8.740492e+03 8.878666e+03
8.767186e+03 8.890515e+03 8.740711e+03 8.916990e+03
