9.551213e+03 9.379908e+03 9.492720e+03 9.438402e+03
9.514925e+03 9.379613e+03 9.502068e+03 9.392470e+03
9.426583e+03 9.387272e+03 9.521143e+03 9.292712e+03
9.509137e+03 9.415114e+03 9.504557e+03 9.419694e+03
9.473133e+03 9.444104e+03 9.452518e+03 9.464719e+03
9.418613e+03 9.460688e+03 9.405835e+03 9.473466e+03
9.412659e+03 9.466619e+03 9.381083e+03 9.498194e+03
9.399404e+03 9.466700e+03 9.373089e+03 9.493015e+03
9.375877e+03 9.464272e+03 9.374176e+03 9.465972e+03
9.332564e+03 9.461314e+03 9.379122e+03 9.414756e+03
9.360063e+03 9.458846e+03 9.384749e+03 9.434160e+03
9.352007e+03 9.457128e+03 9.391212e+03 9.417924e+03
9.399227e+03 9.450413e+03 9.414577e+03 9.435063e+03
9.386932e+03 9.429692e+03 9.471117e+03 9.345507e+03
9.545942e+03 9.408439e+03 9.522073e+03 9.432308e+03
9.568963e+03 9.396251e+03 9.548079e+03 9.417135e+03
9.476335e+03 9.391838e+03 9.554537e+03 9.313636e+03
9.571194e+03 9.397355e+03 9.533944e+03 9.434605e+03
9.517860e+03 9.419166e+03 9.475618e+03 9.461407e+03
9.442873e+03 9.442159e+03 9.421790e+03 9.463242e+03
9.429555e+03 9.455876e+03 9.393587e+03 9.491844e+03
9.409888e+03 9.461365e+03 9.384351e+03 9.486901e+03
9.388367e+03 9.462154e+03 9.384924e+03 9.465597e+03
9.348072e+03 9.460811e+03 9.389539e+03 9.419344e+03
9.375745e+03 9.458903e+03 9.394830e+03 9.439818e+03
9.385501e+03 9.457255e+03 9.399118e+03 9.443638e+03
9.346672e+03 9.456072e+03 9.399758e+03 9.402986e+03
9.364324e+03 9.447450e+03 9.396793e+03 9.414981e+03
9.437397e+03 9.419024e+03 9.403520e+03 9.452902e+03
9.448395e+03 9.389684e+03 9.419704e+03 9.418375e+03
9.429544e+03 9.372872e+03 9.433877e+03 9.368539e+03
9.465789e+03 9.366837e+03 9.443827e+03 9.388799e+03
9.427267e+03 9.374599e+03 9.451372e+03 9.350493e+03
9.457138e+03 9.405014e+03 9.445864e+03 9.416287e+03
9.485369e+03 9.437065e+03 9.429377e+03 9.493057e+03
9.399703e+03 9.456195e+03 9.414510e+03 9.441389e+03
9.386003e+03 9.463865e+03 9.406270e+03 9.443599e+03
9.327877e+03 9.464988e+03 9.403203e+03 9.389663e+03
9.407514e+03 9.463137e+03 9.403021e+03 9.467630e+03
9.327902e+03 9.460496e+03 9.404109e+03 9.384288e+03
9.318445e+03 9.458213e+03 9.405445e+03 9.371213e+03
9.439644e+03 9.456599e+03 9.404279e+03 9.491964e+03
9.396788e+03 9.447729e+03 9.400265e+03 9.444253e+03
9.448403e+03 9.419178e+03 9.406343e+03 9.461238e+03
9.473869e+03 9.389782e+03 9.422059e+03 9.441591e+03
9.504213e+03 9.372946e+03 9.435838e+03 9.441321e+03
9.416638e+03 9.366903e+03 9.445422e+03 9.338119e+03
9.423894e+03 9.374661e+03 9.452614e+03 9.345941e+03
9.475029e+03 9.405075e+03 9.446762e+03 9.433343e+03
9.443040e+03 9.437126e+03 9.429938e+03 9.450229e+03
9.430614e+03 9.456258e+03 9.414740e+03 9.472132e+03
9.422377e+03 9.463930e+03 9.406176e+03 9.480131e+03
9.424032e+03 9.465056e+03 9.402790e+03 9.486298e+03
9.377717e+03 9.463210e+03 9.402297e+03 9.438630e+03
9.401890e+03 9.460575e+03 9.403079e+03 9.459386e+03
9.439739e+03 9.458300e+03 9.404144e+03 9.493895e+03
9.366168e+03 9.456715e+03 9.406737e+03 9.416146e+03
9.400654e+03 9.450105e+03 9.427189e+03 9.423570e+03
9.558829e+03 9.429484e+03 9.481590e+03 9.506723e+03
9.557675e+03 9.408327e+03 9.530906e+03 9.435096e+03
9.557440e+03 9.396231e+03 9.555553e+03 9.398119e+03
9.502201e+03 9.391906e+03 9.560799e+03 9.333309e+03
9.547917e+03 9.397506e+03 9.539067e+03 9.406356e+03
9.495718e+03 9.419387e+03 9.479670e+03 9.435434e+03
9.446493e+03 9.442448e+03 9.424791e+03 9.464150e+03
9.424323e+03 9.456233e+03 9.395549e+03 9.485006e+03
9.347756e+03 9.461789e+03 9.385285e+03 9.424261e+03
9.363156e+03 9.462648e+03 9.384837e+03 9.440967e+03
9.447120e+03 9.461376e+03 9.388439e+03 9.520057e+03
9.473008e+03 9.459542e+03 9.392723e+03 9.539828e+03
9.467397e+03 9.457973e+03 9.396009e+03 9.529360e+03
9.405672e+03 9.456873e+03 9.395650e+03 9.466895e+03
9.355794e+03 9.448339e+03 9.391688e+03 9.412445e+03
9.339443e+03 9.420007e+03 9.397418e+03 9.362032e+03
9.343028e+03 9.390767e+03 9.412604e+03 9.321192e+03
9.405129e+03 9.374063e+03 9.425792e+03 9.353400e+03
9.428659e+03 9.368159e+03 9.434727e+03 9.362091e+03
9.426022e+03 9.376062e+03 9.441226e+03 9.360859e+03
9.414703e+03 9.406628e+03 9.434650e+03 9.386681e+03
9.347861e+03 9.438832e+03 9.417079e+03 9.369613e+03
9.425155e+03 9.458116e+03 9.401126e+03 9.482144e+03
9.420898e+03 9.465942e+03 9.391797e+03 9.495043e+03
9.355506e+03 9.467229e+03 9.387630e+03 9.435106e+03
9.373198e+03 9.465553e+03 9.386327e+03 9.452424e+03
9.372127e+03 9.463099e+03 9.386267e+03 9.448959e+03
9.407583e+03 9.461017e+03 9.386451e+03 9.482149e+03
9.414890e+03 9.459637e+03 9.388120e+03 9.486407e+03
9.448026e+03 9.453244e+03 9.407600e+03 9.493671e+03
9.535266e+03 9.432857e+03 9.460962e+03 9.507161e+03
9.554662e+03 9.411967e+03 9.509134e+03 9.457495e+03
9.520609e+03 9.400173e+03 9.532457e+03 9.388325e+03
9.545308e+03 9.396118e+03 9.528142e+03 9.413284e+03
9.451291e+03 9.394095e+03 9.512800e+03 9.332587e+03
