0.5 9.198158e+03 9.158242e+03 9.186844e+03 9.226759e+03
1.5 9.272781e+03 9.167741e+03 9.188061e+03 9.293101e+03
2.5 9.341642e+03 9.200518e+03 9.188991e+03 9.330115e+03
3.5 9.335879e+03 9.233342e+03 9.188507e+03 9.291044e+03
4.5 9.274092e+03 9.251166e+03 9.187506e+03 9.210431e+03
5.5 9.233972e+03 9.256804e+03 9.186788e+03 9.163957e+03
6.5 9.228935e+03 9.255959e+03 9.186426e+03 9.159402e+03
7.5 9.202333e+03 9.252428e+03 9.186293e+03 9.136198e+03
8.5 9.224890e+03 9.248015e+03 9.185946e+03 9.162821e+03
9.5 9.186080e+03 9.234131e+03 9.184786e+03 9.136735e+03
10.5 9.172565e+03 9.197978e+03 9.183930e+03 9.158518e+03
11.5 9.129958e+03 9.162771e+03 9.184474e+03 9.151662e+03
12.5 9.116018e+03 9.143151e+03 9.185511e+03 9.158378e+03
13.5 9.087213e+03 9.136028e+03 9.186247e+03 9.137433e+03
14.5 9.080737e+03 9.135562e+03 9.186620e+03 9.131795e+03
15.5 9.096156e+03 9.137897e+03 9.186761e+03 9.145021e+03
16.5 9.100867e+03 9.141195e+03 9.187113e+03 9.146785e+03
17.5 9.150458e+03 9.154031e+03 9.188278e+03 9.184705e+03
18.5 9.179467e+03 9.189194e+03 9.189138e+03 9.179410e+03
19.5 9.219865e+03 9.223462e+03 9.188597e+03 9.185000e+03
20.5 9.250300e+03 9.242192e+03 9.187565e+03 9.195673e+03
21.5 9.266061e+03 9.248472e+03 9.186832e+03 9.204421e+03
22.5 9.249737e+03 9.248138e+03 9.186462e+03 9.188061e+03
23.5 9.221441e+03 9.245043e+03 9.186324e+03 9.162722e+03
24.5 9.204004e+03 9.241023e+03 9.185975e+03 9.148955e+03
25.5 9.222618e+03 9.227504e+03 9.184812e+03 9.179927e+03
0.5 9.100867e+03 9.141195e+03 9.187113e+03 9.146785e+03
1.5 9.150458e+03 9.154031e+03 9.188278e+03 9.184705e+03
2.5 9.179467e+03 9.189194e+03 9.189138e+03 9.179410e+03
3.5 9.219865e+03 9.223462e+03 9.188597e+03 9.185000e+03
4.5 9.250300e+03 9.242192e+03 9.187565e+03 9.195673e+03
5.5 9.266061e+03 9.248472e+03 9.186832e+03 9.204421e+03
6.5 9.249737e+03 9.248138e+03 9.186462e+03 9.188061e+03
7.5 9.221441e+03 9.245043e+03 9.186324e+03 9.162722e+03
8.5 9.204004e+03 9.241023e+03 9.185975e+03 9.148955e+03
9.5 9.222618e+03 9.227504e+03 9.184812e+03 9.179927e+03
10.5 9.193173e+03 9.191696e+03 9.183956e+03 9.185432e+03
11.5 9.170730e+03 9.156820e+03 9.184499e+03 9.198408e+03
12.5 9.137197e+03 9.137518e+03 9.185534e+03 9.185212e+03
13.5 9.112009e+03 9.130699e+03 9.186269e+03 9.167580e+03
14.5 9.131709e+03 9.130527e+03 9.186642e+03 9.187825e+03
15.5 9.115422e+03 9.133148e+03 9.186782e+03 9.169056e+03
16.5 9.122134e+03 9.136725e+03 9.187133e+03 9.172543e+03
17.5 9.183836e+03 9.149829e+03 9.188298e+03 9.222305e+03
18.5 9.187001e+03 9.185248e+03 9.189156e+03 9.190909e+03
19.5 9.215075e+03 9.219760e+03 9.188615e+03 9.183930e+03
20.5 9.224862e+03 9.238722e+03 9.187582e+03 9.173722e+03
21.5 9.223041e+03 9.245223e+03 9.186848e+03 9.164666e+03
22.5 9.216670e+03 9.245097e+03 9.186477e+03 9.158050e+03
23.5 9.263538e+03 9.242197e+03 9.186338e+03 9.207679e+03
24.5 9.276006e+03 9.238358e+03 9.185988e+03 9.223636e+03
25.5 9.296564e+03 9.225010e+03 9.184825e+03 9.256379e+03
0.5 9.122134e+03 9.136725e+03 9.187133e+03 9.172543e+03
1.5 9.183836e+03 9.149829e+03 9.188298e+03 9.222305e+03
2.5 9.187001e+03 9.185248e+03 9.189156e+03 9.190909e+03
3.5 9.215075e+03 9.219760e+03 9.188615e+03 9.183930e+03
4.5 9.224862e+03 9.238722e+03 9.187582e+03 9.173722e+03
5.5 9.223041e+03 9.245223e+03 9.186848e+03 9.164666e+03
6.5 9.216670e+03 9.245097e+03 9.186477e+03 9.158050e+03
7.5 9.263538e+03 9.242197e+03 9.186338e+03 9.207679e+03
8.5 9.276006e+03 9.238358e+03 9.185988e+03 9.223636e+03
9.5 9.296564e+03 9.225010e+03 9.184825e+03 9.256379e+03
10.5 9.278630e+03 9.189363e+03 9.183967e+03 9.273234e+03
11.5 9.229829e+03 9.154640e+03 9.184510e+03 9.259699e+03
12.5 9.201350e+03 9.135481e+03 9.185544e+03 9.251413e+03
13.5 9.155640e+03 9.128799e+03 9.186279e+03 9.213121e+03
14.5 9.142536e+03 9.128756e+03 9.186651e+03 9.200432e+03
15.5 9.119998e+03 9.131500e+03 9.186791e+03 9.175288e+03
16.5 9.113157e+03 9.135189e+03 9.187141e+03 9.165110e+03
17.5 9.176008e+03 9.148395e+03 9.188305e+03 9.215918e+03
18.5 9.226013e+03 9.183908e+03 9.189163e+03 9.231268e+03
19.5 9.206579e+03 9.218505e+03 9.188621e+03 9.176696e+03
20.5 9.216195e+03 9.237544e+03 9.187587e+03 9.166239e+03
21.5 9.251639e+03 9.244115e+03 9.186853e+03 9.194377e+03
22.5 9.268349e+03 9.244054e+03 9.186481e+03 9.210777e+03
23.5 9.251023e+03 9.241217e+03 9.186343e+03 9.196149e+03
24.5 9.217273e+03 9.237440e+03 9.185992e+03 9.165825e+03
25.5 9.195501e+03 9.224152e+03 9.184829e+03 9.156178e+03
0.5 9.113157e+03 9.135189e+03 9.187141e+03 9.165110e+03
1.5 9.176008e+03 9.148395e+03 9.188305e+03 9.215918e+03
2.5 9.226013e+03 9.183908e+03 9.189163e+03 9.231268e+03
3.5 9.206579e+03 9.218505e+03 9.188621e+03 9.176696e+03
4.5 9.216195e+03 9.237544e+03 9.187587e+03 9.166239e+03
5.5 9.251639e+03 9.244115e+03 9.186853e+03 9.194377e+03
6.5 9.268349e+03 9.244054e+03 9.186481e+03 9.210777e+03
7.5 9.251023e+03 9.241217e+03 9.186343e+03 9.196149e+03
8.5 9.217273e+03 9.237440e+03 9.185992e+03 9.165825e+03
9.5 9.195501e+03 9.224152e+03 9.184829e+03 9.156178e+03
10.5 9.169213e+03 9.188561e+03 9.183971e+03 9.164623e+03
11.5 9.127184e+03 9.153890e+03 9.184513e+03 9.157807e+03
12.5 9.130058e+03 9.134780e+03 9.185548e+03 9.180826e+03
13.5 9.116098e+03 9.128141e+03 9.186282e+03 9.174239e+03
14.5 9.111387e+03 9.128137e+03 9.186654e+03 9.169904e+03
15.5 9.067535e+03 9.130910e+03 9.186793e+03 9.123418e+03
16.5 9.061961e+03 9.134623e+03 9.187143e+03 9.114481e+03
17.5 9.099525e+03 9.147850e+03 9.188306e+03 9.139981e+03
18.5 9.117199e+03 9.183372e+03 9.189164e+03 9.122991e+03
19.5 9.130064e+03 9.217976e+03 9.188622e+03 9.100710e+03
20.5 9.195947e+03 9.237019e+03 9.187587e+03 9.146516e+03
21.5 9.258112e+03 9.243590e+03 9.186853e+03 9.201375e+03
22.5 9.277143e+03 9.243526e+03 9.186481e+03 9.220098e+03
23.5 9.245068e+03 9.240683e+03 9.186342e+03 9.190727e+03
24.5 9.194549e+03 9.236897e+03 9.185991e+03 9.143644e+03
25.5 9.196366e+03 9.223595e+03 9.184828e+03 9.157599e+03
0.5 9.061961e+03 9.134623e+03 9.187143e+03 9.114481e+03
1.5 9.099525e+03 9.147850e+03 9.188306e+03 9.139981e+03
2.5 9.117199e+03 9.183372e+03 9.189164e+03 9.122991e+03
3.5 9.130064e+03 9.217976e+03 9.188622e+03 9.100710e+03
4.5 9.195947e+03 9.237019e+03 9.187587e+03 9.146516e+03
5.5 9.258112e+03 9.243590e+03 9.186853e+03 9.201375e+03
6.5 9.277143e+03 9.243526e+03 9.186481e+03 9.220098e+03
7.5 9.245068e+03 9.240683e+03 9.186342e+03 9.190727e+03
8.5 9.194549e+03 9.236897e+03 9.185991e+03 9.143644e+03
9.5 9.196366e+03 9.223595e+03 9.184828e+03 9.157599e+03
10.5 9.151608e+03 9.187988e+03 9.183970e+03 9.147590e+03
11.5 9.113843e+03 9.153297e+03 9.184512e+03 9.145058e+03
12.5 9.123425e+03 9.134163e+03 9.185546e+03 9.174808e+03
13.5 9.155927e+03 9.127498e+03 9.186280e+03 9.214710e+03
14.5 9.190452e+03 9.127466e+03 9.186652e+03 9.249638e+03
15.5 9.184895e+03 9.130211e+03 9.186791e+03 9.241474e+03
16.5 9.169693e+03 9.133893e+03 9.187141e+03 9.222940e+03
17.5 9.178042e+03 9.147082e+03 9.188303e+03 9.219263e+03
18.5 9.200311e+03 9.182567e+03 9.189161e+03 9.206905e+03
19.5 9.233796e+03 9.217126e+03 9.188618e+03 9.205288e+03
20.5 9.231597e+03 9.236116e+03 9.187583e+03 9.183064e+03
21.5 9.222810e+03 9.242627e+03 9.186848e+03 9.167032e+03
22.5 9.202287e+03 9.242493e+03 9.186476e+03 9.146270e+03
23.5 9.226319e+03 9.239572e+03 9.186336e+03 9.173083e+03
24.5 9.248026e+03 9.235702e+03 9.185985e+03 9.198310e+03
25.5 9.231394e+03 9.222310e+03 9.184821e+03 9.193905e+03
0.5 9.169693e+03 9.133893e+03 9.187141e+03 9.222940e+03
1.5 9.178042e+03 9.147082e+03 9.188303e+03 9.219263e+03
2.5 9.200311e+03 9.182567e+03 9.189161e+03 9.206905e+03
3.5 9.233796e+03 9.217126e+03 9.188618e+03 9.205288e+03
4.5 9.231597e+03 9.236116e+03 9.187583e+03 9.183064e+03
5.5 9.222810e+03 9.242627e+03 9.186848e+03 9.167032e+03
6.5 9.202287e+03 9.242493e+03 9.186476e+03 9.146270e+03
7.5 9.226319e+03 9.239572e+03 9.186336e+03 9.173083e+03
8.5 9.248026e+03 9.235702e+03 9.185985e+03 9.198310e+03
9.5 9.231394e+03 9.222310e+03 9.184821e+03 9.193905e+03
10.5 9.299764e+03 9.186608e+03 9.183963e+03 9.297119e+03
11.5 9.225627e+03 9.151816e+03 9.184504e+03 9.258314e+03
12.5 9.190603e+03 9.132575e+03 9.185538e+03 9.243565e+03
13.5 9.160432e+03 9.125795e+03 9.186271e+03 9.220909e+03
14.5 9.098202e+03 9.125637e+03 9.186642e+03 9.159206e+03
15.5 9.052984e+03 9.128244e+03 9.186780e+03 9.111520e+03
16.5 9.017330e+03 9.131776e+03 9.187129e+03 9.072683e+03
17.5 9.100435e+03 9.144805e+03 9.188291e+03 9.143921e+03
18.5 9.202131e+03 9.180121e+03 9.189148e+03 9.211157e+03
19.5 9.251420e+03 9.214502e+03 9.188605e+03 9.225523e+03
20.5 9.256354e+03 9.233305e+03 9.187569e+03 9.210618e+03
21.5 9.220361e+03 9.239620e+03 9.186834e+03 9.167575e+03
22.5 9.199532e+03 9.239288e+03 9.186461e+03 9.146705e+03
23.5 9.199180e+03 9.236166e+03 9.186321e+03 9.149335e+03
24.5 9.214628e+03 9.232088e+03 9.185969e+03 9.168510e+03
25.5 9.258626e+03 9.218480e+03 9.184805e+03 9.224950e+03
0.5 9.017330e+03 9.131776e+03 9.187129e+03 9.072683e+03
1.5 9.100435e+03 9.144805e+03 9.188291e+03 9.143921e+03
2.5 9.202131e+03 9.180121e+03 9.189148e+03 9.211157e+03
3.5 9.251420e+03 9.214502e+03 9.188605e+03 9.225523e+03
4.5 9.256354e+03 9.233305e+03 9.187569e+03 9.210618e+03
5.5 9.220361e+03 9.239620e+03 9.186834e+03 9.167575e+03
6.5 9.199532e+03 9.239288e+03 9.186461e+03 9.146705e+03
7.5 9.199180e+03 9.236166e+03 9.186321e+03 9.149335e+03
8.5 9.214628e+03 9.232088e+03 9.185969e+03 9.168510e+03
9.5 9.258626e+03 9.218480e+03 9.184805e+03 9.224950e+03
10.5 9.248836e+03 9.182550e+03 9.183945e+03 9.250232e+03
11.5 9.179104e+03 9.147516e+03 9.184486e+03 9.216074e+03
12.5 9.116154e+03 9.128019e+03 9.185518e+03 9.173652e+03
13.5 9.107483e+03 9.120965e+03 9.186250e+03 9.172767e+03
14.5 9.073682e+03 9.120505e+03 9.186619e+03 9.139796e+03
15.5 9.091150e+03 9.122777e+03 9.186754e+03 9.155127e+03
16.5 9.122167e+03 9.125950e+03 9.187102e+03 9.183319e+03
17.5 9.163499e+03 9.138598e+03 9.188262e+03 9.213163e+03
18.5 9.193628e+03 9.173514e+03 9.189118e+03 9.209231e+03
19.5 9.203933e+03 9.207478e+03 9.188573e+03 9.185028e+03
20.5 9.232171e+03 9.225846e+03 9.187536e+03 9.193862e+03
21.5 9.252855e+03 9.231715e+03 9.186801e+03 9.207940e+03
22.5 9.268725e+03 9.230944e+03 9.186428e+03 9.224209e+03
23.5 9.261303e+03 9.227393e+03 9.186289e+03 9.220199e+03
24.5 9.222000e+03 9.222885e+03 9.185937e+03 9.185053e+03
0.5 9.122167e+03 9.125950e+03 9.187102e+03 9.183319e+03
1.5 9.163499e+03 9.138598e+03 9.188262e+03 9.213163e+03
2.5 9.193628e+03 9.173514e+03 9.189118e+03 9.209231e+03
3.5 9.203933e+03 9.207478e+03 9.188573e+03 9.185028e+03
4.5 9.232171e+03 9.225846e+03 9.187536e+03 9.193862e+03
5.5 9.252855e+03 9.231715e+03 9.186801e+03 9.207940e+03
6.5 9.268725e+03 9.230944e+03 9.186428e+03 9.224209e+03
7.5 9.261303e+03 9.227393e+03 9.186289e+03 9.220199e+03
8.5 9.222000e+03 9.222885e+03 9.185937e+03 9.185053e+03
