0.5 1.114048e+04 9.806449e+03 1.007211e+04 1.140614e+04
1.5 7.952289e+03 9.905121e+03 1.009386e+04 8.141027e+03
2.5 1.030852e+04 1.021754e+04 1.011047e+04 1.020145e+04
3.5 1.109298e+04 1.051827e+04 1.010183e+04 1.067654e+04
4.5 1.252130e+04 1.067524e+04 1.008394e+04 1.192999e+04
5.5 1.133580e+04 1.072145e+04 1.007112e+04 1.068547e+04
6.5 9.442605e+03 1.071049e+04 1.006464e+04 8.796759e+03
7.5 8.066228e+03 1.067655e+04 1.006226e+04 7.451942e+03
8.5 1.232803e+04 1.063259e+04 1.005607e+04 1.175151e+04
9.5 1.095870e+04 1.049367e+04 1.003534e+04 1.050036e+04
10.5 1.190092e+04 1.015052e+04 1.002005e+04 1.177045e+04
11.5 1.063118e+04 9.828179e+03 1.002977e+04 1.083277e+04
12.5 9.799475e+03 9.654836e+03 1.004829e+04 1.019292e+04
13.5 9.276411e+03 9.594987e+03 1.006144e+04 9.742867e+03
14.5 1.006628e+04 9.593867e+03 1.006812e+04 1.054053e+04
15.5 1.090554e+04 9.616760e+03 1.007063e+04 1.135941e+04
16.5 7.257431e+03 9.650420e+03 1.007692e+04 7.683932e+03
17.5 8.566420e+03 9.779644e+03 1.009774e+04 8.884515e+03
18.5 9.133814e+03 1.011363e+04 1.011310e+04 9.133288e+03
19.5 9.580255e+03 1.042728e+04 1.010345e+04 9.256418e+03
20.5 8.776982e+03 1.059239e+04 1.008499e+04 8.269587e+03
21.5 8.299028e+03 1.064443e+04 1.007190e+04 7.726494e+03
22.5 1.124713e+04 1.063815e+04 1.006528e+04 1.067426e+04
23.5 9.865783e+03 1.060823e+04 1.006282e+04 9.320375e+03
24.5 1.260157e+04 1.056789e+04 1.005658e+04 1.209025e+04
25.5 9.364730e+03 1.043235e+04 1.003581e+04 8.968195e+03
0.5 7.257431e+03 9.650420e+03 1.007692e+04 7.683932e+03
1.5 8.566420e+03 9.779644e+03 1.009774e+04 8.884515e+03
2.5 9.133814e+03 1.011363e+04 1.011310e+04 9.133288e+03
3.5 9.580255e+03 1.042728e+04 1.010345e+04 9.256418e+03
4.5 8.776982e+03 1.059239e+04 1.008499e+04 8.269587e+03
5.5 8.299028e+03 1.064443e+04 1.007190e+04 7.726494e+03
6.5 1.124713e+04 1.063815e+04 1.006528e+04 1.067426e+04
7.5 9.865783e+03 1.060823e+04 1.006282e+04 9.320375e+03
8.5 1.260157e+04 1.056789e+04 1.005658e+04 1.209025e+04
9.5 9.364730e+03 1.043235e+04 1.003581e+04 8.968195e+03
10.5 1.243360e+04 1.009240e+04 1.002050e+04 1.236170e+04
11.5 1.101440e+04 9.773115e+03 1.003020e+04 1.127149e+04
12.5 9.407578e+03 9.602711e+03 1.004870e+04 9.853567e+03
13.5 1.137379e+04 9.545683e+03 1.006184e+04 1.188995e+04
14.5 9.215436e+03 9.547283e+03 1.006850e+04 9.736655e+03
15.5 9.021348e+03 9.572828e+03 1.007101e+04 9.519525e+03
16.5 1.053702e+04 9.609069e+03 1.007729e+04 1.100524e+04
17.5 1.250239e+04 9.740777e+03 1.009809e+04 1.285970e+04
18.5 1.041933e+04 1.007713e+04 1.011343e+04 1.045563e+04
19.5 1.075279e+04 1.039305e+04 1.010376e+04 1.046350e+04
20.5 1.194199e+04 1.056031e+04 1.008530e+04 1.146698e+04
21.5 1.139733e+04 1.061439e+04 1.007218e+04 1.085513e+04
22.5 9.459762e+03 1.061003e+04 1.006555e+04 8.915276e+03
23.5 1.211042e+04 1.058191e+04 1.006307e+04 1.159159e+04
24.5 1.176880e+04 1.054325e+04 1.005681e+04 1.128236e+04
25.5 1.111209e+04 1.040929e+04 1.003603e+04 1.073883e+04
0.5 1.053702e+04 9.609069e+03 1.007729e+04 1.100524e+04
1.5 1.250239e+04 9.740777e+03 1.009809e+04 1.285970e+04
2.5 1.041933e+04 1.007713e+04 1.011343e+04 1.045563e+04
3.5 1.075279e+04 1.039305e+04 1.010376e+04 1.046350e+04
4.5 1.194199e+04 1.056031e+04 1.008530e+04 1.146698e+04
5.5 1.139733e+04 1.061439e+04 1.007218e+04 1.085513e+04
6.5 9.459762e+03 1.061003e+04 1.006555e+04 8.915276e+03
7.5 1.211042e+04 1.058191e+04 1.006307e+04 1.159159e+04
8.5 1.176880e+04 1.054325e+04 1.005681e+04 1.128236e+04
9.5 1.111209e+04 1.040929e+04 1.003603e+04 1.073883e+04
10.5 6.754798e+03 1.007083e+04 1.002071e+04 6.704680e+03
11.5 8.099668e+03 9.752955e+03 1.003040e+04 8.377112e+03
12.5 9.196053e+03 9.583885e+03 1.004889e+04 9.661055e+03
13.5 7.719507e+03 9.528118e+03 1.006202e+04 8.253407e+03
14.5 1.241387e+04 9.530915e+03 1.006867e+04 1.295163e+04
15.5 1.045053e+04 9.557603e+03 1.007116e+04 1.096409e+04
16.5 8.181712e+03 9.594877e+03 1.007743e+04 8.664265e+03
17.5 8.677292e+03 9.727524e+03 1.009822e+04 9.047987e+03
18.5 1.022616e+04 1.006474e+04 1.011355e+04 1.027497e+04
19.5 1.094379e+04 1.038144e+04 1.010387e+04 1.066622e+04
20.5 1.067533e+04 1.054941e+04 1.008539e+04 1.021131e+04
21.5 1.227086e+04 1.060414e+04 1.007227e+04 1.173899e+04
22.5 1.095440e+04 1.060039e+04 1.006563e+04 1.041965e+04
23.5 1.003775e+04 1.057284e+04 1.006315e+04 9.528058e+03
24.5 1.202902e+04 1.053476e+04 1.005689e+04 1.155115e+04
25.5 1.016950e+04 1.040135e+04 1.003611e+04 9.804257e+03
0.5 8.181712e+03 9.594877e+03 1.007743e+04 8.664265e+03
1.5 8.677292e+03 9.727524e+03 1.009822e+04 9.047987e+03
2.5 1.022616e+04 1.006474e+04 1.011355e+04 1.027497e+04
3.5 1.094379e+04 1.038144e+04 1.010387e+04 1.066622e+04
4.5 1.067533e+04 1.054941e+04 1.008539e+04 1.021131e+04
5.5 1.227086e+04 1.060414e+04 1.007227e+04 1.173899e+04
6.5 1.095440e+04 1.060039e+04 1.006563e+04 1.041965e+04
7.5 1.003775e+04 1.057284e+04 1.006315e+04 9.528058e+03
8.5 1.202902e+04 1.053476e+04 1.005689e+04 1.155115e+04
9.5 1.016950e+04 1.040135e+04 1.003611e+04 9.804257e+03
10.5 1.111352e+04 1.006342e+04 1.002078e+04 1.107089e+04
11.5 1.058489e+04 9.746027e+03 1.003047e+04 1.086933e+04
12.5 8.006646e+03 9.577402e+03 1.004895e+04 8.478193e+03
13.5 8.213947e+03 9.522039e+03 1.006207e+04 8.753981e+03
14.5 7.194744e+03 9.525186e+03 1.006872e+04 7.738274e+03
15.5 8.466253e+03 9.552136e+03 1.007120e+04 8.985316e+03
16.5 1.030801e+04 9.589635e+03 1.007746e+04 1.079583e+04
17.5 1.005559e+04 9.722465e+03 1.009824e+04 1.043136e+04
18.5 1.067873e+04 1.005977e+04 1.011356e+04 1.073253e+04
19.5 7.890388e+03 1.037653e+04 1.010388e+04 7.617737e+03
20.5 1.059852e+04 1.054453e+04 1.008540e+04 1.013939e+04
21.5 1.153792e+04 1.059927e+04 1.007227e+04 1.101092e+04
22.5 9.833009e+03 1.059548e+04 1.006563e+04 9.303155e+03
23.5 7.559621e+03 1.056788e+04 1.006314e+04 7.054885e+03
24.5 9.597192e+03 1.052971e+04 1.005688e+04 9.124367e+03
25.5 9.267039e+03 1.039617e+04 1.003609e+04 8.906958e+03
0.5 1.030801e+04 9.589635e+03 1.007746e+04 1.079583e+04
1.5 1.005559e+04 9.722465e+03 1.009824e+04 1.043136e+04
2.5 1.067873e+04 1.005977e+04 1.011356e+04 1.073253e+04
3.5 7.890388e+03 1.037653e+04 1.010388e+04 7.617737e+03
4.5 1.059852e+04 1.054453e+04 1.008540e+04 1.013939e+04
5.5 1.153792e+04 1.059927e+04 1.007227e+04 1.101092e+04
6.5 9.833009e+03 1.059548e+04 1.006563e+04 9.303155e+03
7.5 7.559621e+03 1.056788e+04 1.006314e+04 7.054885e+03
8.5 9.597192e+03 1.052971e+04 1.005688e+04 9.124367e+03
9.5 9.267039e+03 1.039617e+04 1.003609e+04 8.906958e+03
10.5 9.806039e+03 1.005808e+04 1.002076e+04 9.768717e+03
11.5 1.157830e+04 9.740501e+03 1.003044e+04 1.186824e+04
12.5 1.170304e+04 9.571652e+03 1.004892e+04 1.218030e+04
13.5 1.260852e+04 9.516043e+03 1.006204e+04 1.315451e+04
14.5 8.722350e+03 9.518941e+03 1.006868e+04 9.272089e+03
15.5 8.865898e+03 9.545629e+03 1.007116e+04 9.391430e+03
16.5 8.468993e+03 9.582829e+03 1.007741e+04 8.963578e+03
17.5 8.836555e+03 9.715311e+03 1.009819e+04 9.219434e+03
18.5 1.006624e+04 1.005226e+04 1.011351e+04 1.012748e+04
19.5 1.223569e+04 1.036861e+04 1.010382e+04 1.197090e+04
20.5 1.211779e+04 1.053611e+04 1.008532e+04 1.166700e+04
21.5 1.018866e+04 1.059028e+04 1.007219e+04 9.670564e+03
22.5 8.290990e+03 1.058584e+04 1.006553e+04 7.770677e+03
23.5 1.007613e+04 1.055751e+04 1.006304e+04 9.581657e+03
24.5 8.235837e+03 1.051855e+04 1.005676e+04 7.774049e+03
25.5 1.122823e+04 1.038418e+04 1.003597e+04 1.088002e+04
0.5 8.468993e+03 9.582829e+03 1.007741e+04 8.963578e+03
1.5 8.836555e+03 9.715311e+03 1.009819e+04 9.219434e+03
2.5 1.006624e+04 1.005226e+04 1.011351e+04 1.012748e+04
3.5 1.223569e+04 1.036861e+04 1.010382e+04 1.197090e+04
4.5 1.211779e+04 1.053611e+04 1.008532e+04 1.166700e+04
5.5 1.018866e+04 1.059028e+04 1.007219e+04 9.670564e+03
6.5 8.290990e+03 1.058584e+04 1.006553e+04 7.770677e+03
7.5 1.007613e+04 1.055751e+04 1.006304e+04 9.581657e+03
8.5 8.235837e+03 1.051855e+04 1.005676e+04 7.774049e+03
9.5 1.122823e+04 1.038418e+04 1.003597e+04 1.088002e+04
10.5 1.105946e+04 1.004520e+04 1.002063e+04 1.103488e+04
11.5 8.558619e+03 9.726683e+03 1.003030e+04 8.862236e+03
12.5 8.526329e+03 9.556835e+03 1.004877e+04 9.018263e+03
13.5 9.014902e+03 9.500153e+03 1.006188e+04 9.576628e+03
14.5 7.207614e+03 9.501871e+03 1.006851e+04 7.774249e+03
15.5 8.992772e+03 9.527264e+03 1.007097e+04 9.536478e+03
16.5 1.068694e+04 9.563068e+03 1.007721e+04 1.120108e+04
17.5 1.057742e+04 9.694062e+03 1.009797e+04 1.098134e+04
18.5 1.187122e+04 1.002944e+04 1.011328e+04 1.195506e+04
19.5 1.210961e+04 1.034412e+04 1.010357e+04 1.186907e+04
20.5 1.267587e+04 1.050988e+04 1.008507e+04 1.225106e+04
21.5 7.928905e+03 1.056223e+04 1.007193e+04 7.438605e+03
22.5 9.885884e+03 1.055594e+04 1.006527e+04 9.395207e+03
23.5 1.180169e+04 1.052574e+04 1.006276e+04 1.133872e+04
24.5 8.737208e+03 1.048485e+04 1.005648e+04 8.308839e+03
25.5 1.224362e+04 1.034846e+04 1.003567e+04 1.193083e+04
0.5 1.068694e+04 9.563068e+03 1.007721e+04 1.120108e+04
1.5 1.057742e+04 9.694062e+03 1.009797e+04 1.098134e+04
2.5 1.187122e+04 1.002944e+04 1.011328e+04 1.195506e+04
3.5 1.210961e+04 1.034412e+04 1.010357e+04 1.186907e+04
4.5 1.267587e+04 1.050988e+04 1.008507e+04 1.225106e+04
5.5 7.928905e+03 1.056223e+04 1.007193e+04 7.438605e+03
6.5 9.885884e+03 1.055594e+04 1.006527e+04 9.395207e+03
7.5 1.180169e+04 1.052574e+04 1.006276e+04 1.133872e+04
8.5 8.737208e+03 1.048485e+04 1.005648e+04 8.308839e+03
9.5 1.224362e+04 1.034846e+04 1.003567e+04 1.193083e+04
10.5 1.090215e+04 1.000735e+04 1.002032e+04 1.091511e+04
11.5 9.976299e+03 9.686582e+03 1.002997e+04 1.031969e+04
12.5 8.968664e+03 9.514351e+03 1.004842e+04 9.502733e+03
13.5 1.046332e+04 9.455109e+03 1.006150e+04 1.106971e+04
14.5 1.049265e+04 9.453995e+03 1.006809e+04 1.110674e+04
15.5 9.222531e+03 9.476270e+03 1.007051e+04 9.816773e+03
16.5 8.197843e+03 9.508716e+03 1.007672e+04 8.765847e+03
17.5 8.454929e+03 9.636158e+03 1.009746e+04 8.916228e+03
18.5 1.121606e+04 9.967811e+03 1.011274e+04 1.136099e+04
19.5 1.182005e+04 1.027860e+04 1.010301e+04 1.164446e+04
20.5 8.525381e+03 1.044032e+04 1.008449e+04 8.169550e+03
21.5 1.067645e+04 1.048852e+04 1.007134e+04 1.025927e+04
22.5 1.109546e+04 1.047817e+04 1.006469e+04 1.068198e+04
23.5 1.064234e+04 1.044398e+04 1.006219e+04 1.026055e+04
24.5 1.070714e+04 1.039909e+04 1.005591e+04 1.036395e+04
0.5 8.197843e+03 9.508716e+03 1.007672e+04 8.765847e+03
1.5 8.454929e+03 9.636158e+03 1.009746e+04 8.916228e+03
2.5 1.121606e+04 9.967811e+03 1.011274e+04 1.136099e+04
3.5 1.182005e+04 1.027860e+04 1.010301e+04 1.164446e+04
4.5 8.525381e+03 1.044032e+04 1.008449e+04 8.169550e+03
5.5 1.067645e+04 1.048852e+04 1.007134e+04 1.025927e+04
6.5 1.109546e+04 1.047817e+04 1.006469e+04 1.068198e+04
7.5 1.064234e+04 1.044398e+04 1.006219e+04 1.026055e+04
8.5 1.070714e+04 1.039909e+04 1.005591e+04 1.036395e+04
