9.550908e+03 9.821734e+03 9.820729e+03 9.551914e+03
1.062639e+04 9.809984e+03 9.809006e+03 1.062737e+04
9.161320e+03 9.799017e+03 9.798089e+03 9.162248e+03
9.331883e+03 9.788634e+03 9.787744e+03 9.332774e+03
1.247176e+04 9.778696e+03 9.777834e+03 1.247262e+04
7.798149e+03 9.769130e+03 9.768294e+03 7.798985e+03
8.470934e+03 9.759908e+03 9.759097e+03 8.471745e+03
9.766794e+03 9.751019e+03 9.750230e+03 9.767583e+03
1.182925e+04 9.742411e+03 9.741638e+03 1.183003e+04
8.792407e+03 9.733974e+03 9.733236e+03 8.793145e+03
8.797575e+03 9.726331e+03 9.728408e+03 8.795498e+03
1.053988e+04 9.795838e+03 9.807844e+03 1.052787e+04
9.907526e+03 1.006312e+04 1.008272e+04 9.887934e+03
9.374979e+03 1.034267e+04 1.035831e+04 9.359334e+03
1.220761e+04 1.050067e+04 1.050815e+04 1.220013e+04
1.205330e+04 1.055400e+04 1.055563e+04 1.205167e+04
1.131420e+04 1.054995e+04 1.054862e+04 1.131553e+04
8.099497e+03 1.052144e+04 1.051902e+04 8.101916e+03
1.196826e+04 1.048731e+04 1.048206e+04 1.197351e+04
1.020657e+04 1.038052e+04 1.036581e+04 1.022128e+04
1.133261e+04 1.008427e+04 1.006258e+04 1.135430e+04
9.263363e+03 9.784225e+03 9.766971e+03 9.280617e+03
1.036026e+04 9.610864e+03 9.602063e+03 1.036906e+04
9.232121e+03 9.544898e+03 9.542104e+03 9.234915e+03
9.300937e+03 9.537855e+03 9.538108e+03 9.300683e+03
9.690574e+03 9.556269e+03 9.557670e+03 9.689173e+03
7.392953e+03 9.580999e+03 9.585273e+03 7.388679e+03
1.036134e+04 9.678953e+03 9.692732e+03 1.034756e+04
9.962348e+03 9.966854e+03 9.987645e+03 9.941556e+03
1.036582e+04 1.025899e+04 1.027538e+04 1.034943e+04
8.904719e+03 1.042485e+04 1.043281e+04 8.896760e+03
9.766818e+03 1.048371e+04 1.048569e+04 9.764837e+03
1.022694e+04 1.048402e+04 1.048297e+04 1.022798e+04
9.899903e+03 1.045920e+04 1.045703e+04 9.902069e+03
1.094484e+04 1.042839e+04 1.042338e+04 1.094986e+04
9.356860e+03 1.032468e+04 1.031018e+04 9.371356e+03
1.140622e+04 1.003134e+04 1.000986e+04 1.142771e+04
1.014888e+04 9.734080e+03 9.717023e+03 1.016593e+04
8.256738e+03 9.563391e+03 9.554779e+03 8.265349e+03
1.059563e+04 9.499988e+03 9.497376e+03 1.059824e+04
9.329784e+03 9.495414e+03 9.495843e+03 9.329354e+03
1.007774e+04 9.516234e+03 9.517807e+03 1.007617e+04
9.451069e+03 9.543306e+03 9.547746e+03 9.446630e+03
1.052038e+04 9.643518e+03 9.657455e+03 1.050644e+04
9.595228e+03 9.933578e+03 9.954521e+03 9.574284e+03
1.067440e+04 1.022777e+04 1.024430e+04 1.065787e+04
1.088304e+04 1.039559e+04 1.040369e+04 1.087494e+04
1.012116e+04 1.045631e+04 1.045842e+04 1.011905e+04
9.188697e+03 1.045837e+04 1.045745e+04 9.189616e+03
1.180123e+04 1.043519e+04 1.043314e+04 1.180328e+04
1.048480e+04 1.040591e+04 1.040101e+04 1.048971e+04
1.110848e+04 1.030364e+04 1.028925e+04 1.112287e+04
9.889075e+03 1.001166e+04 9.990273e+03 9.910467e+03
8.765721e+03 9.715685e+03 9.698718e+03 8.782688e+03
9.164326e+03 9.546211e+03 9.537685e+03 9.172852e+03
8.198437e+03 9.483957e+03 9.481425e+03 8.200969e+03
1.010027e+04 9.480472e+03 9.480978e+03 1.009976e+04
1.107623e+04 9.502335e+03 9.503979e+03 1.107459e+04
9.985470e+03 9.530353e+03 9.534858e+03 9.980965e+03
9.592009e+03 9.631425e+03 9.645422e+03 9.578012e+03
1.087646e+04 9.922271e+03 9.943269e+03 1.085546e+04
1.059735e+04 1.021718e+04 1.023376e+04 1.058077e+04
1.085837e+04 1.038565e+04 1.039380e+04 1.085023e+04
1.094993e+04 1.044697e+04 1.044912e+04 1.094778e+04
1.005925e+04 1.044957e+04 1.044869e+04 1.006013e+04
1.157852e+04 1.042693e+04 1.042491e+04 1.158053e+04
9.695232e+03 1.039817e+04 1.039330e+04 9.700102e+03
1.090167e+04 1.029640e+04 1.028204e+04 1.091603e+04
1.096384e+04 1.000490e+04 9.983544e+03 1.098520e+04
1.005168e+04 9.709365e+03 9.692428e+03 1.006861e+04
9.776786e+03 9.540297e+03 9.531799e+03 9.785284e+03
9.270365e+03 9.478414e+03 9.475908e+03 9.272871e+03
8.162910e+03 9.475254e+03 9.475781e+03 8.162382e+03
8.620434e+03 9.497362e+03 9.499023e+03 8.618773e+03
1.036250e+04 9.525590e+03 9.530108e+03 1.035798e+04
8.700862e+03 9.626835e+03 9.640842e+03 8.686856e+03
9.833163e+03 9.917767e+03 9.938771e+03 9.812159e+03
8.978984e+03 1.021274e+04 1.022932e+04 8.962402e+03
9.712612e+03 1.038124e+04 1.038939e+04 9.704469e+03
1.020816e+04 1.044256e+04 1.044471e+04 1.020601e+04
1.005888e+04 1.044514e+04 1.044426e+04 1.005976e+04
9.386104e+03 1.042245e+04 1.042043e+04 9.388121e+03
1.050840e+04 1.039362e+04 1.038874e+04 1.051328e+04
1.107671e+04 1.029174e+04 1.027737e+04 1.109108e+04
9.974988e+03 1.000010e+04 9.978733e+03 9.996357e+03
9.614747e+03 9.704397e+03 9.687448e+03 9.631697e+03
9.274777e+03 9.535132e+03 9.526619e+03 9.283290e+03
1.047477e+04 9.473028e+03 9.470506e+03 1.047729e+04
9.596886e+03 9.469644e+03 9.470155e+03 9.596375e+03
8.670950e+03 9.491518e+03 9.493161e+03 8.669307e+03
8.627962e+03 9.519480e+03 9.523979e+03 8.623464e+03
9.343994e+03 9.620416e+03 9.634400e+03 9.330010e+03
1.052707e+04 9.911037e+03 9.932016e+03 1.050610e+04
1.132164e+04 1.020564e+04 1.022219e+04 1.130508e+04
1.121408e+04 1.037371e+04 1.038181e+04 1.120597e+04
1.017050e+04 1.043452e+04 1.043663e+04 1.016838e+04
7.641574e+03 1.043652e+04 1.043560e+04 7.642502e+03
1.034881e+04 1.041318e+04 1.041111e+04 1.035088e+04
8.898626e+03 1.038364e+04 1.037871e+04 8.903556e+03
1.069280e+04 1.028102e+04 1.026659e+04 1.070722e+04
9.746322e+03 9.988583e+03 9.967155e+03 9.767751e+03
9.790987e+03 9.692035e+03 9.675023e+03 9.808000e+03
8.906995e+03 9.521876e+03 9.513296e+03 8.915575e+03
8.615273e+03 9.458814e+03 9.456219e+03 8.617868e+03
9.216683e+03 9.454378e+03 9.454808e+03 9.216252e+03
9.715502e+03 9.475096e+03 9.476652e+03 9.713946e+03
9.675478e+03 9.501809e+03 9.506214e+03 9.671073e+03
1.213994e+04 9.601411e+03 9.615296e+03 1.212605e+04
1.056912e+04 9.890621e+03 9.911495e+03 1.054825e+04
1.071021e+04 1.018373e+04 1.020017e+04 1.069376e+04
1.126068e+04 1.035023e+04 1.035822e+04 1.125268e+04
1.077576e+04 1.040940e+04 1.041140e+04 1.077377e+04
9.795470e+03 1.040975e+04 1.040870e+04 9.796518e+03
9.710432e+03 1.038472e+04 1.038253e+04 9.712622e+03
8.585654e+03 1.035344e+04 1.034839e+04 8.590712e+03
1.115364e+04 1.024901e+04 1.023445e+04 1.116820e+04
1.014114e+04 9.954665e+03 9.933095e+03 1.016271e+04
9.081963e+03 9.656098e+03 9.638936e+03 9.099125e+03
1.017766e+04 9.483804e+03 9.475064e+03 1.018640e+04
9.422414e+03 9.418457e+03 9.415688e+03 9.425182e+03
9.694881e+03 9.411497e+03 9.411737e+03 9.694642e+03
9.254377e+03 9.429432e+03 9.430779e+03 9.253030e+03
1.010954e+04 9.453141e+03 9.457322e+03 1.010536e+04
8.127979e+03 9.549557e+03 9.563206e+03 8.114329e+03
8.734047e+03 9.835423e+03 9.856050e+03 8.713420e+03
1.094403e+04 1.012504e+04 1.014123e+04 1.092785e+04
9.784969e+03 1.028790e+04 1.029563e+04 9.777242e+03
1.046127e+04 1.034334e+04 1.034506e+04 1.045954e+04
1.038749e+04 1.033999e+04 1.033868e+04 1.038880e+04
1.116537e+04 1.031135e+04 1.030890e+04 1.116782e+04
1.078524e+04 1.027647e+04 1.027115e+04 1.079056e+04
1.029146e+04 1.016834e+04 1.016037e+04 1.029943e+04
