0.5 9.984315e+03 9.982974e+03 1.000356e+04 1.000490e+04
1.5 9.993623e+03 9.981592e+03 9.996217e+03 1.000825e+04
2.5 1.002000e+04 9.998905e+03 9.990608e+03 1.001170e+04
3.5 1.000593e+04 1.002579e+04 9.993526e+03 9.973661e+03
4.5 1.001145e+04 1.004538e+04 9.999567e+03 9.965635e+03
5.5 1.003391e+04 1.005429e+04 1.000389e+04 9.983518e+03
6.5 1.005559e+04 1.005612e+04 1.000608e+04 1.000554e+04
7.5 1.005765e+04 1.005448e+04 1.000688e+04 1.001005e+04
8.5 1.007740e+04 1.005365e+04 1.000897e+04 1.003273e+04
9.5 1.004532e+04 1.005149e+04 1.001597e+04 1.000980e+04
10.5 1.000932e+04 1.003124e+04 1.002113e+04 9.999215e+03
11.5 9.967552e+03 1.000223e+04 1.001785e+04 9.983172e+03
12.5 9.938772e+03 9.981115e+03 1.001160e+04 9.969259e+03
13.5 9.902905e+03 9.971017e+03 1.000716e+04 9.939048e+03
14.5 9.885509e+03 9.968160e+03 1.000491e+04 9.922257e+03
15.5 9.909638e+03 9.968890e+03 1.000406e+04 9.944806e+03
16.5 9.927996e+03 9.968887e+03 1.000193e+04 9.961044e+03
17.5 9.955432e+03 9.970259e+03 9.994907e+03 9.980079e+03
18.5 1.002029e+04 9.989762e+03 9.989721e+03 1.002025e+04
19.5 1.005006e+04 1.001807e+04 9.992980e+03 1.002497e+04
20.5 1.004490e+04 1.003853e+04 9.999210e+03 1.000559e+04
21.5 1.004117e+04 1.004799e+04 1.000363e+04 9.996811e+03
22.5 1.004720e+04 1.005025e+04 1.000587e+04 1.000281e+04
23.5 1.003311e+04 1.004896e+04 1.000670e+04 9.990845e+03
24.5 1.001922e+04 1.004842e+04 1.000880e+04 9.979599e+03
25.5 1.003066e+04 1.004654e+04 1.001581e+04 9.999932e+03
0.5 9.927996e+03 9.968887e+03 1.000193e+04 9.961044e+03
1.5 9.955432e+03 9.970259e+03 9.994907e+03 9.980079e+03
2.5 1.002029e+04 9.989762e+03 9.989721e+03 1.002025e+04
3.5 1.005006e+04 1.001807e+04 9.992980e+03 1.002497e+04
4.5 1.004490e+04 1.003853e+04 9.999210e+03 1.000559e+04
5.5 1.004117e+04 1.004799e+04 1.000363e+04 9.996811e+03
6.5 1.004720e+04 1.005025e+04 1.000587e+04 1.000281e+04
7.5 1.003311e+04 1.004896e+04 1.000670e+04 9.990845e+03
8.5 1.001922e+04 1.004842e+04 1.000880e+04 9.979599e+03
9.5 1.003066e+04 1.004654e+04 1.001581e+04 9.999932e+03
10.5 1.002459e+04 1.002655e+04 1.002098e+04 1.001901e+04
11.5 9.998039e+03 9.997786e+03 1.001771e+04 1.001796e+04
12.5 9.989418e+03 9.976904e+03 1.001146e+04 1.002398e+04
13.5 9.992612e+03 9.967031e+03 1.000703e+04 1.003261e+04
14.5 9.989876e+03 9.964390e+03 1.000478e+04 1.003026e+04
15.5 1.001479e+04 9.965330e+03 1.000393e+04 1.005340e+04
16.5 1.001735e+04 9.965532e+03 1.000181e+04 1.005363e+04
17.5 1.004120e+04 9.967102e+03 9.994789e+03 1.006889e+04
18.5 1.004542e+04 9.986796e+03 9.989609e+03 1.004824e+04
19.5 1.005618e+04 1.001529e+04 9.992873e+03 1.003376e+04
20.5 1.003540e+04 1.003591e+04 9.999108e+03 9.998592e+03
21.5 1.004527e+04 1.004555e+04 1.000353e+04 1.000326e+04
22.5 1.007314e+04 1.004796e+04 1.000577e+04 1.003095e+04
23.5 1.008578e+04 1.004681e+04 1.000661e+04 1.004558e+04
24.5 1.004516e+04 1.004642e+04 1.000872e+04 1.000746e+04
25.5 1.002894e+04 1.004466e+04 1.001574e+04 1.000002e+04
0.5 1.001735e+04 9.965532e+03 1.000181e+04 1.005363e+04
1.5 1.004120e+04 9.967102e+03 9.994789e+03 1.006889e+04
2.5 1.004542e+04 9.986796e+03 9.989609e+03 1.004824e+04
3.5 1.005618e+04 1.001529e+04 9.992873e+03 1.003376e+04
4.5 1.003540e+04 1.003591e+04 9.999108e+03 9.998592e+03
5.5 1.004527e+04 1.004555e+04 1.000353e+04 1.000326e+04
6.5 1.007314e+04 1.004796e+04 1.000577e+04 1.003095e+04
7.5 1.008578e+04 1.004681e+04 1.000661e+04 1.004558e+04
8.5 1.004516e+04 1.004642e+04 1.000872e+04 1.000746e+04
9.5 1.002894e+04 1.004466e+04 1.001574e+04 1.000002e+04
10.5 1.004158e+04 1.002479e+04 1.002091e+04 1.003770e+04
11.5 1.006332e+04 9.996142e+03 1.001764e+04 1.008482e+04
12.5 1.003621e+04 9.975368e+03 1.001140e+04 1.007224e+04
13.5 1.001381e+04 9.965597e+03 1.000697e+04 1.005518e+04
14.5 9.994396e+03 9.963052e+03 1.000472e+04 1.003606e+04
15.5 9.984236e+03 9.964085e+03 1.000388e+04 1.002403e+04
16.5 9.994373e+03 9.964373e+03 1.000176e+04 1.003176e+04
17.5 9.991314e+03 9.966021e+03 9.994745e+03 1.002004e+04
18.5 1.002857e+04 9.985786e+03 9.989569e+03 1.003235e+04
19.5 1.004600e+04 1.001434e+04 9.992836e+03 1.002449e+04
20.5 1.002411e+04 1.003503e+04 9.999074e+03 9.988156e+03
21.5 9.971807e+03 1.004472e+04 1.000350e+04 9.930595e+03
22.5 9.990267e+03 1.004718e+04 1.000575e+04 9.948832e+03
23.5 9.980733e+03 1.004608e+04 1.000658e+04 9.941239e+03
24.5 1.004853e+04 1.004572e+04 1.000870e+04 1.001150e+04
25.5 1.001631e+04 1.004401e+04 1.001571e+04 9.988010e+03
0.5 9.994373e+03 9.964373e+03 1.000176e+04 1.003176e+04
1.5 9.991314e+03 9.966021e+03 9.994745e+03 1.002004e+04
2.5 1.002857e+04 9.985786e+03 9.989569e+03 1.003235e+04
3.5 1.004600e+04 1.001434e+04 9.992836e+03 1.002449e+04
4.5 1.002411e+04 1.003503e+04 9.999074e+03 9.988156e+03
5.5 9.971807e+03 1.004472e+04 1.000350e+04 9.930595e+03
6.5 9.990267e+03 1.004718e+04 1.000575e+04 9.948832e+03
7.5 9.980733e+03 1.004608e+04 1.000658e+04 9.941239e+03
8.5 1.004853e+04 1.004572e+04 1.000870e+04 1.001150e+04
9.5 1.001631e+04 1.004401e+04 1.001571e+04 9.988010e+03
10.5 1.000683e+04 1.002419e+04 1.002089e+04 1.000353e+04
11.5 9.994866e+03 9.995578e+03 1.001762e+04 1.001691e+04
12.5 9.962043e+03 9.974840e+03 1.001138e+04 9.998582e+03
13.5 9.950358e+03 9.965103e+03 1.000695e+04 9.992203e+03
14.5 9.944264e+03 9.962589e+03 1.000470e+04 9.986380e+03
15.5 9.921914e+03 9.963647e+03 1.000387e+04 9.962134e+03
16.5 9.890993e+03 9.963954e+03 1.000175e+04 9.928792e+03
17.5 9.938656e+03 9.965621e+03 9.994738e+03 9.967774e+03
18.5 9.959856e+03 9.985396e+03 9.989565e+03 9.964025e+03
19.5 9.962002e+03 1.001396e+04 9.992834e+03 9.940875e+03
20.5 9.967399e+03 1.003465e+04 9.999073e+03 9.931823e+03
21.5 9.985063e+03 1.004434e+04 1.000350e+04 9.944229e+03
22.5 9.999661e+03 1.004680e+04 1.000575e+04 9.958604e+03
23.5 1.006920e+04 1.004570e+04 1.000659e+04 1.003009e+04
24.5 1.010281e+04 1.004534e+04 1.000870e+04 1.006617e+04
25.5 1.009411e+04 1.004362e+04 1.001572e+04 1.006621e+04
0.5 9.890993e+03 9.963954e+03 1.000175e+04 9.928792e+03
1.5 9.938656e+03 9.965621e+03 9.994738e+03 9.967774e+03
2.5 9.959856e+03 9.985396e+03 9.989565e+03 9.964025e+03
3.5 9.962002e+03 1.001396e+04 9.992834e+03 9.940875e+03
4.5 9.967399e+03 1.003465e+04 9.999073e+03 9.931823e+03
5.5 9.985063e+03 1.004434e+04 1.000350e+04 9.944229e+03
6.5 9.999661e+03 1.004680e+04 1.000575e+04 9.958604e+03
7.5 1.006920e+04 1.004570e+04 1.000659e+04 1.003009e+04
8.5 1.010281e+04 1.004534e+04 1.000870e+04 1.006617e+04
9.5 1.009411e+04 1.004362e+04 1.001572e+04 1.006621e+04
10.5 1.007288e+04 1.002379e+04 1.002090e+04 1.006999e+04
11.5 1.003057e+04 9.995161e+03 1.001763e+04 1.005304e+04
12.5 9.975145e+03 9.974408e+03 1.001139e+04 1.001213e+04
13.5 9.967042e+03 9.964653e+03 1.000696e+04 1.000935e+04
14.5 9.969036e+03 9.962120e+03 1.000472e+04 1.001163e+04
15.5 9.943417e+03 9.963159e+03 1.000388e+04 9.984138e+03
16.5 9.954372e+03 9.963446e+03 1.000177e+04 9.992695e+03
17.5 9.967473e+03 9.965087e+03 9.994755e+03 9.997140e+03
18.5 1.000915e+04 9.984837e+03 9.989583e+03 1.001389e+04
19.5 1.007549e+04 1.001337e+04 9.992856e+03 1.005497e+04
20.5 1.004526e+04 1.003403e+04 9.999098e+03 1.001033e+04
21.5 1.003493e+04 1.004368e+04 1.000353e+04 9.994782e+03
22.5 1.003725e+04 1.004610e+04 1.000578e+04 9.996938e+03
23.5 1.003412e+04 1.004494e+04 1.000662e+04 9.995809e+03
24.5 1.006143e+04 1.004452e+04 1.000874e+04 1.002565e+04
25.5 1.008445e+04 1.004274e+04 1.001576e+04 1.005747e+04
0.5 9.954372e+03 9.963446e+03 1.000177e+04 9.992695e+03
1.5 9.967473e+03 9.965087e+03 9.994755e+03 9.997140e+03
2.5 1.000915e+04 9.984837e+03 9.989583e+03 1.001389e+04
3.5 1.007549e+04 1.001337e+04 9.992856e+03 1.005497e+04
4.5 1.004526e+04 1.003403e+04 9.999098e+03 1.001033e+04
5.5 1.003493e+04 1.004368e+04 1.000353e+04 9.994782e+03
6.5 1.003725e+04 1.004610e+04 1.000578e+04 9.996938e+03
7.5 1.003412e+04 1.004494e+04 1.000662e+04 9.995809e+03
8.5 1.006143e+04 1.004452e+04 1.000874e+04 1.002565e+04
9.5 1.008445e+04 1.004274e+04 1.001576e+04 1.005747e+04
10.5 1.003732e+04 1.002284e+04 1.002094e+04 1.003541e+04
11.5 9.998910e+03 9.994148e+03 1.001767e+04 1.002244e+04
12.5 9.982639e+03 9.973321e+03 1.001144e+04 1.002076e+04
13.5 9.938335e+03 9.963488e+03 1.000701e+04 9.981861e+03
14.5 9.911597e+03 9.960870e+03 1.000478e+04 9.955504e+03
15.5 9.910627e+03 9.961815e+03 1.000394e+04 9.952756e+03
16.5 9.908838e+03 9.961999e+03 1.000184e+04 9.948677e+03
17.5 9.942798e+03 9.963531e+03 9.994828e+03 9.974095e+03
18.5 9.989772e+03 9.983164e+03 9.989660e+03 9.996268e+03
19.5 1.003984e+04 1.001158e+04 9.992937e+03 1.002120e+04
20.5 1.008007e+04 1.003210e+04 9.999184e+03 1.004716e+04
21.5 1.006582e+04 1.004161e+04 1.000362e+04 1.002783e+04
22.5 1.004609e+04 1.004389e+04 1.000587e+04 1.000807e+04
23.5 1.004203e+04 1.004259e+04 1.000671e+04 1.000616e+04
24.5 1.003333e+04 1.004203e+04 1.000883e+04 1.000014e+04
25.5 1.000313e+04 1.004010e+04 1.001586e+04 9.978895e+03
0.5 9.908838e+03 9.961999e+03 1.000184e+04 9.948677e+03
1.5 9.942798e+03 9.963531e+03 9.994828e+03 9.974095e+03
2.5 9.989772e+03 9.983164e+03 9.989660e+03 9.996268e+03
3.5 1.003984e+04 1.001158e+04 9.992937e+03 1.002120e+04
4.5 1.008007e+04 1.003210e+04 9.999184e+03 1.004716e+04
5.5 1.006582e+04 1.004161e+04 1.000362e+04 1.002783e+04
6.5 1.004609e+04 1.004389e+04 1.000587e+04 1.000807e+04
7.5 1.004203e+04 1.004259e+04 1.000671e+04 1.000616e+04
8.5 1.003333e+04 1.004203e+04 1.000883e+04 1.000014e+04
9.5 1.000313e+04 1.004010e+04 1.001586e+04 9.978895e+03
10.5 1.003081e+04 1.002004e+04 1.002104e+04 1.003182e+04
11.5 1.002450e+04 9.991177e+03 1.001778e+04 1.005110e+04
12.5 1.002662e+04 9.970174e+03 1.001156e+04 1.006800e+04
13.5 1.000099e+04 9.960155e+03 1.000714e+04 1.004798e+04
14.5 9.959983e+03 9.957335e+03 1.000492e+04 1.000757e+04
15.5 9.911916e+03 9.958054e+03 1.000410e+04 9.957962e+03
16.5 9.897805e+03 9.957991e+03 1.000200e+04 9.941818e+03
17.5 9.901128e+03 9.959258e+03 9.995002e+03 9.936872e+03
18.5 9.923959e+03 9.978613e+03 9.989843e+03 9.935189e+03
19.5 9.982536e+03 1.000673e+04 9.993128e+03 9.968930e+03
20.5 1.002265e+04 1.002695e+04 9.999381e+03 9.995078e+03
21.5 1.003343e+04 1.003615e+04 1.000382e+04 1.000110e+04
22.5 1.001178e+04 1.003810e+04 1.000606e+04 9.979739e+03
23.5 1.005152e+04 1.003649e+04 1.000691e+04 1.002194e+04
24.5 1.010719e+04 1.003562e+04 1.000903e+04 1.008060e+04
0.5 9.897805e+03 9.957991e+03 1.000200e+04 9.941818e+03
1.5 9.901128e+03 9.959258e+03 9.995002e+03 9.936872e+03
2.5 9.923959e+03 9.978613e+03 9.989843e+03 9.935189e+03
3.5 9.982536e+03 1.000673e+04 9.993128e+03 9.968930e+03
4.5 1.002265e+04 1.002695e+04 9.999381e+03 9.995078e+03
5.5 1.003343e+04 1.003615e+04 1.000382e+04 1.000110e+04
6.5 1.001178e+04 1.003810e+04 1.000606e+04 9.979739e+03
7.5 1.005152e+04 1.003649e+04 1.000691e+04 1.002194e+04
8.5 1.010719e+04 1.003562e+04 1.000903e+04 1.008060e+04
