0.5 9.984315e+03 9.982974e+03 9.984510e+03 9.985851e+03
1.5 9.993623e+03 9.981592e+03 9.990470e+03 1.000250e+04
2.5 1.002000e+04 9.998905e+03 1.001339e+04 1.003449e+04
3.5 1.000593e+04 1.002579e+04 1.003736e+04 1.001750e+04
4.5 1.001145e+04 1.004538e+04 1.005091e+04 1.001698e+04
5.5 1.003391e+04 1.005429e+04 1.005549e+04 1.003511e+04
6.5 1.005559e+04 1.005612e+04 1.005514e+04 1.005460e+04
7.5 1.005765e+04 1.005448e+04 1.005269e+04 1.005586e+04
8.5 1.007740e+04 1.005365e+04 1.004977e+04 1.007352e+04
9.5 1.004532e+04 1.005149e+04 1.004061e+04 1.003444e+04
10.5 1.000932e+04 1.003124e+04 1.001520e+04 9.993286e+03
11.5 9.967552e+03 1.000223e+04 9.989474e+03 9.954794e+03
12.5 9.938772e+03 9.981115e+03 9.974608e+03 9.932265e+03
13.5 9.902905e+03 9.971017e+03 9.968951e+03 9.900839e+03
14.5 9.885509e+03 9.968160e+03 9.968347e+03 9.885697e+03
15.5 9.909638e+03 9.968890e+03 9.969926e+03 9.910674e+03
16.5 9.927996e+03 9.968887e+03 9.972047e+03 9.931156e+03
17.5 9.955432e+03 9.970259e+03 9.980447e+03 9.965619e+03
18.5 1.002029e+04 9.989762e+03 1.000514e+04 1.003567e+04
19.5 1.005006e+04 1.001807e+04 1.003019e+04 1.006217e+04
20.5 1.004490e+04 1.003853e+04 1.004441e+04 1.005079e+04
21.5 1.004117e+04 1.004799e+04 1.004946e+04 1.004264e+04
22.5 1.004720e+04 1.005025e+04 1.004948e+04 1.004643e+04
23.5 1.003311e+04 1.004896e+04 1.004736e+04 1.003151e+04
24.5 1.001922e+04 1.004842e+04 1.004471e+04 1.001551e+04
25.5 1.003066e+04 1.004654e+04 1.003582e+04 1.001994e+04
0.5 9.927996e+03 9.968887e+03 9.972047e+03 9.931156e+03
1.5 9.955432e+03 9.970259e+03 9.980447e+03 9.965619e+03
2.5 1.002029e+04 9.989762e+03 1.000514e+04 1.003567e+04
3.5 1.005006e+04 1.001807e+04 1.003019e+04 1.006217e+04
4.5 1.004490e+04 1.003853e+04 1.004441e+04 1.005079e+04
5.5 1.004117e+04 1.004799e+04 1.004946e+04 1.004264e+04
6.5 1.004720e+04 1.005025e+04 1.004948e+04 1.004643e+04
7.5 1.003311e+04 1.004896e+04 1.004736e+04 1.003151e+04
8.5 1.001922e+04 1.004842e+04 1.004471e+04 1.001551e+04
9.5 1.003066e+04 1.004654e+04 1.003582e+04 1.001994e+04
10.5 1.002459e+04 1.002655e+04 1.001067e+04 1.000870e+04
11.5 9.998039e+03 9.997786e+03 9.985174e+03 9.985427e+03
12.5 9.989418e+03 9.976904e+03 9.970537e+03 9.983050e+03
13.5 9.992612e+03 9.967031e+03 9.965100e+03 9.990681e+03
14.5 9.989876e+03 9.964390e+03 9.964708e+03 9.990194e+03
15.5 1.001479e+04 9.965330e+03 9.966493e+03 1.001596e+04
16.5 1.001735e+04 9.965532e+03 9.968815e+03 1.002064e+04
17.5 1.004120e+04 9.967102e+03 9.977408e+03 1.005151e+04
18.5 1.004542e+04 9.986796e+03 1.000228e+04 1.006091e+04
19.5 1.005618e+04 1.001529e+04 1.002751e+04 1.006840e+04
20.5 1.003540e+04 1.003591e+04 1.004190e+04 1.004139e+04
21.5 1.004527e+04 1.004555e+04 1.004711e+04 1.004683e+04
22.5 1.007314e+04 1.004796e+04 1.004728e+04 1.007246e+04
23.5 1.008578e+04 1.004681e+04 1.004530e+04 1.008426e+04
24.5 1.004516e+04 1.004642e+04 1.004279e+04 1.004153e+04
25.5 1.002894e+04 1.004466e+04 1.003402e+04 1.001830e+04
0.5 1.001735e+04 9.965532e+03 9.968815e+03 1.002064e+04
1.5 1.004120e+04 9.967102e+03 9.977408e+03 1.005151e+04
2.5 1.004542e+04 9.986796e+03 1.000228e+04 1.006091e+04
3.5 1.005618e+04 1.001529e+04 1.002751e+04 1.006840e+04
4.5 1.003540e+04 1.003591e+04 1.004190e+04 1.004139e+04
5.5 1.004527e+04 1.004555e+04 1.004711e+04 1.004683e+04
6.5 1.007314e+04 1.004796e+04 1.004728e+04 1.007246e+04
7.5 1.008578e+04 1.004681e+04 1.004530e+04 1.008426e+04
8.5 1.004516e+04 1.004642e+04 1.004279e+04 1.004153e+04
9.5 1.002894e+04 1.004466e+04 1.003402e+04 1.001830e+04
10.5 1.004158e+04 1.002479e+04 1.000898e+04 1.002576e+04
11.5 1.006332e+04 9.996142e+03 9.983597e+03 1.005078e+04
12.5 1.003621e+04 9.975368e+03 9.969064e+03 1.002990e+04
13.5 1.001381e+04 9.965597e+03 9.963725e+03 1.001194e+04
14.5 9.994396e+03 9.963052e+03 9.963426e+03 9.994771e+03
15.5 9.984236e+03 9.964085e+03 9.965301e+03 9.985452e+03
16.5 9.994373e+03 9.964373e+03 9.967704e+03 9.997704e+03
17.5 9.991314e+03 9.966021e+03 9.976371e+03 1.000166e+04
18.5 1.002857e+04 9.985786e+03 1.000131e+04 1.004410e+04
19.5 1.004600e+04 1.001434e+04 1.002660e+04 1.005826e+04
20.5 1.002411e+04 1.003503e+04 1.004105e+04 1.003013e+04
21.5 9.971807e+03 1.004472e+04 1.004631e+04 9.973398e+03
22.5 9.990267e+03 1.004718e+04 1.004653e+04 9.989616e+03
23.5 9.980733e+03 1.004608e+04 1.004459e+04 9.979245e+03
24.5 1.004853e+04 1.004572e+04 1.004212e+04 1.004493e+04
25.5 1.001631e+04 1.004401e+04 1.003340e+04 1.000569e+04
0.5 9.994373e+03 9.964373e+03 9.967704e+03 9.997704e+03
1.5 9.991314e+03 9.966021e+03 9.976371e+03 1.000166e+04
2.5 1.002857e+04 9.985786e+03 1.000131e+04 1.004410e+04
3.5 1.004600e+04 1.001434e+04 1.002660e+04 1.005826e+04
4.5 1.002411e+04 1.003503e+04 1.004105e+04 1.003013e+04
5.5 9.971807e+03 1.004472e+04 1.004631e+04 9.973398e+03
6.5 9.990267e+03 1.004718e+04 1.004653e+04 9.989616e+03
7.5 9.980733e+03 1.004608e+04 1.004459e+04 9.979245e+03
8.5 1.004853e+04 1.004572e+04 1.004212e+04 1.004493e+04
9.5 1.001631e+04 1.004401e+04 1.003340e+04 1.000569e+04
10.5 1.000683e+04 1.002419e+04 1.000840e+04 9.991038e+03
11.5 9.994866e+03 9.995578e+03 9.983055e+03 9.982343e+03
12.5 9.962043e+03 9.974840e+03 9.968557e+03 9.955760e+03
13.5 9.950358e+03 9.965103e+03 9.963250e+03 9.948505e+03
14.5 9.944264e+03 9.962589e+03 9.962979e+03 9.944654e+03
15.5 9.921914e+03 9.963647e+03 9.964875e+03 9.923142e+03
16.5 9.890993e+03 9.963954e+03 9.967295e+03 9.894334e+03
17.5 9.938656e+03 9.965621e+03 9.975977e+03 9.949013e+03
18.5 9.959856e+03 9.985396e+03 1.000093e+04 9.975386e+03
19.5 9.962002e+03 1.001396e+04 1.002622e+04 9.974263e+03
20.5 9.967399e+03 1.003465e+04 1.004067e+04 9.973420e+03
21.5 9.985063e+03 1.004434e+04 1.004593e+04 9.986654e+03
22.5 9.999661e+03 1.004680e+04 1.004615e+04 9.999008e+03
23.5 1.006920e+04 1.004570e+04 1.004420e+04 1.006771e+04
24.5 1.010281e+04 1.004534e+04 1.004173e+04 1.009920e+04
25.5 1.009411e+04 1.004362e+04 1.003300e+04 1.008348e+04
0.5 9.890993e+03 9.963954e+03 9.967295e+03 9.894334e+03
1.5 9.938656e+03 9.965621e+03 9.975977e+03 9.949013e+03
2.5 9.959856e+03 9.985396e+03 1.000093e+04 9.975386e+03
3.5 9.962002e+03 1.001396e+04 1.002622e+04 9.974263e+03
4.5 9.967399e+03 1.003465e+04 1.004067e+04 9.973420e+03
5.5 9.985063e+03 1.004434e+04 1.004593e+04 9.986654e+03
6.5 9.999661e+03 1.004680e+04 1.004615e+04 9.999008e+03
7.5 1.006920e+04 1.004570e+04 1.004420e+04 1.006771e+04
8.5 1.010281e+04 1.004534e+04 1.004173e+04 1.009920e+04
9.5 1.009411e+04 1.004362e+04 1.003300e+04 1.008348e+04
10.5 1.007288e+04 1.002379e+04 1.000799e+04 1.005708e+04
11.5 1.003057e+04 9.995161e+03 9.982629e+03 1.001804e+04
12.5 9.975145e+03 9.974408e+03 9.968114e+03 9.968850e+03
13.5 9.967042e+03 9.964653e+03 9.962788e+03 9.965177e+03
14.5 9.969036e+03 9.962120e+03 9.962498e+03 9.969414e+03
15.5 9.943417e+03 9.963159e+03 9.964374e+03 9.944632e+03
16.5 9.954372e+03 9.963446e+03 9.966771e+03 9.957698e+03
17.5 9.967473e+03 9.965087e+03 9.975427e+03 9.977813e+03
18.5 1.000915e+04 9.984837e+03 1.000035e+04 1.002466e+04
19.5 1.007549e+04 1.001337e+04 1.002561e+04 1.008772e+04
20.5 1.004526e+04 1.003403e+04 1.004002e+04 1.005126e+04
21.5 1.003493e+04 1.004368e+04 1.004524e+04 1.003649e+04
22.5 1.003725e+04 1.004610e+04 1.004541e+04 1.003657e+04
23.5 1.003412e+04 1.004494e+04 1.004341e+04 1.003260e+04
24.5 1.006143e+04 1.004452e+04 1.004088e+04 1.005779e+04
25.5 1.008445e+04 1.004274e+04 1.003208e+04 1.007378e+04
0.5 9.954372e+03 9.963446e+03 9.966771e+03 9.957698e+03
1.5 9.967473e+03 9.965087e+03 9.975427e+03 9.977813e+03
2.5 1.000915e+04 9.984837e+03 1.000035e+04 1.002466e+04
3.5 1.007549e+04 1.001337e+04 1.002561e+04 1.008772e+04
4.5 1.004526e+04 1.003403e+04 1.004002e+04 1.005126e+04
5.5 1.003493e+04 1.004368e+04 1.004524e+04 1.003649e+04
6.5 1.003725e+04 1.004610e+04 1.004541e+04 1.003657e+04
7.5 1.003412e+04 1.004494e+04 1.004341e+04 1.003260e+04
8.5 1.006143e+04 1.004452e+04 1.004088e+04 1.005779e+04
9.5 1.008445e+04 1.004274e+04 1.003208e+04 1.007378e+04
10.5 1.003732e+04 1.002284e+04 1.000700e+04 1.002147e+04
11.5 9.998910e+03 9.994148e+03 9.981569e+03 9.986331e+03
12.5 9.982639e+03 9.973321e+03 9.966977e+03 9.976295e+03
13.5 9.938335e+03 9.963488e+03 9.961569e+03 9.936416e+03
14.5 9.911597e+03 9.960870e+03 9.961189e+03 9.911916e+03
15.5 9.910627e+03 9.961815e+03 9.962965e+03 9.911777e+03
16.5 9.908838e+03 9.961999e+03 9.965256e+03 9.912095e+03
17.5 9.942798e+03 9.963531e+03 9.973797e+03 9.953065e+03
18.5 9.989772e+03 9.983164e+03 9.998598e+03 1.000521e+04
19.5 1.003984e+04 1.001158e+04 1.002373e+04 1.005199e+04
20.5 1.008007e+04 1.003210e+04 1.003801e+04 1.008598e+04
21.5 1.006582e+04 1.004161e+04 1.004309e+04 1.006729e+04
22.5 1.004609e+04 1.004389e+04 1.004312e+04 1.004531e+04
23.5 1.004203e+04 1.004259e+04 1.004097e+04 1.004041e+04
24.5 1.003333e+04 1.004203e+04 1.003829e+04 1.002959e+04
25.5 1.000313e+04 1.004010e+04 1.002933e+04 9.992367e+03
0.5 9.908838e+03 9.961999e+03 9.965256e+03 9.912095e+03
1.5 9.942798e+03 9.963531e+03 9.973797e+03 9.953065e+03
2.5 9.989772e+03 9.983164e+03 9.998598e+03 1.000521e+04
3.5 1.003984e+04 1.001158e+04 1.002373e+04 1.005199e+04
4.5 1.008007e+04 1.003210e+04 1.003801e+04 1.008598e+04
5.5 1.006582e+04 1.004161e+04 1.004309e+04 1.006729e+04
6.5 1.004609e+04 1.004389e+04 1.004312e+04 1.004531e+04
7.5 1.004203e+04 1.004259e+04 1.004097e+04 1.004041e+04
8.5 1.003333e+04 1.004203e+04 1.003829e+04 1.002959e+04
9.5 1.000313e+04 1.004010e+04 1.002933e+04 9.992367e+03
10.5 1.003081e+04 1.002004e+04 1.000409e+04 1.001486e+04
11.5 1.002450e+04 9.991177e+03 9.978487e+03 1.001181e+04
12.5 1.002662e+04 9.970174e+03 9.963712e+03 1.002016e+04
13.5 1.000099e+04 9.960155e+03 9.958108e+03 9.998947e+03
14.5 9.959983e+03 9.957335e+03 9.957511e+03 9.960160e+03
15.5 9.911916e+03 9.958054e+03 9.959049e+03 9.912912e+03
16.5 9.897805e+03 9.957991e+03 9.961083e+03 9.900897e+03
17.5 9.901128e+03 9.959258e+03 9.969351e+03 9.911220e+03
18.5 9.923959e+03 9.978613e+03 9.993865e+03 9.939210e+03
19.5 9.982536e+03 1.000673e+04 1.001870e+04 9.994503e+03
20.5 1.002265e+04 1.002695e+04 1.003267e+04 1.002836e+04
21.5 1.003343e+04 1.003615e+04 1.003742e+04 1.003470e+04
22.5 1.001178e+04 1.003810e+04 1.003713e+04 1.001081e+04
23.5 1.005152e+04 1.003649e+04 1.003468e+04 1.004971e+04
24.5 1.010719e+04 1.003562e+04 1.003169e+04 1.010326e+04
0.5 9.897805e+03 9.957991e+03 9.961083e+03 9.900897e+03
1.5 9.901128e+03 9.959258e+03 9.969351e+03 9.911220e+03
2.5 9.923959e+03 9.978613e+03 9.993865e+03 9.939210e+03
3.5 9.982536e+03 1.000673e+04 1.001870e+04 9.994503e+03
4.5 1.002265e+04 1.002695e+04 1.003267e+04 1.002836e+04
5.5 1.003343e+04 1.003615e+04 1.003742e+04 1.003470e+04
6.5 1.001178e+04 1.003810e+04 1.003713e+04 1.001081e+04
7.5 1.005152e+04 1.003649e+04 1.003468e+04 1.004971e+04
8.5 1.010719e+04 1.003562e+04 1.003169e+04 1.010326e+04
