1.053933e+04 1.045516e+04 1.045418e+04 1.054030e+04
1.038948e+04 1.045358e+04 1.045264e+04 1.039043e+04
1.040222e+04 1.045212e+04 1.045121e+04 1.040312e+04
1.041155e+04 1.045072e+04 1.044986e+04 1.041242e+04
1.049255e+04 1.044939e+04 1.044856e+04 1.049338e+04
1.049707e+04 1.044811e+04 1.044730e+04 1.049789e+04
1.062127e+04 1.044688e+04 1.044609e+04 1.062205e+04
1.042101e+04 1.044569e+04 1.044492e+04 1.042178e+04
1.049760e+04 1.044453e+04 1.044378e+04 1.049835e+04
1.046084e+04 1.044340e+04 1.044268e+04 1.046155e+04
1.044032e+04 1.044238e+04 1.044440e+04 1.043830e+04
1.047585e+04 1.045169e+04 1.046336e+04 1.046419e+04
1.055423e+04 1.048750e+04 1.050654e+04 1.053519e+04
1.053513e+04 1.052495e+04 1.054015e+04 1.051993e+04
1.061783e+04 1.054612e+04 1.055338e+04 1.061056e+04
1.050717e+04 1.055326e+04 1.055484e+04 1.050560e+04
1.045740e+04 1.055272e+04 1.055142e+04 1.045870e+04
1.051955e+04 1.054890e+04 1.054655e+04 1.052190e+04
1.057164e+04 1.054433e+04 1.053923e+04 1.057673e+04
1.045886e+04 1.053002e+04 1.051572e+04 1.047316e+04
1.052675e+04 1.049033e+04 1.046925e+04 1.054783e+04
1.041011e+04 1.045013e+04 1.043337e+04 1.042687e+04
1.030599e+04 1.042691e+04 1.041836e+04 1.031454e+04
1.031253e+04 1.041807e+04 1.041536e+04 1.031524e+04
1.031828e+04 1.041713e+04 1.041737e+04 1.031803e+04
1.030305e+04 1.041959e+04 1.042096e+04 1.030169e+04
1.030148e+04 1.042291e+04 1.042706e+04 1.029733e+04
1.050209e+04 1.043603e+04 1.044942e+04 1.048870e+04
1.050879e+04 1.047460e+04 1.049480e+04 1.048859e+04
1.046850e+04 1.051374e+04 1.052966e+04 1.045258e+04
1.060688e+04 1.053596e+04 1.054369e+04 1.059914e+04
1.040282e+04 1.054384e+04 1.054577e+04 1.040089e+04
1.053396e+04 1.054389e+04 1.054287e+04 1.053498e+04
1.052518e+04 1.054056e+04 1.053846e+04 1.052729e+04
1.052778e+04 1.053643e+04 1.053156e+04 1.053265e+04
1.061287e+04 1.052254e+04 1.050845e+04 1.062695e+04
1.051206e+04 1.048324e+04 1.046236e+04 1.053294e+04
1.036389e+04 1.044342e+04 1.042684e+04 1.038046e+04
1.040866e+04 1.042055e+04 1.041218e+04 1.041703e+04
1.048573e+04 1.041205e+04 1.040952e+04 1.048827e+04
1.043068e+04 1.041144e+04 1.041186e+04 1.043026e+04
1.046319e+04 1.041423e+04 1.041576e+04 1.046166e+04
1.053696e+04 1.041786e+04 1.042217e+04 1.053264e+04
1.050695e+04 1.043128e+04 1.044483e+04 1.049340e+04
1.048545e+04 1.047014e+04 1.049049e+04 1.046510e+04
1.053406e+04 1.050956e+04 1.052562e+04 1.051800e+04
1.049325e+04 1.053204e+04 1.053991e+04 1.048538e+04
1.057540e+04 1.054017e+04 1.054222e+04 1.057334e+04
1.062008e+04 1.054045e+04 1.053956e+04 1.062097e+04
1.053000e+04 1.053734e+04 1.053535e+04 1.053199e+04
1.062052e+04 1.053342e+04 1.052865e+04 1.062529e+04
1.058106e+04 1.051972e+04 1.050573e+04 1.059504e+04
1.048231e+04 1.048060e+04 1.045982e+04 1.050310e+04
1.059821e+04 1.044095e+04 1.042446e+04 1.061470e+04
1.055509e+04 1.041825e+04 1.040996e+04 1.056338e+04
1.041996e+04 1.040991e+04 1.040745e+04 1.042242e+04
1.045423e+04 1.040944e+04 1.040993e+04 1.045374e+04
1.037342e+04 1.041237e+04 1.041397e+04 1.037182e+04
1.038804e+04 1.041612e+04 1.042050e+04 1.038366e+04
1.052995e+04 1.042966e+04 1.044326e+04 1.051634e+04
1.055168e+04 1.046863e+04 1.048903e+04 1.053127e+04
1.051559e+04 1.050814e+04 1.052425e+04 1.049948e+04
1.041222e+04 1.053071e+04 1.053862e+04 1.040431e+04
1.042679e+04 1.053892e+04 1.054101e+04 1.042470e+04
1.049115e+04 1.053927e+04 1.053842e+04 1.049200e+04
1.042186e+04 1.053624e+04 1.053428e+04 1.042382e+04
1.054694e+04 1.053238e+04 1.052765e+04 1.055167e+04
1.044968e+04 1.051875e+04 1.050480e+04 1.046363e+04
1.038249e+04 1.047970e+04 1.045894e+04 1.040324e+04
1.038627e+04 1.044010e+04 1.042365e+04 1.040273e+04
1.033352e+04 1.041745e+04 1.040920e+04 1.034178e+04
1.042080e+04 1.040916e+04 1.040673e+04 1.042323e+04
1.036446e+04 1.040874e+04 1.040925e+04 1.036395e+04
1.043369e+04 1.041170e+04 1.041332e+04 1.043207e+04
1.040809e+04 1.041548e+04 1.041988e+04 1.040370e+04
1.041208e+04 1.042905e+04 1.044266e+04 1.039847e+04
1.056690e+04 1.046802e+04 1.048843e+04 1.054649e+04
1.044520e+04 1.050754e+04 1.052366e+04 1.042909e+04
1.049174e+04 1.053012e+04 1.053803e+04 1.048383e+04
1.047453e+04 1.053833e+04 1.054042e+04 1.047244e+04
1.051862e+04 1.053868e+04 1.053782e+04 1.051948e+04
1.061712e+04 1.053564e+04 1.053368e+04 1.061908e+04
1.045230e+04 1.053177e+04 1.052703e+04 1.045704e+04
1.058913e+04 1.051813e+04 1.050416e+04 1.060310e+04
1.045183e+04 1.047906e+04 1.045829e+04 1.047260e+04
1.039775e+04 1.043944e+04 1.042297e+04 1.041422e+04
1.044078e+04 1.041676e+04 1.040849e+04 1.044905e+04
1.051865e+04 1.040844e+04 1.040599e+04 1.052110e+04
1.040958e+04 1.040799e+04 1.040849e+04 1.040908e+04
1.037643e+04 1.041092e+04 1.041252e+04 1.037484e+04
1.033394e+04 1.041467e+04 1.041904e+04 1.032956e+04
1.057969e+04 1.042819e+04 1.044178e+04 1.056610e+04
1.051108e+04 1.046712e+04 1.048751e+04 1.049070e+04
1.060143e+04 1.050659e+04 1.052268e+04 1.058535e+04
1.048440e+04 1.052911e+04 1.053699e+04 1.047652e+04
1.053319e+04 1.053725e+04 1.053931e+04 1.053114e+04
1.048219e+04 1.053752e+04 1.053662e+04 1.048309e+04
1.050888e+04 1.053440e+04 1.053239e+04 1.051089e+04
1.052845e+04 1.053044e+04 1.052565e+04 1.053324e+04
1.049750e+04 1.051669e+04 1.050267e+04 1.051151e+04
1.053940e+04 1.047751e+04 1.045669e+04 1.056022e+04
1.033382e+04 1.043778e+04 1.042125e+04 1.035035e+04
1.039701e+04 1.041499e+04 1.040665e+04 1.040535e+04
1.041519e+04 1.040654e+04 1.040402e+04 1.041771e+04
1.033706e+04 1.040594e+04 1.040636e+04 1.033664e+04
1.040493e+04 1.040872e+04 1.041023e+04 1.040342e+04
1.030236e+04 1.041230e+04 1.041658e+04 1.029808e+04
1.049089e+04 1.042564e+04 1.043913e+04 1.047740e+04
1.050231e+04 1.046439e+04 1.048467e+04 1.048202e+04
1.061596e+04 1.050366e+04 1.051963e+04 1.059998e+04
1.052292e+04 1.052596e+04 1.053373e+04 1.051515e+04
1.056809e+04 1.053389e+04 1.053583e+04 1.056616e+04
1.055570e+04 1.053394e+04 1.053292e+04 1.055672e+04
1.057958e+04 1.053058e+04 1.052845e+04 1.058171e+04
1.050234e+04 1.052639e+04 1.052148e+04 1.050725e+04
1.054177e+04 1.051240e+04 1.049825e+04 1.055592e+04
1.039924e+04 1.047297e+04 1.045201e+04 1.042020e+04
1.054266e+04 1.043297e+04 1.041629e+04 1.055934e+04
1.043723e+04 1.040989e+04 1.040139e+04 1.044572e+04
1.046614e+04 1.040113e+04 1.039844e+04 1.046883e+04
1.024769e+04 1.040020e+04 1.040043e+04 1.024745e+04
1.022204e+04 1.040260e+04 1.040391e+04 1.022073e+04
1.028838e+04 1.040578e+04 1.040984e+04 1.028431e+04
1.035666e+04 1.041870e+04 1.043196e+04 1.034340e+04
1.050645e+04 1.045699e+04 1.047704e+04 1.048641e+04
1.051788e+04 1.049579e+04 1.051152e+04 1.050215e+04
1.045134e+04 1.051761e+04 1.052512e+04 1.044383e+04
1.046266e+04 1.052504e+04 1.052671e+04 1.046098e+04
1.050819e+04 1.052459e+04 1.052332e+04 1.050946e+04
1.051751e+04 1.052075e+04 1.051837e+04 1.051989e+04
1.072382e+04 1.051608e+04 1.051091e+04 1.072899e+04
1.062596e+04 1.050159e+04 1.049385e+04 1.063370e+04
