-0.0029125  0.000778927  0.000689351  -0.0172882  0.172174  0.142216  
-0.00120408  0.000255346  0.000409762  -0.0111678  0.180057  0.125297  
-0.00101855  0.00027832  0.00043097  -0.00414338  0.168632  0.0938739  
-0.00197884  7.58301e-05  0.000408705  -9.31907e-05  0.127781  0.0986758  
-0.00183306  0.000142552  0.00042554  -0.00724117  0.156464  0.0915601  
-0.00156845  -7.17836e-05  0.000178369  -0.0078158  0.197082  0.0978615  
-0.000799579  2.94236e-05  6.0681e-05  -0.0105039  0.174156  0.0928364  
-0.00149692  4.88294e-05  0.00012088  -0.00624735  0.127314  0.114647  
-0.0016265  0.000157272  0.00012088  -0.000191006  0.127299  0.0959103  
-0.00180738  -7.17836e-05  0.00012088  -0.0133246  0.162321  0.0850182  
-0.00103769  0.000200095  -0.000101027  -0.0138982  0.187337  0.0791615  
-0.000961432  0.000708219  0.00012088  -0.000215577  0.124518  0.0898891  
-0.000529925  0.000434903  0.00012088  -0.000201965  0.1102  0.0585918  
-0.00124945  0.000448898  0.00012088  -0.000188308  0.145429  0.0296046  
-0.00107313  0.000397272  0.00012088  -0.000177644  0.155914  0.0480894  
-0.0009027  0.000371505  4.27382e-05  -0.000218888  0.145475  0.0383343  
-0.00181381  0.000847254  0.000380842  0.0122761  0.091102  0.097374  
-0.000825312  0.000436562  0.000300729  0.0106459  0.100996  0.0343855  
-0.00141393  0.000253393  0.000541409  0.0168303  0.146248  0.0216958  
-0.000780439  0.000142247  0.000541409  0.0126356  0.146266  0.0243619  
-0.000780439  0.000317416  0.000541409  0.0151942  0.11873  0.0292036  
-0.00159085  0.000309165  0.000541409  0.020518  0.116648  0.0580956  
-0.00129075  0.000175679  0.000348016  0.00879745  0.153591  0.0733516  
-0.00159085  0.000408183  0.00018993  -0.000504688  0.137669  0.0733777  
-0.00225401  0.00047703  -1.89937e-05  -0.000438987  0.116939  0.0789482  
-0.00181773  0.00040106  7.43353e-05  0.00874442  0.0954824  0.0281088  
-0.00181773  -0.000181712  0.00028959  0.00213785  0.126967  0.0081167  
-0.00205705  -0.000223827  0.000502519  0.0174141  0.106364  0.00139812  
-0.00222062  1.60148e-05  0.00022053  0.0109494  0.103725  -0.00204793  
-0.00174752  -0.000292349  3.07582e-05  -0.000325828  0.103732  0.0167814  
-0.00105671  -0.000116693  3.07582e-05  -0.000339461  0.103788  -0.00239617  
-0.00209041  0.000230009  0.000394155  0.0172951  -0.0290964  0.0295435  
-0.00032365  -2.81369e-05  0.000407812  0.010443  0.110144  0.0114165  
-0.000495448  -0.000271326  0.000268881  -0.000310766  0.110176  -0.00233875  
-0.00106696  0.000139029  5.17685e-05  -0.000339703  0.0706464  0.0143524  
-0.00151463  0.000348911  -0.000260896  -0.00641223  0.0760806  0.0410377  
-0.00185849  5.65925e-05  -0.000260896  -0.0133077  0.104532  0.0371448  
-0.00133568  -0.000271326  -0.00011656  -0.000310736  0.0710293  -0.025031  
-0.00170392  -0.000271326  -0.000163254  -0.00031912  0.0375258  -0.0204933  
-0.00153363  -0.000271326  -0.000260896  -0.000319984  0.0796758  -0.0204948  
-0.000749646  -0.000271326  -0.000260896  -0.000319984  0.0985896  -0.0206743  
-0.00103401  -0.000182473  0.000125657  -0.000316121  0.000354965  -0.00102756  
-0.000623134  -0.000376749  0.000412561  0.0157052  0.0321187  0.00412274  
-0.00143614  -0.000486689  0.000412561  0.0226572  -0.00480438  -0.0115969  
-0.00209969  -0.000236614  0.000187887  0.0198851  0.0271858  0.00494672  
-0.000809645  -1.78348e-05  0.000412561  0.00589804  0.0251924  0.00803918  
4.01645e-05  3.37558e-05  -8.25661e-06  0.00589804  0.00170098  0.00803918  
-0.00105815  -1.78348e-05  -8.25661e-06  -0.0101743  0.0108129  0.00798215  
-0.00194554  -3.49896e-05  0.000117487  0.00588852  0.00166942  0.00241994  
-0.000127025  -0.000382967  -8.25661e-06  -0.00116237  0.00153313  -0.0980246  
0.00121657  -5.84262e-05  -8.25661e-06  0.0015678  -0.0189379  -0.183458  
0.000915413  0.000233446  -8.25661e-06  0.00587568  -0.038942  -0.15071  
0.000799352  -0.000216828  0.000323205  0.00584353  -0.0118384  -0.150701  
0.00106919  -0.00020133  0.000309421  0.00581749  -0.0564484  -0.13474  
0.00133371  -0.00020133  0.000323271  0.0058531  -0.067682  -0.145936  
0.000902466  -0.000428828  6.57319e-05  0.005816  0.00436737  -0.144137  
0.00132929  -6.84301e-05  3.31774e-05  0.00586778  -0.0683451  -0.111582  
0.000735347  -2.15095e-05  -9.44642e-05  0.00587447  -0.0595405  -0.11149  
0.000873156  -6.80678e-06  -9.44642e-05  0.00587197  -0.0113365  -0.108784  
0.0012335  9.78072e-05  -0.000222386  0.0106354  -0.0284317  -0.0986151  
0.00096167  -0.000142044  -9.44642e-05  0.00585068  -0.0616379  -0.0700833  
0.00128953  0.000260828  0.000270772  0.026692  -0.0724664  0.0357415  
0.00111512  -0.000296919  0.000146118  0.033264  -0.0324577  0.0092611  
0.00145077  -0.000265658  -9.44642e-05  0.0377371  -0.0616749  -0.028325  
0.00101907  -0.000171813  -0.000399178  0.0312144  -0.0393143  -0.0193331  
0.00203666  -0.000171813  -0.000427827  0.0229085  -0.124329  -0.0193029  
0.00105688  -0.000171813  -0.000518765  0.00396034  -0.0213749  -0.019319  
0.0022309  0.000132216  -0.000597754  -0.00440811  -0.195815  -0.0548265  
0.00230015  -5.43554e-05  -0.000518765  -0.00976684  -0.0984791  -0.0189148  
0.00262875  1.97981e-05  -0.000648893  -0.0111691  -0.110414  -0.0404719  
0.00268802  1.97981e-05  -0.000362066  0.0067233  -0.102856  -0.0435798  
0.00291731  0.000396814  -0.000518765  0.0174815  -0.0526812  -0.0620941  
0.00256405  0.00043369  -0.000518765  0.00671398  -0.0867549  -0.0684751  
0.00176714  0.00043673  -0.000518765  0.00669719  -0.0774534  -0.062154  
0.00192305  0.00043673  -0.000518765  0.00437161  -0.0552087  -0.0827835  
0.00224369  0.00063665  -0.000518765  -0.00282765  -0.0871006  -0.0827173  
0.00210917  0.000515698  -0.000828626  -0.00481158  -0.112818  -0.0826707  
0.00137172  0.000456734  -0.000518765  -0.00306882  -0.0787426  -0.0459498  
0.00198762  0.000674921  -0.000518765  -0.0128419  -0.0649309  -0.0808681  
0.00164644  0.000674921  -0.000852136  -0.0135125  -0.118233  -0.0818871  
0.00125155  0.000889857  -0.00079058  -0.0236494  -0.0863579  -0.0905427  
0.0016323  0.000674921  -0.000965099  -0.0135328  -0.118259  -0.118194  
0.00258712  0.000997426  -0.000918826  -0.0134658  -0.137863  -0.112332  
0.00112283  0.00074455  -0.000918826  -0.0134702  -0.0660434  -0.111921  
0.00169951  0.000581045  -0.000918826  -0.0134921  -0.0785621  -0.112271  
0.00139475  0.000803295  -0.000918825  -0.013467  -0.118146  -0.0949716  
0.00119846  0.00037243  -0.000918825  -0.0217609  -0.098395  -0.0789928  
0.00191064  0.000848583  -0.00109997  -0.0134737  -0.118173  -0.0890375  
0.00215947  0.00105307  -0.00081522  -0.0134778  -0.162011  -0.0812324  
0.000907375  0.000793601  -0.00102789  -0.0135956  -0.134255  -0.059976  
0.00135885  0.000880201  -0.00114369  -0.0136377  -0.129173  -0.0290217  
0.00133307  0.000837983  -0.000711085  0.00320031  -0.204829  -0.0290281  
0.000728453  0.00085148  -0.000685442  5.15497e-05  -0.174152  -0.0173313  
